5481.500244140625	0.0
5491.500244140625	0.0
5501.500244140625	1.081398928572681e-09
5511.500244140625	1.5960004599657736e-09
5521.500244140625	2.105128271996527e-09
5531.500244140625	2.762253996772213e-09
5541.500244140625	2.9452376830684307e-09
5551.500244140625	3.311631942206371e-09
5561.500244140625	3.522025487508108e-09
5571.500244140625	3.830845889350546e-09
5581.500244140625	3.148807271346894e-09
5591.500244140625	1.880172330908026e-09
5601.500244140625	1.8334044856565847e-09
5611.500244140625	2.197265209058654e-09
5621.500244140625	2.1341362923685904e-09
5631.500244140625	2.226145586153438e-09
5641.500244140625	2.693316046838885e-09
5651.500244140625	3.6703825950760654e-09
5661.500244140625	5.223023689062754e-09
5671.500244140625	6.113208059395695e-09
5681.500244140625	8.03824411594165e-09
5691.500244140625	7.967209340498566e-09
5701.500244140625	9.678437091315822e-09
5711.500244140625	9.867799118172905e-09
5721.500244140625	1.1455847452538606e-08
5731.500244140625	1.0099250357000714e-08
5741.500244140625	9.430334357887156e-09
5751.500244140625	8.906223414042645e-09
5761.500244140625	1.0169507401405709e-08
5771.500244140625	1.1177047121439385e-08
5781.500244140625	1.1260659848946091e-08
5791.500244140625	1.1698854670407673e-08
5801.500244140625	1.3676898661484565e-08
5811.500244140625	1.6895049101800892e-08
5821.500244140625	1.9565242961811326e-08
5831.500244140625	2.2211587727895882e-08
5841.500244140625	2.3055585155126565e-08
5851.500244140625	2.3916951137951104e-08
5861.500244140625	2.458376004774401e-08
5871.500244140625	3.1596720213444995e-08
5881.500244140625	3.7830608004222536e-08
5891.500244140625	4.2776549900134506e-08
5901.500244140625	4.861966330206245e-08
5911.500244140625	5.32592007378282e-08
5921.500244140625	6.23156963350263e-08
5931.500244140625	6.757068148925422e-08
5941.500244140625	8.483614722736099e-08
5951.500244140625	9.707191359596043e-08
5961.500244140625	1.1518271302178743e-07
5971.500244140625	1.765988073864151e-07
5981.500244140625	4.0521037265652834e-07
5991.500244140625	1.4055402155844066e-06
6001.500244140625	4.854666126417971e-06
6011.500244140625	1.8214577800116853e-05
6021.500244140625	8.83284101631451e-05
6031.500244140625	0.0003775512353705
6041.500244140625	0.0015049815642955
6051.500244140625	0.0049710477656894
6061.500244140625	0.0125127939544483
6071.500244140625	0.024955392265484
6081.500244140625	0.0413201682716545
6091.500244140625	0.0589591063219066
6101.500244140625	0.0750895376443897
6111.500244140625	0.087981852733242
6121.500244140625	0.09753977551166
6131.500244140625	0.1044581846401448
6141.500244140625	0.109947958765774
6151.500244140625	0.1148396351804116
6161.500244140625	0.1197851526067181
6171.500244140625	0.1249562983997017
6181.500244140625	0.1301240625462628
6191.500244140625	0.1351672075326754
6201.500244140625	0.1400571876071194
6211.500244140625	0.1439953215669975
6221.500244140625	0.1470077761751955
6231.500244140625	0.1489374440134638
6241.500244140625	0.1512660064590657
6251.500244140625	0.1534609123248789
6261.500244140625	0.1549709881646158
6271.500244140625	0.1560740176008764
6281.500244140625	0.1568198578362734
6291.500244140625	0.1573144241792615
6301.500244140625	0.1574419663091059
6311.500244140625	0.1574712753793942
6321.500244140625	0.1579158740255159
6331.500244140625	0.159320775954128
6341.500244140625	0.1617392394823999
6351.500244140625	0.1647985199911877
6361.500244140625	0.1679560220649491
6371.500244140625	0.1708289417484697
6381.500244140625	0.1731097145298098
6391.500244140625	0.174975296542567
6401.500244140626	0.1766549857270997
6411.500244140626	0.1784866730990798
6421.500244140626	0.1803116750387868
6431.500244140626	0.1820359698831399
6441.500244140626	0.1834244242034864
6451.500244140626	0.1843889745662916
6461.500244140626	0.1850972296945889
6471.500244140626	0.1859328475690391
6481.500244140626	0.1872055491611529
6491.500244140626	0.1888516952150038
6501.500244140626	0.1905199390409323
6511.500244140624	0.1920520514327796
6521.500244140624	0.1932025915530397
6531.500244140624	0.1937280991139539
6541.500244140624	0.1938384826268871
6551.500244140624	0.1936760331290286
6561.500244140624	0.1933758879451623
6571.500244140624	0.1929345846409926
6581.500244140624	0.1926747453010381
6591.500244140624	0.1928811861957891
6601.500244140624	0.1935710545018769
6611.500244140624	0.1948574547387513
6621.500244140625	0.1968549170786937
6631.500244140625	0.199486006853617
6641.500244140625	0.2023973901798671
6651.500244140625	0.2052457374771025
6661.500244140625	0.2074871297412685
6671.500244140625	0.2087307827695606
6681.500244140625	0.2090893955229401
6691.500244140625	0.2090882741480784
6701.500244140625	0.2089719741131172
6711.500244140625	0.2086698570233691
6721.500244140625	0.2082156772337527
6731.500244140625	0.2079287449568936
6741.500244140625	0.2078429880742227
6751.500244140625	0.2079649620821897
6761.500244140625	0.2083962855357404
6771.500244140625	0.2091739667645444
6781.500244140625	0.2105638146140008
6791.500244140625	0.2124882460619565
6801.500244140625	0.2148642094680938
6811.500244140625	0.2173222045719523
6821.500244140625	0.2193540766827286
6831.500244140625	0.2208590817904114
6841.500244140625	0.2221881070084305
6851.500244140625	0.2234190848998486
6861.500244140625	0.2246673185165615
6871.500244140625	0.2259236948342068
6881.500244140625	0.227437176981549
6891.500244140625	0.22917413263732
6901.500244140625	0.2306269128989678
6911.500244140625	0.2311098846467404
6921.500244140625	0.230379537274916
6931.500244140625	0.2282088388530827
6941.500244140625	0.2249603250145078
6951.500244140625	0.2215919660926185
6961.500244140625	0.2189804238081151
6971.500244140625	0.2181021458920499
6981.500244140625	0.219149571287084
6991.500244140625	0.2221215386252452
7001.500244140625	0.2263495995024416
7011.500244140625	0.2310855737111647
7021.500244140625	0.2352958609097457
7031.500244140625	0.2384966121992953
7041.500244140625	0.2404464862837227
7051.500244140625	0.2416131698350857
7061.500244140625	0.2424930326945977
7071.500244140625	0.2435967721050047
7081.500244140625	0.245023619820478
7091.500244140625	0.2466443453413553
7101.500244140625	0.2474490007711118
7111.500244140625	0.246921250455235
7121.500244140625	0.2449734411575125
7131.500244140625	0.2424169441519924
7141.500244140625	0.2407229761171224
7151.500244140625	0.2402742944926889
7161.500244140625	0.241069587524471
7171.500244140625	0.2415843758443712
7181.500244140625	0.2408622661952578
7191.500244140625	0.2387361309107786
7201.500244140625	0.236075079586104
7211.500244140625	0.2344886377738776
7221.500244140625	0.2354586614584679
7231.500244140625	0.2394627603968545
7241.500244140625	0.2456940403689808
7251.500244140625	0.252793785182778
7261.500244140625	0.2597051897057808
7271.500244140625	0.2653365625056617
7281.500244140625	0.2694554424793722
7291.500244140625	0.2719998341473514
7301.500244140625	0.2734056748059775
7311.500244140625	0.2733688863015875
7321.500244140625	0.2721836602870097
7331.500244140625	0.2700855630081488
7341.500244140625	0.2672644161303921
7351.500244140625	0.2641000606331659
7361.500244140625	0.2614889080688575
7371.500244140625	0.2600327353718683
7381.500244140625	0.259946748264441
7391.500244140625	0.2607483257284556
7401.500244140625	0.2618956997107551
7411.500244140625	0.262983799601249
7421.500244140625	0.2641035980475571
7431.500244140625	0.2660149473756835
7441.500244140625	0.269134575597936
7451.500244140625	0.2736220535920342
7461.500244140625	0.2785359681909551
7471.500244140625	0.2834096190019404
7481.500244140625	0.2871278649778052
7491.500244140625	0.2899279774822194
7501.500244140625	0.2915684944071089
7511.500244140625	0.292498809728827
7521.500244140625	0.2924446199328294
7531.500244140625	0.2908601477939878
7541.500244140625	0.2875985589014378
7551.500244140625	0.2828618709993082
7561.500244140625	0.2778211740821003
7571.500244140625	0.2737848271706818
7581.500244140625	0.2715723387522546
7591.500244140625	0.2711221450729488
7601.500244140625	0.2717271569892996
7611.500244140625	0.2729235427578196
7621.500244140625	0.2745842544244051
7631.500244140625	0.2772695060896625
7641.500244140625	0.2814741447997622
7651.500244140626	0.287345975372973
7661.500244140626	0.2934451301653671
7671.500244140626	0.298723577530755
7681.500244140626	0.3014838054994396
7691.500244140626	0.3020055286389088
7701.500244140626	0.300249734613064
7711.500244140626	0.2976043805691315
7721.500244140626	0.2941305603990684
7731.500244140626	0.2898818549553561
7741.500244140626	0.2845301002431871
7751.500244140626	0.278163299907644
7761.500244140624	0.270561161392928
7771.500244140624	0.2595432024650138
7781.500244140624	0.2432451389406595
7791.500244140624	0.220000039843282
7801.500244140624	0.1911584325900351
7811.500244140624	0.158822800771145
7821.500244140624	0.1263211017291594
7831.500244140624	0.096181968876009
7841.500244140624	0.0703589930591957
7851.500244140624	0.0495963025354332
7861.500244140624	0.03384838965079
7871.500244140625	0.0226101473589746
7881.500244140625	0.0150278169154542
7891.500244140625	0.0101077627853566
7901.500244140625	0.0069809934631213
7911.500244140625	0.0048946406242272
7921.500244140625	0.0035155335332837
7931.500244140625	0.0025008613549894
7941.500244140625	0.0017952540415747
7951.500244140625	0.0013055422284093
7961.500244140625	0.0009581027125398
7971.500244140625	0.0007084499411735
7981.500244140625	0.0005260239685615
7991.500244140625	0.0003943809877585
8001.500244140625	0.0002987338150431
8011.500244140625	0.0002275631357325
8021.500244140625	0.0001739785051345
8031.500244140625	0.0001341526115003
8041.500244140625	0.0001046850479658
8051.500244140625	8.296191924367472e-05
8061.500244140625	6.658213419664175e-05
8071.500244140625	5.407559599563781e-05
8081.500244140625	4.4319597376009696e-05
8091.500244140625	3.667467489531473e-05
8101.500244140625	3.066074864598863e-05
8111.500244140625	2.57247312597207e-05
8121.500244140625	2.1916697341005383e-05
8131.500244140625	1.8832923063638205e-05
8141.500244140625	1.6497754881075802e-05
8151.500244140625	1.4658905116758006e-05
8161.500244140625	1.33344605706176e-05
8171.500244140625	1.216399500318315e-05
8181.500244140625	1.1167898585198246e-05
8191.500244140625	1.0206908019059933e-05
8201.500244140625	9.497208739976082e-06
8211.500244140625	8.902510549345824e-06
8221.500244140625	8.476482992929797e-06
8231.500244140625	8.047349944900271e-06
8241.500244140625	7.704882079921498e-06
8251.500244140625	7.32616737940513e-06
8261.500244140625	7.0701791775138185e-06
8271.500244140625	6.878110853352556e-06
8281.500244140625	6.7863753870655e-06
8291.500244140625	6.636329542343842e-06
8301.500244140625	6.3708514590869205e-06
8311.500244140625	6.095020784790441e-06
8321.500244140625	5.951504869465202e-06
8331.500244140625	6.0045989675283896e-06
8341.500244140625	6.070805176117233e-06
8351.500244140625	5.927839682328835e-06
8361.500244140625	5.509089159785483e-06
8371.500244140625	4.974180206689346e-06
8381.500244140625	4.480854741554035e-06
8391.500244140625	4.277622134657882e-06
8401.500244140625	4.383607050453117e-06
8411.500244140625	4.726648414909189e-06
8421.500244140625	5.041938130255554e-06
8431.500244140625	5.093675760119404e-06
8441.500244140625	4.992152558873201e-06
8451.500244140625	4.6145130638424785e-06
8461.500244140625	4.249446613788194e-06
8471.500244140625	3.756731485805932e-06
8481.500244140625	3.3902238501291764e-06
8491.500244140625	3.121093269688726e-06
8501.500244140625	0.0
8511.500244140625	0.0
