7475.4998779296875	0.0
7485.4998779296875	0.0
7495.4998779296875	4.182846350087425e-07
7505.4998779296875	4.412206244062606e-07
7515.4998779296875	4.710297376448015e-07
7525.4998779296875	4.481336721061807e-07
7535.4998779296875	4.837941998025577e-07
7545.4998779296875	4.6681518656051283e-07
7555.4998779296875	4.665816849306081e-07
7565.4998779296875	4.3284029544069956e-07
7575.4998779296875	4.740687104015235e-07
7585.4998779296875	5.251171911696865e-07
7595.4998779296875	5.289357237515526e-07
7605.4998779296875	5.474034662861059e-07
7615.4998779296875	5.381298982883143e-07
7625.4998779296875	6.025703579239388e-07
7635.4998779296875	6.003462006418971e-07
7645.4998779296875	6.166930637921904e-07
7655.4998779296875	6.44892724908062e-07
7665.4998779296875	6.54814383227887e-07
7675.4998779296875	7.108684430148247e-07
7685.4998779296875	7.599362182791068e-07
7695.4998779296875	9.995078878366016e-07
7705.4998779296875	1.1519863413287054e-06
7715.4998779296875	1.56372291248191e-06
7725.4998779296875	2.0728263440608396e-06
7735.499877929688	3.068897647281187e-06
7745.499877929688	4.643446107925947e-06
7755.499877929688	6.863935495256633e-06
7765.499877929688	9.969073520027286e-06
7775.499877929688	1.412670547174318e-05
7785.499877929688	1.9873025055598612e-05
7795.499877929688	2.6976235809173627e-05
7805.499877929688	3.7861748139719794e-05
7815.499877929688	5.3972578157481096e-05
7825.499877929688	8.131677067200107e-05
7835.499877929688	0.0001349330590467
7845.499877929687	0.0002337516670641
7855.499877929687	0.0004548201264428
7865.499877929687	0.0009871689492808
7875.499877929687	0.0022389610004614
7885.499877929687	0.0052753913390311
7895.499877929687	0.012399292745604
7905.499877929687	0.0261275066855854
7915.499877929687	0.0489861945537191
7925.499877929687	0.0805627871845739
7935.499877929687	0.1190202079242582
7945.499877929687	0.1569201353343646
7955.4998779296875	0.1907886100981637
7965.4998779296875	0.2192662082577441
7975.4998779296875	0.240280669009364
7985.4998779296875	0.2551947625402244
7995.4998779296875	0.2647344321400545
8005.4998779296875	0.2713981581051854
8015.4998779296875	0.2745860955446509
8025.4998779296875	0.2754563718117466
8035.4998779296875	0.2759119740103385
8045.4998779296875	0.2770345562824466
8055.4998779296875	0.2778671427930023
8065.4998779296875	0.2770416189952713
8075.4998779296875	0.2736416157912026
8085.4998779296875	0.269034847566012
8095.4998779296875	0.26560626140884
8105.4998779296875	0.2650214539207954
8115.4998779296875	0.2670545952020233
8125.4998779296875	0.2704077272416257
8135.4998779296875	0.2726315938570938
8145.4998779296875	0.2750148167152274
8155.4998779296875	0.2743290967628009
8165.4998779296875	0.2740820548354781
8175.4998779296875	0.2759598380010698
8185.4998779296875	0.2805784659981319
8195.499877929688	0.2854147166095861
8205.499877929688	0.2920082949846578
8215.499877929688	0.2968670334769658
8225.499877929688	0.2991574757785594
8235.499877929688	0.2998933101658027
8245.499877929688	0.299220144349082
8255.499877929688	0.2959417252722578
8265.499877929688	0.2927054033419237
8275.499877929688	0.290913175851732
8285.499877929688	0.2907741402299769
8295.499877929688	0.2919270505132038
8305.499877929688	0.2927836441567557
8315.499877929688	0.2933443206857051
8325.499877929688	0.2927231655174336
8335.499877929688	0.2909992622879208
8345.499877929688	0.2888091331826193
8355.499877929688	0.2889076162503513
8365.499877929688	0.2899240944843723
8375.499877929688	0.2920919804168669
8385.499877929688	0.2946763364855424
8395.499877929688	0.2967356804974895
8405.499877929688	0.2987920557717908
8415.499877929688	0.3004995587443476
8425.499877929688	0.3020239668560384
8435.499877929688	0.3033667122416098
8445.499877929688	0.3047813950795427
8455.499877929688	0.3048435306033004
8465.499877929688	0.3050361986283035
8475.499877929688	0.3037582266894745
8485.499877929688	0.3034612931876443
8495.499877929688	0.3045578274546146
8505.499877929688	0.3055639805497133
8515.499877929688	0.3077071400173969
8525.499877929688	0.3072240826250063
8535.499877929688	0.3064801893761154
8545.499877929688	0.3059225519181875
8555.499877929688	0.3041962826308932
8565.499877929688	0.3040780267168392
8575.499877929688	0.3039876513235234
8585.499877929688	0.3049491869627782
8595.499877929688	0.3044217851283302
8605.499877929688	0.3057491839004393
8615.499877929688	0.305904677184965
8625.499877929688	0.3043462110924491
8635.499877929688	0.3039967894568773
8645.499877929688	0.3060273434198353
8655.499877929688	0.3070986205315815
8665.499877929688	0.3115101003091119
8675.499877929688	0.3132194780340888
8685.499877929688	0.3139586415292452
8695.499877929688	0.3159598353220779
8705.499877929688	0.3186576614341654
8715.499877929688	0.3173878326981381
8725.499877929688	0.3199144724928766
8735.499877929688	0.3201535778536009
8745.499877929688	0.3203111184636842
8755.499877929688	0.3169569469379256
8765.499877929688	0.316157566493341
8775.499877929688	0.3180608446044763
8785.499877929688	0.3163969922204707
8795.499877929688	0.3127333287732676
8805.499877929688	0.3153088277698367
8815.499877929688	0.3130278808234022
8825.499877929688	0.3132481015837609
8835.499877929688	0.3121957365388247
8845.499877929688	0.312523801434487
8855.499877929688	0.3064358199696683
8865.499877929688	0.3030382373027507
8875.499877929688	0.3081052542050141
8885.499877929688	0.3149277834112449
8895.499877929688	0.3127184354825578
8905.499877929688	0.3139414162839088
8915.499877929688	0.3209682413918858
8925.499877929688	0.3236834247526164
8935.499877929688	0.3246483481818001
8945.499877929688	0.3256999775865861
8955.499877929688	0.3261945034075023
8965.499877929688	0.3247743620333503
8975.499877929688	0.3234973325300723
8985.499877929688	0.3221376364075077
8995.499877929688	0.3210371630936884
9005.499877929688	0.3199801925076593
9015.499877929688	0.3180307837219064
9025.499877929688	0.3169117262633303
9035.499877929688	0.3142728329162008
9045.499877929688	0.312540097650816
9055.499877929688	0.3130542507722095
9065.499877929688	0.3114702537244648
9075.499877929688	0.3102239284286554
9085.499877929688	0.3118049087083829
9095.499877929688	0.3128381712977517
9105.499877929688	0.3155003436888993
9115.499877929688	0.3175817794987435
9125.499877929688	0.3203329270449709
9135.499877929688	0.3244284269022083
9145.499877929688	0.3268882886118504
9155.499877929688	0.3301756365234064
9165.499877929688	0.3349727977475958
9175.499877929688	0.336428862171682
9185.499877929688	0.3392663562588053
9195.499877929688	0.3399717774765302
9205.499877929688	0.3398569384853558
9215.499877929688	0.3408590900270024
9225.499877929688	0.3401144140501608
9235.499877929688	0.3393893905675474
9245.499877929688	0.3366575881503883
9255.499877929688	0.3359694382306049
9265.499877929688	0.3344921502844802
9275.499877929688	0.332481239885666
9285.499877929688	0.3306987049698532
9295.499877929688	0.3302761496191869
9305.499877929688	0.3292928918284385
9315.499877929688	0.3290840834246726
9325.499877929688	0.328771732035201
9335.499877929688	0.328107884604722
9345.499877929688	0.3279044593941019
9355.499877929688	0.3272963314030334
9365.499877929688	0.3268934614746397
9375.499877929688	0.3270625970188432
9385.499877929688	0.3263787828869761
9395.499877929688	0.3268834248657791
9405.499877929688	0.3283317774422757
9415.499877929688	0.3290172058329019
9425.499877929688	0.3312458474649493
9435.499877929688	0.3330871312695638
9445.499877929688	0.3358895065977754
9455.499877929688	0.3373678013660808
9465.499877929688	0.3388980607956199
9475.499877929688	0.3383358538756851
9485.499877929688	0.3378279275360932
9495.49987792969	0.3374868654552764
9505.49987792969	0.3361608860728638
9515.49987792969	0.3364003494732982
9525.49987792969	0.3335877288026125
9535.49987792969	0.3330717207238086
9545.49987792969	0.3312573398317574
9555.49987792969	0.330418609087678
9565.49987792969	0.3290116181534995
9575.49987792969	0.3276146574985698
9585.49987792969	0.3283845545428567
9595.49987792969	0.3291820641638944
9605.49987792969	0.3302870826995885
9615.49987792969	0.3318756127092443
9625.49987792969	0.3342945451752873
9635.49987792969	0.3367525535675484
9645.49987792969	0.3394367677028719
9655.499877929688	0.3412631525098693
9665.499877929688	0.3428306058776853
9675.499877929688	0.3442579789335396
9685.499877929688	0.3452748955863625
9695.499877929688	0.346571542204436
9705.499877929688	0.3454596952363986
9715.499877929688	0.34519315863776
9725.499877929688	0.3446121586628726
9735.499877929688	0.3438358771158789
9745.499877929688	0.3413753488171049
9755.499877929688	0.3419749789519898
9765.499877929688	0.3393366448505928
9775.499877929688	0.3378495767746182
9785.499877929688	0.3359748406509783
9795.499877929688	0.3342103343088152
9805.499877929688	0.3318304173011716
9815.499877929688	0.3327200379815248
9825.499877929688	0.3332352487339161
9835.499877929688	0.334799532012932
9845.499877929688	0.3370145066705803
9855.499877929688	0.3405779917491766
9865.499877929688	0.3422669423073086
9875.499877929688	0.3448113269896247
9885.499877929688	0.3460651144585218
9895.499877929688	0.3470196058969119
9905.499877929688	0.3469980128586745
9915.499877929688	0.346088597860182
9925.499877929688	0.3457892952934407
9935.499877929688	0.3440781448050841
9945.499877929688	0.3426885933473055
9955.499877929688	0.343509422609943
9965.499877929688	0.3425525111804601
9975.499877929688	0.3418666765427293
9985.499877929688	0.3390175950430107
9995.499877929688	0.3340239171754528
10005.49987792969	0.3225937260510311
10015.499877929688	0.303121565374721
10025.49987792969	0.2728830074449159
10035.499877929688	0.233441325128859
10045.49987792969	0.1936264035561468
10055.499877929688	0.1567953819688375
10065.49987792969	0.1291240369091803
10075.499877929688	0.1041182768025649
10085.49987792969	0.086309668469142
10095.499877929688	0.070215046267088
10105.49987792969	0.0598357708833484
10115.499877929688	0.0500039403205123
10125.49987792969	0.0435606267177938
10135.499877929688	0.0369415421159337
10145.49987792969	0.0325582122318148
10155.499877929688	0.0277629435171505
10165.49987792969	0.0245331464885793
10175.499877929688	0.0207923442862026
10185.49987792969	0.0174912728823278
10195.499877929688	0.0140776815298445
10205.49987792969	0.0108901599528619
10215.499877929688	0.0081290564289131
10225.49987792969	0.0058659372291594
10235.499877929688	0.0043379964698475
10245.50048828125	0.0030449314124834
10255.50048828125	0.0021598114123718
10265.50048828125	0.0015128204238605
10275.50048828125	0.0010854879175359
10285.50048828125	0.0007882334651631
10295.50048828125	0.000563380788663
10305.50048828125	0.000432522336737
10315.50048828125	0.0003200621820122
10325.50048828125	0.0002425483806029
10335.50048828125	0.0001837728769072
10345.50048828125	0.0001425952128124
10355.50048828125	0.0001094173233269
10365.50048828125	8.686609514248543e-05
10375.50048828125	6.97248760916191e-05
10385.50048828125	5.456074102794463e-05
10395.50048828125	4.501892999448506e-05
10405.50048828125	3.64768967843825e-05
10415.50048828125	2.9819319294133437e-05
10425.50048828125	2.44940436481317e-05
10435.50048828125	2.042101916945023e-05
10445.50048828125	1.7536113977159e-05
10455.50048828125	1.4560030597758696e-05
10465.50048828125	1.2660093713325597e-05
10475.50048828125	1.1322205433492694e-05
10485.50048828125	9.37247774167596e-06
10495.50048828125	8.864744309003073e-06
10505.50048828125	7.821770300742615e-06
10515.50048828125	6.989687053761813e-06
10525.50048828125	6.27152402712852e-06
10535.50048828125	5.7298177642891426e-06
10545.50048828125	4.4670341429176816e-06
10555.50048828125	5.146527068136075e-06
10565.50048828125	5.247784017111214e-06
10575.50048828125	4.430173199942176e-06
10585.50048828125	4.5000350460513645e-06
10595.50048828125	4.025531692291111e-06
10605.50048828125	3.79223698152398e-06
10615.500488281252	3.7590262612277703e-06
10625.50048828125	3.728658254405471e-06
10635.500488281252	2.97599261613128e-06
10645.50048828125	3.3389397404721295e-06
10655.500488281252	2.8936722312108067e-06
10665.50048828125	3.950183536293572e-06
10675.500488281252	3.0318257794446507e-06
10685.50048828125	3.5698849475546423e-06
10695.500488281252	3.0621812961735626e-06
10705.50048828125	3.2644480809782968e-06
10715.500488281248	0.0
10725.50048828125	0.0
