9682.000122070312	0.0
9692.000122070312	0.0
9702.000122070312	5.178362062028729e-06
9712.000122070312	6.147106810879723e-06
9722.000122070312	7.1410325911220855e-06
9732.000122070312	8.1381874467981e-06
9742.000122070312	9.05650932346835e-06
9752.000122070312	9.95677067861624e-06
9762.000122070312	1.0880562923046692e-05
9772.000122070312	1.201634345788777e-05
9782.000122070312	1.3472597538165258e-05
9792.000122070312	1.5467604698429306e-05
9802.000122070312	1.81377805621606e-05
9812.000122070312	2.174569312160969e-05
9822.000122070312	2.6635005146681534e-05
9832.000122070312	3.3133643419972855e-05
9842.000122070312	4.152450224843489e-05
9852.000122070312	5.222948515683088e-05
9862.000122070312	6.529264336074028e-05
9872.000122070312	8.091873250498767e-05
9882.000122070312	9.916839758230236e-05
9892.000122070312	0.0001200399444219
9902.000122070312	0.0001437507413414
9912.000122070312	0.0001701471937483
9922.000122070312	0.0001999333065174
9932.000122070312	0.0002339545068562
9942.000122070312	0.0002737498695661
9952.000122070312	0.000321174471132
9962.000122070312	0.0003800629540571
9972.000122070312	0.000455462826879
9982.000122070312	0.0134376314318523
9992.000122070312	0.0279657030484528
10002.00012207031	0.0442454973471297
10012.000122070312	0.0493036469259645
10022.00012207031	0.0553218651299619
10032.000122070312	0.0614800649867973
10042.00012207031	0.0691439286818366
10052.000122070312	0.0776190232998803
10062.00012207031	0.0886274103222663
10072.000122070312	0.101011832897465
10082.00012207031	0.1150551947491355
10092.000122070312	0.1306958843412066
10102.00012207031	0.1473521711632157
10112.000122070312	0.1655494164834499
10122.00012207031	0.1838172417056084
10132.000122070312	0.2025431407975169
10142.00012207031	0.2192071669298667
10152.000122070312	0.2335657819179712
10162.00012207031	0.2439029772929703
10172.000122070312	0.2512399552720792
10182.00012207031	0.254887602044816
10192.000122070312	0.2567343198480987
10202.000122070312	0.2567596093578186
10212.000122070312	0.2570561347386915
10222.000122070312	0.2564798225620746
10232.000122070312	0.2563585607506357
10241.999511718748	0.2557429961638559
10251.99951171875	0.2561438028911366
10261.999511718748	0.2563792835715987
10271.99951171875	0.257386094706781
10281.999511718748	0.2585139461135749
10291.99951171875	0.259638796392112
10301.999511718748	0.2612007937892939
10311.99951171875	0.2627015901591987
10321.999511718748	0.265159007121201
10331.99951171875	0.2667455988799931
10341.99951171875	0.2694286057482363
10351.99951171875	0.2713932983120785
10361.99951171875	0.273332245075956
10371.99951171875	0.2737048723939437
10381.99951171875	0.2757186091240258
10391.99951171875	0.2771409037505645
10401.99951171875	0.2791104941932679
10411.99951171875	0.2794517438194979
10421.99951171875	0.2805746836992456
10431.99951171875	0.2810016338190041
10441.99951171875	0.2817028411229332
10451.99951171875	0.2822485667391423
10461.99951171875	0.2835054000461222
10471.99951171875	0.284547391385233
10481.99951171875	0.2854582095087923
10491.99951171875	0.286237873510067
10501.99951171875	0.2870833474618759
10511.99951171875	0.2883507406236736
10521.99951171875	0.2893006837916571
10531.99951171875	0.2901497597087376
10541.99951171875	0.2912053903032189
10551.99951171875	0.2913871247248786
10561.99951171875	0.2916997035234972
10571.99951171875	0.2913025877058975
10581.99951171875	0.2915720585321736
10591.99951171875	0.2913307039647628
10601.99951171875	0.2903486761966111
10611.99951171875	0.289414084182503
10621.99951171875	0.2880081497514156
10631.99951171875	0.2863138671850078
10641.99951171875	0.2848395934298878
10651.99951171875	0.2834137468270501
10661.99951171875	0.2822575326477874
10671.99951171875	0.2799545918994133
10681.99951171875	0.2780954655688075
10691.99951171875	0.2757279089360791
10701.99951171875	0.2733956451945845
10711.99951171875	0.2714012700075412
10721.99951171875	0.2693811270361122
10731.99951171875	0.2680255312755528
10741.99951171875	0.2662289531575365
10751.99951171875	0.2651854952838468
10761.99951171875	0.2645873792100722
10771.99951171875	0.2640319244680337
10781.99951171875	0.2641336955590542
10791.99951171875	0.2636080191758442
10801.99951171875	0.2640657004959645
10811.99951171875	0.2647629872827669
10821.99951171875	0.2658141526391524
10831.99951171875	0.2662555974289881
10841.99951171875	0.2673997398791633
10851.99951171875	0.2683430644707747
10861.99951171875	0.2701906257951794
10871.99951171875	0.2713029200202904
10881.99951171875	0.2735032971058654
10891.99951171875	0.2754013779123558
10901.99951171875	0.2781232425678585
10911.99951171875	0.2805623899034658
10921.99951171875	0.2832094416867537
10931.99951171875	0.2855719684783807
10941.99951171875	0.2880144755226492
10951.99951171875	0.2904721716935319
10961.99951171875	0.2922881511938096
10971.99951171875	0.2950921611376647
10981.99951171875	0.2975074292047021
10991.99951171875	0.2998665490009417
11001.99951171875	0.300636725486911
11011.99951171875	0.3017350492481006
11021.99951171875	0.3030066606140245
11031.99951171875	0.3044262089448426
11041.99951171875	0.3050058553554571
11051.99951171875	0.3060889430949298
11061.99951171875	0.3065394581634111
11071.99951171875	0.3068784963669285
11081.99951171875	0.3064245468613501
11091.99951171875	0.3061424348922325
11101.99951171875	0.3066098528444108
11111.99951171875	0.3065031144575508
11121.99951171875	0.3066886407726288
11131.99951171875	0.3062134575960375
11141.99951171875	0.3060985186375398
11151.999511718752	0.3056028310433384
11161.99951171875	0.3046220603017157
11171.999511718752	0.3038460446785453
11181.99951171875	0.3028890660947668
11191.999511718752	0.3022689754922632
11201.99951171875	0.3020985118046278
11211.999511718752	0.3012744272607946
11221.99951171875	0.300646804791224
11231.999511718752	0.2993080650466117
11241.99951171875	0.299313502342855
11251.999511718752	0.2989846903885861
11261.99951171875	0.2994903149460269
11271.999511718752	0.2997200701092279
11281.99951171875	0.300701024876126
11291.999511718752	0.3011640723648728
11301.99951171875	0.3017656184487504
11311.999511718752	0.3022636315596783
11321.99951171875	0.3035747973051402
11331.999511718752	0.304438270998728
11341.99951171875	0.3055042349214465
11351.999511718752	0.3061268627043793
11361.99951171875	0.3073790221039741
11371.999511718748	0.3089434131021434
11381.99951171875	0.3098171281562403
11391.999511718748	0.311480803026428
11401.99951171875	0.3123010265472903
11411.999511718748	0.3143690827481683
11421.99951171875	0.3166830613851207
11431.999511718748	0.3193705847337806
11441.99951171875	0.3222315745287563
11451.999511718748	0.3246012075208396
11461.99951171875	0.3264050183112618
11471.999511718748	0.3280722767233355
11481.99951171875	0.3296315054354261
11491.999511718748	0.3321247525047902
11501.99951171875	0.3341379460330994
11511.999511718748	0.3362124341938879
11521.99951171875	0.3382019028157699
11531.999511718748	0.3396671841713658
11541.99951171875	0.3413554658131593
11551.999511718748	0.3431237486513572
11561.99951171875	0.3452329844348334
11571.999511718748	0.347398205478546
11581.99951171875	0.3491728518181266
11591.99951171875	0.3518384715168509
11601.99951171875	0.3528246112315949
11611.99951171875	0.3546999886228004
11621.99951171875	0.3557235177681498
11631.99951171875	0.357767837566082
11641.99951171875	0.358846566115472
11651.99951171875	0.3600774303300725
11661.99951171875	0.3611555379554195
11671.99951171875	0.3624830457279802
11681.99951171875	0.3631068793516812
11691.99951171875	0.3638549962556655
11701.99951171875	0.3645005688941503
11711.99951171875	0.3649967680214309
11721.99951171875	0.3656602086964625
11731.99951171875	0.3659023821912923
11741.99951171875	0.3664779847616358
11751.99951171875	0.3669034897192287
11761.99951171875	0.3667535481923103
11771.99951171875	0.3672163053772119
11781.99951171875	0.366942600436022
11791.99951171875	0.366780045537086
11801.99951171875	0.3664334233225412
11811.99951171875	0.366849107810189
11821.99951171875	0.3674248443248625
11831.99951171875	0.3669868018503448
11841.99951171875	0.3663895419301519
11851.99951171875	0.3656697661937899
11861.99951171875	0.3650657425731434
11871.99951171875	0.3635706050013891
11881.99951171875	0.362953623290698
11891.99951171875	0.3629992441921729
11901.99951171875	0.3633831984052433
11911.99951171875	0.3625404271437986
11921.99951171875	0.3605322623126826
11931.99951171875	0.3597467958155172
11941.99951171875	0.3587449662544509
11951.99951171875	0.3577616517408477
11961.99951171875	0.3563004682473597
11971.99951171875	0.3557009203169455
11981.99951171875	0.3551991019135878
11991.99951171875	0.3547404639630395
12001.99951171875	0.3541224342769671
12011.99951171875	0.3541336956222798
12021.99951171875	0.354073884976375
12031.99951171875	0.3532631755388658
12041.99951171875	0.3534253675266775
12051.99951171875	0.3531806760900194
12061.99951171875	0.3530223088502396
12071.99951171875	0.3527954378182864
12081.99951171875	0.3526748456351612
12091.99951171875	0.3537552974392791
12101.99951171875	0.3534512002019947
12111.99951171875	0.3542663750395324
12121.99951171875	0.3540952629727857
12131.99951171875	0.355432295524848
12141.99951171875	0.3557480206486695
12151.99951171875	0.3567807518208983
12161.99951171875	0.3568133673454186
12171.99951171875	0.357311924758328
12181.99951171875	0.3586816787933592
12191.99951171875	0.3598501586606682
12201.99951171875	0.3611194405956132
12211.99951171875	0.3623716448787362
12221.99951171875	0.3641840936689122
12231.99951171875	0.3659986879461335
12241.99951171875	0.3672434023404157
12251.99951171875	0.3686321895295901
12261.99951171875	0.3703123579513006
12271.99951171875	0.3724402246488206
12281.99951171875	0.3741106004823959
12291.99951171875	0.3754569788805987
12301.99951171875	0.3773347304577609
12311.99951171875	0.3784903498835046
12321.99951171875	0.3803486863289914
12331.99951171875	0.3809670957696491
12341.99951171875	0.3826372329842566
12351.99951171875	0.3835571187543516
12361.99951171875	0.3844454629525834
12371.99951171875	0.3848074212467506
12381.99951171875	0.3854677263887828
12391.99951171875	0.3857034267286102
12401.999511718752	0.3869017609546787
12411.99951171875	0.3875658310253649
12421.999511718752	0.3891434501328037
12431.99951171875	0.389885991593079
12441.999511718752	0.3913666932896639
12451.99951171875	0.392344229335359
12461.999511718752	0.3932099673671643
12471.99951171875	0.3933950914815692
12481.999511718752	0.3940889097629174
12491.99951171875	0.3952215952322595
12501.999511718752	0.3958278681921556
12511.99951171875	0.3974062420164973
12521.999511718752	0.3984008237196427
12531.99951171875	0.3993775362320396
12541.999511718752	0.3992787545393514
12551.99951171875	0.399081993907552
12561.999511718752	0.3993603095188098
12571.99951171875	0.4003333370892626
12581.999511718752	0.4004194968663011
12591.99951171875	0.4006258815124481
12601.999511718752	0.4004589239322578
12611.99951171875	0.4009479950551565
12621.999511718748	0.4011986432399292
12631.99951171875	0.4011379806565003
12641.999511718748	0.4011487489217379
12651.99951171875	0.401499260008442
12661.999511718748	0.400761415994227
12671.99951171875	0.401037775193456
12681.999511718748	0.4007344999204089
12691.99951171875	0.4006480103674267
12701.999511718748	0.398569304463394
12711.99951171875	0.3954522964991397
12721.999511718748	0.3902023876744968
12731.99951171875	0.3841916288432748
12741.999511718748	0.3748512454686701
12751.99951171875	0.3625086454739322
12761.999511718748	0.3450838886910506
12771.99951171875	0.3241874416694547
12781.999511718748	0.2987943287772499
12791.99951171875	0.2706268495258263
12801.999511718748	0.2406161609318293
12811.99951171875	0.2109400497782682
12821.999511718748	0.1830708150026357
12831.99951171875	0.1581583822539352
12841.99951171875	0.1361992519331587
12851.99951171875	0.1172852130845099
12861.99951171875	0.1004193245535715
12871.99951171875	0.0862924329728978
12881.99951171875	0.0739035097767136
12891.99951171875	0.0641394010652895
12901.99951171875	0.0557163909301939
12911.99951171875	0.048871497714817
12921.99951171875	0.0426377025307757
12931.99951171875	0.0377485138154953
12941.99951171875	0.0333132827258796
12951.99951171875	0.0296770755638811
12961.99951171875	0.0259535956434606
12971.99951171875	0.0222974832042826
12981.99951171875	0.0185520640346287
12991.99951171875	0.0151917926350845
13001.99951171875	0.0123757200124226
13011.99951171875	0.0100268420831639
13021.99951171875	0.0081268184690906
13031.99951171875	0.0065863234746544
13041.99951171875	0.0053696531550021
13051.99951171875	0.0043719986043519
13061.99951171875	0.0035642405975796
13071.99951171875	0.0029145979784498
13081.99951171875	0.002399890631661
13091.99951171875	0.0019923806444446
13101.99951171875	0.0016602666138098
13111.99951171875	0.0013875803854281
13121.99951171875	0.0011642524818746
13131.99951171875	0.0009839123012589
13141.99951171875	0.0008321072840199
13151.99951171875	0.0007065602912387
13161.99951171875	0.0006005512395227
13171.99951171875	0.0005129609973228
13181.99951171875	0.0004396957080025
13191.99951171875	0.0003776387347836
13201.99951171875	0.0003246502509517
13211.99951171875	0.0002808893732789
13221.99951171875	0.0002440480045247
13231.99951171875	0.0002131025310674
13241.99951171875	0.0001857603385229
13251.99951171875	0.0001620219163902
13261.99951171875	0.0001425194211001
13271.99951171875	0.0001254152033742
13281.99951171875	0.0001108477090732
13291.99951171875	9.72216263371575e-05
13301.99951171875	8.658622819948657e-05
13311.99951171875	7.703973729958409e-05
13321.99951171875	6.898542449739752e-05
13331.99951171875	6.154039133103231e-05
13341.99951171875	5.5328383833142946e-05
13351.99951171875	4.946348652937833e-05
13361.99951171875	4.448088930882249e-05
13371.99951171875	4.014281596232927e-05
13381.99951171875	3.63538060422801e-05
13391.99951171875	3.2932342254917755e-05
13401.99951171875	2.994338714525137e-05
13411.99951171875	2.7436507075301086e-05
13421.99951171875	2.5284475435984788e-05
13431.99951171875	2.335597429448613e-05
13441.99951171875	2.170050256789616e-05
13451.99951171875	1.984685754280584e-05
13461.99951171875	1.7976840239944962e-05
13471.99951171875	1.6726616501986555e-05
13481.99951171875	1.5449010218007017e-05
13491.99951171875	1.41159759002335e-05
13501.99951171875	1.277168509510213e-05
13511.99951171875	1.2094702060817831e-05
13521.99951171875	1.121624067072139e-05
13531.99951171875	1.0612857346367936e-05
13541.99951171875	9.382569330001462e-06
13551.999511718748	0.0
13561.99951171875	0.0
