12483.499755859375	0.0
12493.499755859377	0.0
12503.499755859375	3.265735876009335e-06
12513.499755859375	3.6408830528648343e-06
12523.499755859375	4.441374271332097e-06
12533.499755859375	5.278716384351547e-06
12543.499755859375	4.442727735546751e-06
12553.499755859375	5.101081200384248e-06
12563.499755859375	5.632693536047912e-06
12573.499755859375	5.541263993100637e-06
12583.499755859375	6.0338197090895246e-06
12593.499755859375	6.702886443849019e-06
12603.499755859375	8.145743105584463e-06
12613.499755859375	7.361154098019592e-06
12623.499755859375	8.84219138206704e-06
12633.499755859375	1.042451143866524e-05
12643.499755859375	1.250288494408692e-05
12653.499755859375	1.3138906533898558e-05
12663.499755859375	1.5609800708795386e-05
12673.499755859375	1.6325317865800288e-05
12683.499755859375	2.0787061213442277e-05
12693.499755859375	2.241689957775135e-05
12703.499755859375	2.6499685908153915e-05
12713.499755859375	3.1431411839502915e-05
12723.499755859375	3.475798691235654e-05
12733.499755859375	4.055524573796413e-05
12743.499755859375	4.331662956380593e-05
12753.499755859375	5.0092644622900815e-05
12763.499755859375	5.7342125127289275e-05
12773.499755859375	6.676195162606084e-05
12783.499755859375	7.287698607429959e-05
12793.499755859375	8.548254266883061e-05
12803.499755859375	9.492387449071412e-05
12813.499755859375	0.0001073329187624
12823.499755859375	0.0001207663090651
12833.499755859375	0.0001440426520782
12843.499755859375	0.0001584595313311
12853.499755859375	0.0001799311788874
12863.499755859375	0.0002022681835932
12873.499755859375	0.0002416943069142
12883.499755859375	0.0002766767700738
12893.499755859375	0.0003199052506878
12903.499755859375	0.0003887219420504
12913.499755859375	0.0004431717290163
12923.499755859375	0.0005333832455843
12933.499755859377	0.0006079895299525
12943.499755859375	0.0007361680752059
12953.499755859377	0.0009002702684848
12963.499755859375	0.0010920172385664
12973.499755859377	0.0013246263081966
12983.499755859375	0.0015990138411748
12993.499755859377	0.0019582745947059
13003.499755859375	0.0023726989315552
13013.499755859377	0.0029300288272885
13023.499755859375	0.0035406752912506
13033.499755859377	0.0043438996874148
13043.499755859375	0.0053253425062236
13053.499755859377	0.0061186755339687
13063.499755859375	0.0076295696026598
13073.499755859377	0.008910798784955
13083.499755859375	0.0100638892772196
13093.499755859377	0.0114357622307904
13103.499755859375	0.0127287396514264
13113.499755859377	0.0144905510644318
13123.499755859375	0.0151214107800236
13133.499755859377	0.0176447485465119
13143.499755859375	0.0195313525197436
13153.499755859377	0.0225729853193857
13163.499755859375	0.0252961029053972
13173.499755859377	0.0291293875823724
13183.499755859375	0.0334155680302579
13193.499755859377	0.0393670253267396
13203.499755859375	0.0445586000845901
13213.499755859377	0.0525450690814897
13223.499755859375	0.0603151376941402
13233.499755859377	0.0728763105677154
13243.499755859375	0.081184754930841
13253.499755859377	0.0969254788897703
13263.499755859375	0.1120309122100726
13273.499755859377	0.1318022117148467
13283.499755859377	0.1559634814450602
13293.499755859377	0.1793365779045745
13303.499755859377	0.2078617987862782
13313.499755859377	0.2337253708743416
13323.499755859377	0.2709364887772163
13333.499755859377	0.3023125486212277
13343.499755859377	0.3341480108803011
13353.499755859377	0.3561282565055036
13363.499755859377	0.3761695267279863
13373.499755859375	0.4018945970123708
13383.499755859377	0.403807017442304
13393.499755859375	0.4222133365959835
13403.499755859377	0.4227209244067057
13413.499755859375	0.4245161189531371
13423.499755859377	0.4320964740492199
13433.499755859375	0.4253863352945548
13443.499755859377	0.4289092189770395
13453.499755859375	0.4316380110148614
13463.499755859377	0.4312857800514499
13473.499755859375	0.4281281260182064
13483.499755859377	0.4382948499761043
13493.499755859375	0.4307385653275108
13503.499755859373	0.4397195118660887
13513.499755859375	0.4309262379886046
13523.499755859373	0.4369636912770177
13533.499755859375	0.4340545457065837
13543.499755859373	0.4295652883671577
13553.499755859375	0.4377427274362072
13563.499755859373	0.4345849089609571
13573.499755859375	0.4322083795419668
13583.499755859373	0.4334694337212645
13593.499755859375	0.4273645320493574
13603.499755859373	0.4379777445476528
13613.499755859375	0.4370272752137146
13623.499755859373	0.4323505738417184
13633.499755859375	0.4324904903751624
13643.499755859373	0.436170328187048
13653.499755859375	0.4365351217966013
13663.499755859373	0.4340029463724383
13673.499755859375	0.4398812087176562
13683.499755859373	0.4328525873385
13693.499755859375	0.4363443294458115
13703.499755859373	0.4369277668827904
13713.499755859375	0.4334049312794608
13723.499755859375	0.4343646676076177
13733.499755859375	0.4367208420409073
13743.499755859375	0.4293055146985221
13753.499755859375	0.4328508354938349
13763.499755859375	0.4277089347405808
13773.499755859375	0.424444526170335
13783.499755859375	0.4266299297877767
13793.499755859375	0.4229780568906582
13803.499755859375	0.4220323207871627
13813.499755859375	0.4218312134597597
13823.499755859375	0.4167495668232937
13833.499755859375	0.4178616914457315
13843.499755859375	0.42016493152018
13853.499755859375	0.4120114298643978
13863.499755859375	0.4228145338571943
13873.499755859375	0.415211710421106
13883.499755859375	0.4157368369790523
13893.499755859375	0.4145340908720031
13903.499755859375	0.4189444714970376
13913.499755859375	0.4124172013557687
13923.499755859375	0.4193056846936825
13933.499755859375	0.4158716044043464
13943.499755859375	0.4166853641263178
13953.499755859375	0.4154321706502168
13963.499755859375	0.4135828699656708
13973.499755859375	0.4148516682873846
13983.499755859375	0.4246757945239118
13993.499755859375	0.4181478271817834
14003.499755859375	0.4180027994232227
14013.499755859375	0.4192189587382206
14023.499755859375	0.4209091137486507
14033.499755859375	0.4236921224664365
14043.499755859375	0.4286317465251671
14053.499755859375	0.4282280634456652
14063.499755859375	0.4239356728243492
14073.499755859375	0.4309155779848066
14083.499755859375	0.4319777564663872
14093.499755859375	0.4317714687140981
14103.499755859375	0.436610359936825
14113.499755859375	0.4351460368111753
14123.499755859375	0.4367801112298869
14133.499755859375	0.4407994225835264
14143.499755859375	0.4333961392754193
14153.499755859375	0.4436052611931892
14163.499755859375	0.4435408977507417
14173.499755859375	0.445163211522249
14183.499755859377	0.4477214256874755
14193.499755859375	0.4470172474184273
14203.499755859377	0.4426631957501292
14213.499755859375	0.45232330650195
14223.499755859377	0.4465079056559024
14233.499755859375	0.4501220414268447
14243.499755859377	0.4502326471355185
14253.499755859375	0.4496415532906214
14263.499755859377	0.4526201279304161
14273.499755859375	0.4496639444915492
14283.499755859377	0.448404565198908
14293.499755859375	0.4507341038437949
14303.499755859377	0.4551358519856534
14313.499755859375	0.4527109411703113
14323.499755859377	0.4495067388448393
14333.499755859375	0.449719021426198
14343.499755859377	0.4496506254647536
14353.499755859375	0.4493526462325877
14363.499755859377	0.448807725619595
14373.499755859375	0.4491072458424102
14383.499755859377	0.4493934883653166
14393.499755859375	0.4483665353817048
14403.499755859377	0.4513128287495042
14413.499755859375	0.4487046790951013
14423.499755859377	0.4480462638567161
14433.499755859375	0.4519410465837714
14443.499755859377	0.4503304744732782
14453.499755859375	0.4523196521917415
14463.499755859377	0.4503856807493439
14473.499755859375	0.4533787919623817
14483.499755859377	0.4553236510451244
14493.499755859375	0.4567288666503451
14503.499755859377	0.4506238982642722
14513.499755859375	0.4567310363375634
14523.499755859377	0.4579197398524295
14533.499755859377	0.4597276236860046
14543.499755859377	0.4597877426707105
14553.499755859377	0.4625074012126993
14563.499755859377	0.4556921124745198
14573.499755859377	0.460891809223427
14583.499755859377	0.4666100108926643
14593.499755859377	0.463251247489946
14603.499755859377	0.4635863457655086
14613.499755859377	0.4648429130427476
14623.499755859375	0.465234559259662
14633.499755859377	0.4647548393713468
14643.499755859375	0.4688457229585299
14653.499755859377	0.4647946180416782
14663.499755859375	0.4620416454705551
14673.499755859377	0.4671629823059023
14683.499755859375	0.4563072622904287
14693.499755859377	0.4526898961416883
14703.499755859375	0.4462739583863287
14713.499755859377	0.4362200463898543
14723.499755859375	0.4217049571640133
14733.499755859377	0.4013203858900669
14743.499755859375	0.3795528936889668
14753.499755859373	0.3501150426170376
14763.499755859375	0.3267944561835868
14773.499755859373	0.2916496723617345
14783.499755859375	0.2594294873558456
14793.499755859373	0.2247903039397467
14803.499755859375	0.1949238458071796
14813.499755859373	0.1678796134273411
14823.499755859375	0.1415863304512812
14833.499755859373	0.1216429458412687
14843.499755859375	0.1050196204823843
14853.499755859373	0.0891404727219463
14863.499755859375	0.0761534714414262
14873.499755859373	0.0638325871476931
14883.499755859375	0.0585881893881468
14893.499755859373	0.0482256107439606
14903.499755859375	0.0424388346026257
14913.499755859373	0.0368533333905865
14923.499755859375	0.0324097827140632
14933.499755859373	0.0289367083105698
14943.499755859375	0.0250647188663346
14953.499755859373	0.0232934283866847
14963.499755859375	0.0208597268714775
14973.499755859375	0.0188126931975435
14983.499755859375	0.0165622905699871
14993.499755859375	0.014762619807707
15003.499755859375	0.0125220370427819
15013.499755859375	0.0103669311363312
15023.499755859375	0.0086453265988306
15033.499755859375	0.007151874539711
15043.499755859375	0.0059623406203225
15053.499755859375	0.0049761031541461
15063.499755859375	0.0041356234651071
15073.499755859375	0.0035515893418748
15083.499755859375	0.0030056642533984
15093.499755859375	0.0025824166977585
15103.499755859375	0.0021958102461997
15113.499755859375	0.0018798404336848
15123.499755859375	0.0016249968452157
15133.499755859375	0.0014000955192089
15143.499755859375	0.001252105633155
15153.499755859375	0.0010719507455996
15163.499755859375	0.0009452912046393
15173.499755859375	0.0008259205282422
15183.499755859375	0.0007358760460804
15193.499755859375	0.0006478199805168
15203.499755859375	0.0005687156792176
15213.499755859375	0.0005152502415065
15223.499755859375	0.0004522687677365
15233.499755859375	0.0004141435502061
15243.499755859375	0.00036935471169
15253.499755859375	0.0003268418474256
15263.499755859375	0.0002972896390875
15273.499755859375	0.0002672604148689
15283.499755859375	0.0002441786540987
15293.499755859375	0.0002173005708965
15303.499755859375	0.0001972399211233
15313.499755859375	0.0001807533660382
15323.499755859375	0.0001622778026361
15333.499755859375	0.000148293670277
15343.499755859375	0.0001351058318747
15353.499755859375	0.0001211652320306
15363.499755859375	0.0001123661313705
15373.499755859375	0.0001026739520508
15383.499755859375	9.407339879052094e-05
15393.499755859375	8.514326825792229e-05
15403.499755859375	7.848953408574305e-05
15413.499755859375	7.039470353095668e-05
15423.499755859375	6.443991200983945e-05
15433.499755859377	6.043555431711914e-05
15443.499755859375	5.540449539408354e-05
15453.499755859377	4.951421592102493e-05
15463.499755859375	4.5774223441780384e-05
15473.499755859377	4.374718338550269e-05
15483.499755859375	3.7753952892309366e-05
15493.499755859377	3.6050783766489185e-05
15503.499755859375	3.310878758215998e-05
15513.499755859377	0.0
15523.499755859371	0.0
