12487.900390624995	0.0
12497.900390625	0.0
12507.900390625	6.280406450838143e-06
12517.900390625	7.119599957613067e-06
12527.900390625	7.5743557123743235e-06
12537.900390625	8.06053112884963e-06
12547.900390625	9.065765711831664e-06
12557.900390625	9.812783030274073e-06
12567.900390625	1.0591494035315243e-05
12577.900390625	1.134743669490493e-05
12587.900390625	1.247558906305329e-05
12597.900390625	1.350686869605098e-05
12607.900390625	1.5023545316608989e-05
12617.900390625	1.609793691258475e-05
12627.900390625	1.819422577288739e-05
12637.900390625002	1.993089047694223e-05
12647.900390625	2.1869320375509694e-05
12657.900390625002	2.4352198117748532e-05
12667.900390625	2.682710225920108e-05
12677.900390625002	2.9847937040317552e-05
12687.900390625	3.295687338503962e-05
12697.900390625002	3.6573341750516385e-05
12707.900390625	4.148360409305824e-05
12717.900390625002	4.6201098523117806e-05
12727.900390625	5.2359501340381384e-05
12737.900390625002	5.875703283311242e-05
12747.900390625	6.672917008183066e-05
12757.900390625002	7.59119751132737e-05
12767.900390625	8.67164618423473e-05
12777.900390625002	9.868752425069076e-05
12787.900390625	0.0001129040164274
12797.900390625002	0.0001293220962808
12807.900390625	0.0001482762759543
12817.900390625002	0.0001704311616997
12827.900390625	0.0001955102595927
12837.900390625002	0.0002243138868054
12847.900390625	0.00025715999004
12857.900390624998	0.0002957966760741
12867.900390625	0.0003423022158801
12877.900390624998	0.0003917037019617
12887.900390625	0.000454758004515
12897.900390624998	0.0005281785512753
12907.900390625	0.0006106247246189
12917.900390624998	0.0007070386106209
12927.900390625	0.0008337042908017
12937.900390624998	0.0009716041801856
12947.900390625	0.0011353842557763
12957.900390624998	0.0013533425119539
12967.900390625	0.0015999529144048
12977.900390624998	0.001904238661146
12987.900390625	0.0022938244399729
12997.900390624998	0.0027598349537607
13007.900390625	0.0033316552627698
13017.900390624998	0.0040544157575531
13027.900390625	0.0049443831665889
13037.900390624998	0.0060015341311847
13047.900390625	0.007272344492723
13057.900390624998	0.0087326954825728
13067.900390625	0.0100923230455817
13077.900390625	0.0110412360584599
13087.900390625	0.0122514216711609
13097.900390625	0.0133247056605021
13107.900390625	0.0145982315062326
13117.900390625	0.0162097048264417
13127.900390625	0.0181748151118464
13137.900390625	0.0202732659573321
13147.900390625	0.0231643382377271
13157.900390625	0.0256292333969205
13167.900390625	0.0293912743367009
13177.900390625	0.0333354918992994
13187.900390625	0.0389370692627287
13197.900390625	0.045013659110362
13207.900390625	0.0534383293619738
13217.900390625	0.0626186103485873
13227.900390625	0.0742003380961457
13237.900390625	0.086445543166777
13247.900390625	0.1024189825983491
13257.900390625	0.1181514285328538
13267.900390625	0.1376721114435623
13277.900390625	0.1588634463140234
13287.900390625	0.18331080423509
13297.900390625	0.2094139145308602
13307.900390625	0.2376638655656104
13317.900390625	0.2653908563535588
13327.900390625	0.2931711389713152
13337.900390625	0.3203148242753952
13347.900390625	0.3439741043065584
13357.900390625	0.3650883611426848
13367.900390625	0.3828759329773641
13377.900390625	0.3978064453472734
13387.900390625	0.4088893476214015
13397.900390625	0.4171769363493312
13407.900390625	0.4226781853472243
13417.900390625	0.4264503849226013
13427.900390625	0.4292244062151544
13437.900390625	0.4331915601254434
13447.900390625	0.4324648907704385
13457.900390625	0.4339215752554298
13467.900390625	0.4363599007368233
13477.900390625	0.4369787830620797
13487.900390625	0.4385156852099688
13497.900390625	0.4395383408134622
13507.900390625	0.4412542886215662
13517.900390625	0.4418069490582912
13527.900390625	0.4422911622548687
13537.900390625	0.4440165608733977
13547.900390625	0.4432549756255727
13557.900390625	0.4436952089322905
13567.900390625	0.4433566445423083
13577.900390625	0.4429147575298386
13587.900390625	0.442954364223759
13597.900390625	0.4426215689181122
13607.900390625	0.442058509411772
13617.900390625	0.441587245306146
13627.900390625	0.4405130086619723
13637.900390625	0.4410352636507677
13647.900390625	0.4417484337288433
13657.900390625	0.4419448962000155
13667.900390625	0.440762240780519
13677.900390625	0.440653155884153
13687.900390625	0.4419969104235658
13697.900390625	0.4414712141556636
13707.900390625	0.4427760621074998
13717.900390625	0.4428003162286025
13727.900390625	0.4414854448924856
13737.900390625	0.4411169136344346
13747.900390625	0.4409533325125994
13757.900390625	0.4412362946867015
13767.900390625	0.4410230189667604
13777.900390625	0.4412329811865647
13787.900390625	0.4407929378010305
13797.900390625	0.4403008949559772
13807.900390625	0.4393922524624568
13817.900390625	0.4389407622428402
13827.900390625	0.4403957539162704
13837.900390625	0.439592687736932
13847.900390625	0.4388398908176034
13857.900390625	0.4391143463300704
13867.900390625	0.4391982153358892
13877.900390625	0.4378346374081656
13887.900390625002	0.4383673505861757
13897.900390625	0.4387169785803528
13907.900390625002	0.4391226891249155
13917.900390625	0.438488427761815
13927.900390625002	0.4398493142523462
13937.900390625	0.4395564665979787
13947.900390625002	0.4405163087046584
13957.900390625	0.4410559121783303
13967.900390625002	0.4412600638924727
13977.900390625	0.4422682437034533
13987.900390625002	0.4422063852503283
13997.900390625	0.4423049467784284
14007.900390625002	0.4441939222498494
14017.900390625	0.4446742226147408
14027.900390625002	0.4454052917344979
14037.900390625	0.4465303609819808
14047.900390625002	0.4469777660741393
14057.900390625	0.4483280115111056
14067.900390625002	0.448555729352559
14077.900390625	0.4485791684212353
14087.900390625002	0.4500774943883622
14097.900390625	0.4509646202372886
14107.900390624998	0.4502707986839676
14117.900390625	0.4523504693024766
14127.900390624998	0.4533520453777749
14137.900390625	0.4547897272970034
14147.900390624998	0.4549418151975658
14157.900390625	0.456116691042133
14167.900390624998	0.4576636828789162
14177.900390625	0.4572693496347022
14187.900390624998	0.459535743378879
14197.900390625	0.4598182878704064
14207.900390624998	0.4599693229232016
14217.900390625	0.4612813179116782
14227.900390624998	0.4616157982739334
14237.900390625	0.4630865373365312
14247.900390624998	0.4634891767389159
14257.900390625	0.462747265784216
14267.900390624998	0.4644035112746865
14277.900390625	0.4647061923805126
14287.900390624998	0.4648983565438993
14297.900390625	0.4670674296744865
14307.900390624998	0.466899425976804
14317.900390625	0.4676863272996353
14327.900390625	0.46687944337854
14337.900390625	0.4675171801729697
14347.900390625	0.4686654492900136
14357.900390625	0.4682779465353084
14367.900390625	0.4684378901511408
14377.900390625	0.4699208876552342
14387.900390625	0.4697737912652737
14397.900390625	0.4697187174650132
14407.900390625	0.4711969961441279
14417.900390625	0.4700527179965712
14427.900390625	0.4708999163511822
14437.900390625	0.4717429260749726
14447.900390625	0.4725209004205675
14457.900390625	0.4717102187629572
14467.900390625	0.4722579084373539
14477.900390625	0.4720196169905784
14487.900390625	0.4739768623229929
14497.900390625	0.4729268966241666
14507.900390625	0.4729770732636488
14517.900390625	0.4739671197117037
14527.900390625	0.4739425101293125
14537.900390625	0.4723307672875422
14547.900390625	0.4714474905974941
14557.900390625	0.4725661084024964
14567.900390625	0.4713529380223394
14577.900390625	0.4713149714204344
14587.900390625	0.47208852209531
14597.900390625	0.4713042008676743
14607.900390625	0.4695129410331776
14617.900390625	0.4683781854124815
14627.900390625	0.4677692423731579
14637.900390625	0.4672857868605646
14647.900390625	0.4671359617640023
14657.900390625	0.4672608816669548
14667.900390625	0.4652418766914746
14677.900390625	0.4651653774488918
14687.900390625	0.4653254974700936
14697.900390625	0.4642816158558663
14707.900390625	0.4626810503661212
14717.900390625	0.4623985027551432
14727.900390625	0.4629825980084621
14737.900390625	0.4613434115897444
14747.900390625	0.4630422411480103
14757.900390625	0.4618051057938631
14767.900390625	0.4625158260326588
14777.900390625	0.462735502945765
14787.900390625	0.4629945919844423
14797.900390625	0.4633453110932438
14807.900390625	0.4628932763266948
14817.900390625	0.463683065284834
14827.900390625	0.4645621484734388
14837.900390625	0.4640968585039464
14847.900390625	0.4656643637765211
14857.900390625	0.4680821447890301
14867.900390625	0.4670571597925121
14877.900390625	0.4682480193206775
14887.900390625	0.4688311211209431
14897.900390625	0.46948843285021
14907.900390625	0.4703322775195444
14917.900390625	0.4724036607046838
14927.900390625	0.4728071637002108
14937.900390625	0.473348967358846
14947.900390625	0.4738300012850722
14957.900390625	0.475224934591397
14967.900390625	0.47658835238558
14977.900390625	0.4759073445852929
14987.900390625	0.4769930873679631
14997.900390625	0.4798589785178885
15007.900390625	0.4804550555266046
15017.900390625	0.4804793830812923
15027.900390625	0.4808614840056122
15037.900390625	0.4826819240492265
15047.900390625	0.4832330595577497
15057.900390625	0.4834946430292695
15067.900390625	0.4851997629854427
15077.900390625	0.4853101459527801
15087.900390625	0.4868411504612537
15097.900390625	0.4881997090273937
15107.900390625	0.4886671258059269
15117.900390625	0.4882891252148995
15127.900390625	0.4900579072809478
15137.900390625002	0.4908055527718561
15147.900390625	0.4897910574081631
15157.900390625002	0.4908307742305043
15167.900390625	0.4911712370333871
15177.900390625002	0.492850810059146
15187.900390625	0.4906620006619877
15197.900390625002	0.4920261775274476
15207.900390625	0.4912412411409159
15217.900390625002	0.4905465692824842
15227.900390625	0.4931249162520447
15237.900390625002	0.4913998454294583
15247.900390625	0.4904042110454
15257.900390625002	0.4913278609549896
15267.900390625	0.4913103501315765
15277.900390625002	0.4909172588838904
15287.900390625	0.4903146021563364
15297.900390625002	0.4887450446472287
15307.900390625	0.4905458712915264
15317.900390625002	0.4890874685201026
15327.900390625	0.4886776043684658
15337.900390625002	0.487414031120381
15347.900390625	0.4881515599971486
15357.900390624998	0.488256554086044
15367.900390625	0.4874123332004511
15377.900390624998	0.4888235167308437
15387.900390625	0.4879572320167584
15397.900390624998	0.4869829699655422
15407.900390625	0.4869258544395145
15417.900390624998	0.4870807817538239
15427.900390625	0.4869573820168917
15437.900390624998	0.487681929151266
15447.900390625	0.4866874946494461
15457.900390624998	0.4869812097423615
15467.900390625	0.486890391279731
15477.900390624998	0.4863122199353946
15487.900390625	0.4877821873451177
15497.900390624998	0.4852824475265871
15507.900390625	0.4866003409562985
15517.900390624998	0.4846542952501079
15527.900390625	0.4863477621369054
15537.900390624998	0.4852129303999066
15547.900390625	0.4864943867007219
15557.900390624998	0.4846251442054091
15567.900390625	0.4839768459337717
15577.900390625	0.4840427323233185
15587.900390625	0.4843230848488969
15597.900390625	0.484593446253621
15607.900390625	0.4839715579138335
15617.900390625	0.4850460434483064
15627.900390625	0.4828057690626142
15637.900390625	0.4837641793481999
15647.900390625	0.4832733273920848
15657.900390625	0.4834670418202975
15667.900390625	0.4844153937340614
15677.900390625	0.4843580249001558
15687.900390625	0.4846382858358983
15697.900390625	0.484990686208547
15707.900390625	0.4850586181616418
15717.900390625	0.4860904162211766
15727.900390625	0.4886275822043344
15737.900390625	0.4873629585740535
15747.900390625	0.4896230119994635
15757.900390625	0.488989053841894
15767.900390625	0.4914465766836844
15777.900390625	0.4921202658421387
15787.900390625	0.4917693838244508
15797.900390625	0.4937576182733083
15807.900390625	0.4950416136858143
15817.900390625	0.4953493525086663
15827.900390625	0.4963864093626736
15837.900390625	0.4979312402590193
15847.900390625	0.4994464952091905
15857.900390625	0.4992745078686726
15867.900390625	0.4977195636442782
15877.900390625	0.4996799196301754
15887.900390625	0.498914890690783
15897.900390625	0.5002051852532523
15907.900390625	0.5001456204579898
15917.900390625	0.5015145384854164
15927.900390625	0.5020361670576681
15937.900390625	0.5016190023307701
15947.900390625	0.5009008338297246
15957.900390625	0.5012250145857101
15967.900390625	0.5031608627764312
15977.900390625	0.5026108708181893
15987.900390625	0.5025848301749478
15997.900390625	0.5005944703825147
16007.900390625	0.5035263402016634
16017.900390625	0.5023463925355826
16027.900390625	0.5023511442136199
16037.900390625	0.5018667976469133
16047.900390625	0.5033040551648561
16057.900390625	0.503186724705979
16067.900390625	0.5033123391053185
16077.900390625	0.5028770620547478
16087.900390625	0.5023754300185914
16097.900390625	0.502893619393114
16107.900390625	0.5028674468213152
16117.900390625	0.5032244545192468
16127.900390625	0.501881158046274
16137.900390625	0.5031697065103684
16147.900390625	0.5029910839120926
16157.900390625	0.5036052349041494
16167.900390625	0.5039856802524817
16177.900390625	0.505547897438317
16187.900390625	0.5024155552749145
16197.900390625	0.5045656444940743
16207.900390625	0.5026360826842093
16217.900390625	0.5051246898694968
16227.900390625	0.5037499715989098
16237.900390625	0.5044058171649431
16247.900390625	0.5043510235082281
16257.900390625	0.5043322691871076
16267.900390625	0.5035311963835442
16277.900390625	0.5056219515513438
16287.900390625	0.5052262647540805
16297.900390625	0.5042217458877404
16307.900390625	0.5049504017822919
16317.900390625	0.5056247611874044
16327.900390625	0.5065345258240255
16337.900390625	0.5053736218930455
16347.900390625	0.505562430929137
16357.900390625	0.5067899685218165
16367.900390625	0.5059894582715262
16377.900390625	0.5062046690816786
16387.900390625	0.5053152956133665
16397.900390625	0.5063330000595994
16407.900390625	0.504705009247261
16417.900390625	0.5053149492702323
16427.900390625	0.5047184402881046
16437.900390625	0.5052496705123265
16447.900390625	0.5015216283471283
16457.900390625	0.5048124081737216
16467.900390625	0.5041417062074794
16477.900390625	0.5058800456137172
16487.900390625	0.5047633801638299
16497.900390625	0.5054484728410346
16507.900390625	0.5064604338149813
16517.900390625	0.5065726363959926
16527.900390625	0.5087910191551948
16537.900390625	0.5091309508818266
16547.900390625	0.508839812394163
16557.900390625	0.5058968268522142
16567.900390625	0.5041933535629971
16577.900390625	0.5002317753127915
16587.900390625	0.4925015875806283
16597.900390625	0.4807871819239625
16607.900390625	0.4678010175271991
16617.900390625	0.4484351105462488
16627.900390625	0.4265501770797454
16637.900390625	0.3979727945749721
16647.900390625	0.3693323503486732
16657.900390625	0.3386647916880231
16667.900390625	0.3052786377969245
16677.900390625	0.2739573361603949
16687.900390625	0.2410843759510169
16697.900390625	0.2095400308512854
16707.900390625	0.1824645891836903
16717.900390625	0.1561757426583847
16727.900390625	0.1338534053611492
16737.900390625	0.1142134418519679
16747.900390625	0.0983537957896122
16757.900390625	0.0860468902344938
16767.900390625	0.0748812651431419
16777.900390625	0.0662312313980596
16787.900390625	0.0576284590154921
16797.900390625	0.0507798614823405
16807.900390625	0.044722995834539
16817.900390625	0.0401673462698309
16827.900390625	0.0353059297109216
16837.900390625	0.0315609007908061
16847.900390625	0.0275964978893141
16857.900390625	0.0235998979384288
16867.900390625	0.0200865098890949
16877.900390625	0.0169441905811745
16887.900390625	0.0141677173985808
16897.900390625	0.0119474381493414
16907.900390625	0.0100471042032093
16917.900390625	0.0084718897638318
16927.900390625	0.0070886124724907
16937.900390625	0.0060046920620458
16947.900390625	0.0050672297578206
16957.900390625	0.0042652728757282
16967.900390625	0.0036424083978049
16977.900390625	0.003085507525641
16987.900390625	0.0026307171391178
16997.900390625	0.0022544133539255
17007.900390625	0.001943039638472
17017.900390625	0.0016638802401872
17027.900390625	0.0014373719081464
17037.900390625	0.0012446109366008
17047.900390625	0.0010765878542302
17057.900390625	0.0009392685038723
17067.900390625	0.0008200556125384
17077.900390625	0.0007158354410003
17087.900390625	0.0006272253686399
17097.900390625	0.00055219639749
17107.900390625	0.0004855713426774
17117.900390625	0.0004280069069638
17127.900390625	0.0003806699788929
17137.900390625	0.0003345562471961
17147.900390625	0.0002995065446933
17157.900390625	0.0002666491468641
17167.900390625	0.0002390221397732
17177.900390625	0.0002133190957736
17187.900390625	0.000192271633284
17197.900390625	0.0001734075172997
17207.900390625	0.0001567439354349
17217.900390625	0.0001426150531286
17227.900390625	0.0001279582278943
17237.900390625	0.0001169415586836
17247.900390625	0.0001061321997531
17257.900390625	9.718795089370684e-05
17267.900390625	8.730947978752721e-05
17277.900390625	8.131217183718838e-05
17287.900390625	7.283997477812459e-05
17297.900390625	6.794206006622113e-05
17307.900390625	6.238538138267499e-05
17317.900390625	5.653085826988395e-05
17327.900390625	5.3125055413823944e-05
17337.900390625	4.681586291806298e-05
17347.900390625	4.432327385312421e-05
17357.900390625	4.0733799832630606e-05
17367.900390625	3.740550793828304e-05
17377.900390625	3.554111759570351e-05
17387.900390625	3.276045229848862e-05
17397.900390625	3.022920049434891e-05
17407.900390625	2.774546852972692e-05
17417.900390625	2.5693225677261156e-05
17427.900390625	2.39503861649753e-05
17437.900390625	2.2994641236678536e-05
17447.900390625	2.0851288074608277e-05
17457.900390625	2.014276479041913e-05
17467.900390625	1.830384739323139e-05
17477.900390625	1.7974361106520436e-05
17487.900390625	1.7272949421699513e-05
17497.900390625	1.55068693306013e-05
17507.900390625004	0.0
17517.900390625004	0.0
