3980.0	0.0
3990.0	0.0
4000.0	0.0
4010.0000000000005	0.0
4020.0000000000005	0.0
4030.0000000000005	0.0
4040.0000000000005	0.0
4050.0000000000005	0.0
4060.0000000000005	0.0
4069.9999999999995	0.0
4079.9999999999995	0.0
4089.9999999999995	0.0
4100.0	0.0
4110.0	0.0
4120.0	0.0
4130.0	0.0
4140.0	0.0
4150.0	0.0
4160.0	0.0
4170.0	0.0
4180.0	0.0
4190.0	0.0
4200.0	0.0
4210.0	0.0
4220.0	0.0
4230.0	0.0
4240.0	0.0
4250.0	0.0
4260.0	0.0
4270.0	0.0
4280.0	0.0
4290.0	0.0
4300.0	0.0
4310.0	0.0
4320.0	0.0
4330.0	0.0
4340.0	0.0
4350.0	0.0
4360.0	0.0
4370.0	0.0
4380.0	0.0
4390.0	0.0
4400.0	0.0
4410.0	0.0
4420.0	0.0
4430.0	0.0
4440.0	0.0
4450.0	0.0
4460.0	0.0
4470.0	0.0
4480.0	0.0
4490.0	0.0
4500.0	0.0
4510.0	0.0
4520.0	0.0
4530.0	0.0
4540.0	0.0
4550.0	0.0
4560.0	0.0
4570.0	0.0
4580.0	0.0
4590.0	0.0
4600.0	0.0
4610.0	0.0
4620.0	0.0
4630.0	0.0
4640.0	0.0
4650.0	0.0
4660.0	0.0
4670.0	0.0
4680.0	0.0
4690.0	0.0
4700.0	0.0
4710.0	0.0
4720.0	0.0
4730.0	0.0
4740.0	0.0
4750.0	0.0
4760.0	0.0
4770.0	0.0
4780.0	0.0
4790.0	0.0
4800.0	0.0
4810.0	0.0
4820.0	0.0
4830.0	0.0
4840.0	0.0
4850.0	0.0
4860.0	0.0
4870.0	0.0
4880.0	0.0
4890.0	0.0
4900.0	0.0
4910.0	0.0
4920.0	0.0
4930.0	0.0
4940.0	0.0
4950.0	0.0
4960.0	0.0
4970.0	0.0
4980.0	0.0
4990.0	0.0
5000.0	0.0
5010.0	0.0
5020.0	0.0
5030.0	0.0
5040.0	0.0
5050.0	0.0
5060.0	0.0
5070.0	0.0
5080.0	0.0
5090.0	0.0
5100.0	0.0
5110.0	0.0
5120.0	0.0
5130.0	0.0
5140.0	0.0
5150.0	0.0
5160.0	0.0
5170.0	0.0
5180.0	0.0
5190.0	0.0
5200.0	0.0
5210.0	0.0
5220.0	0.0
5230.0	0.0
5240.0	0.0
5250.0	2.273534906888186e-07
5260.0	9.620616157369649e-07
5270.0	1.6695460236593665e-06
5280.0	2.113036058433121e-06
5290.0	2.171560613134219e-06
5300.0	2.002709313724062e-06
5310.0	1.8683913192542955e-06
5320.0	1.828686323783146e-06
5330.0	1.874231605400034e-06
5340.0	1.9572258368512145e-06
5350.0	2.2442091256614828e-06
5360.0	2.765236732521132e-06
5370.0	3.6631393267545135e-06
5380.0	5.052698261853732e-06
5390.0	7.681147152713918e-06
5400.0	1.195878178364657e-05
5410.0	1.6993339136197445e-05
5420.0	1.980621478758372e-05
5430.0	1.890600479298092e-05
5440.0	1.5070771277145655e-05
5450.0	1.093291628572055e-05
5460.0	7.73932908867601e-06
5470.0	5.913063366117716e-06
5480.0	4.924325243480207e-06
5490.0	4.430814063184384e-06
5500.0	4.3814617540940455e-06
5510.0	4.717629501613458e-06
5520.000000000001	5.20290551579943e-06
5530.000000000001	5.852037771664714e-06
5540.000000000001	6.612020492659031e-06
5550.000000000001	7.330044468217875e-06
5560.000000000001	7.548518496020081e-06
5570.000000000001	7.635956816282308e-06
5580.000000000001	6.516345275614278e-06
5590.000000000001	4.5837394588037255e-06
5600.000000000001	4.535932703189123e-06
5610.000000000001	5.133740087405591e-06
5620.000000000001	4.8850415899312736e-06
5629.999999999999	4.540300930085688e-06
5639.999999999999	5.019356787748142e-06
5649.999999999999	5.709706268456039e-06
5659.999999999999	6.308348271319808e-06
5669.999999999999	6.39527981874075e-06
5679.999999999999	6.704120035906265e-06
5689.999999999999	7.031561444116965e-06
5699.999999999999	6.92154119654835e-06
5709.999999999999	7.2997065572997325e-06
5719.999999999999	8.633148454945596e-06
5729.999999999999	1.026149095137217e-05
5740.0	1.1145619663360272e-05
5750.0	1.2424217275315923e-05
5760.0	1.4955405265552675e-05
5770.0	1.713896003317167e-05
5780.0	1.8016202109545152e-05
5790.0	1.8847971097070952e-05
5800.0	2.089328620864352e-05
5810.0	2.5690896020753595e-05
5820.0	3.462123838001216e-05
5830.0	5.1971766735204333e-05
5840.0	9.263947198292395e-05
5850.0	0.0001903906318844
5860.0	0.0003530409983112
5870.0	0.0004754759005302
5880.0	0.0004465925433413
5890.0	0.0002934268541704
5900.0	0.0001556382639279
5910.0	8.778107208524288e-05
5920.0	6.119181999488955e-05
5930.0	4.696492199911556e-05
5940.0	3.913853721770103e-05
5950.0	3.828682054808737e-05
5960.0	3.585849304747321e-05
5970.0	3.683839594289635e-05
5980.0	3.999835499370947e-05
5990.0	4.158454450904109e-05
6000.0	4.5133345281829634e-05
6010.0	5.037022572291626e-05
6020.0	5.848132877836911e-05
6030.0	7.136617496420664e-05
6040.0	8.696519049792647e-05
6050.0	0.0001009107052988
6060.0	0.0001161448846973
6070.0	0.0001297207635396
6080.0	0.0001334395687275
6090.0	0.0001289974038312
6100.0	0.0001189531717688
6110.0	0.000105317694353
6120.0	8.922224887073815e-05
6130.0	7.592305899762437e-05
6140.0	6.50138731610478e-05
6150.0	5.84834514896043e-05
6160.0	5.298219191984048e-05
6170.0	4.99794972684698e-05
6180.0	4.941035934584893e-05
6190.0	4.606830102988535e-05
6200.0	4.287236975226839e-05
6210.0	4.0915919715570274e-05
6220.0	4.578246585311292e-05
6230.0	4.924200192017623e-05
6240.0	5.484513575808012e-05
6250.0	6.528253632415729e-05
6260.0	8.073193417572547e-05
6270.0	0.0001054719590884
6280.0	0.0001479121379093
6290.0	0.0002178856369622
6300.0	0.0003251429053685
6310.0	0.000459167385326
6320.0	0.0005591590851689
6330.0	0.000565053840714
6340.0	0.0004809223268673
6350.0	0.0003741185632056
6360.0	0.0002904450483676
6370.0	0.00024235271622
6380.0	0.0002184061996315
6390.0	0.0002111869106085
6400.0	0.0002232395663706
6410.0	0.0002467686955328
6420.0	0.0002804438512607
6430.0	0.0003159021429066
6440.0	0.0003446948582205
6450.0	0.0003489346055796
6460.0	0.0003182492504785
6470.0	0.0002654426509619
6480.0	0.0002079383134314
6490.0	0.0001653595790522
6500.0	0.0001342155539469
6510.0	0.0001106397354084
6520.0	9.571393986701388e-05
6530.0	9.21867065773434e-05
6540.0	9.11821961783693e-05
6550.0	9.400033509729284e-05
6560.0	0.0001015872213176
6570.0	0.0001194236248499
6580.0	0.0001408805334349
6590.0	0.000169762002087
6600.0	0.0002044409625546
6610.0	0.0002404614206919
6620.0	0.0002540176781204
6630.0	0.0002423260471196
6640.0	0.000216923387357
6650.0	0.0001908212694928
6660.0	0.0001643144267319
6670.0	0.0001418598285234
6680.0	0.000131289714688
6690.0	0.0001255678393681
6700.0	0.0001243394499678
6710.0	0.0001254058178026
6720.0	0.0001390967323057
6730.0	0.0001611429154215
6740.0	0.0001913813649633
6750.0	0.0002200852340188
6760.0	0.000247737589712
6770.000000000001	0.000264475194472
6780.000000000001	0.0002710839409644
6790.000000000001	0.0002593012836996
6800.000000000001	0.0002314409663821
6810.000000000001	0.0001923475306112
6820.000000000001	0.0001624878690745
6830.000000000001	0.0001519171189185
6840.000000000001	0.0001467662266934
6850.000000000001	0.0001409904083948
6860.000000000001	0.000136536098477
6870.000000000001	0.0001406704157785
6879.999999999999	0.000148370171416
6889.999999999999	0.0001539626728575
6899.999999999999	0.0001655409410323
6909.999999999999	0.0001766804541981
6919.999999999999	0.0001780194672333
6929.999999999999	0.0001695966528268
6939.999999999999	0.0001571659296908
6949.999999999999	0.0001415756677736
6959.999999999999	0.0001213817863438
6969.999999999999	0.0001073132424395
6979.999999999999	9.81210756771536e-05
6990.0	9.109413054928222e-05
7000.0	8.456613984120242e-05
7010.0	7.68034843839063e-05
7020.0	7.300573408902233e-05
7030.0	7.704393932649437e-05
7040.0	8.908145208663933e-05
7050.0	0.000104152467975
7060.0	0.0001229545077977
7070.0	0.0001446122518534
7080.0	0.0001719844311369
7090.0	0.0002172487018794
7100.0	0.0003025138390327
7110.0	0.0004432605300744
7120.0	0.0006556670070319
7130.0	0.0009448748434772
7140.0	0.0013355377353982
7150.0	0.0017348020108591
7160.0	0.0019743391530994
7170.0	0.00186215417641
7180.0	0.0014983106272451
7190.0	0.0010904276789976
7200.0	0.0007690884464829
7210.0	0.0005311551883032
7220.0	0.0003668400926596
7230.0	0.0002720874479895
7240.0	0.0001990641170964
7250.0	0.0001514285739884
7260.0	0.000121071528036
7270.0	0.0001019504983973
7280.0	8.233903108074858e-05
7290.0	6.365319608692215e-05
7300.0	5.820007174767091e-05
7310.0	5.54580093651613e-05
7320.0	5.240528880989707e-05
7330.0	4.7890488191262105e-05
7340.0	5.272726343681403e-05
7350.0	5.4791016818958353e-05
7360.0	4.943848574832713e-05
7370.0	5.198377286794733e-05
7380.0	6.376890196376217e-05
7390.0	8.031643033896965e-05
7400.0	8.831978502322376e-05
7410.0	0.0001102809012585
7420.0	0.0001455031629334
7430.0	0.0002097118312932
7440.0	0.0003127221076293
7450.0	0.0004749556362511
7460.0	0.0007102181731321
7470.0	0.0010183428576672
7480.0	0.0013381778044488
7490.0	0.0015689110725814
7500.0	0.0016660428886325
7510.0	0.0017304619445525
7520.0	0.002026152586273
7530.0	0.0027407122405391
7540.0	0.0035323729143517
7550.0	0.0035273895089452
7560.0	0.0025006535299489
7570.0	0.0012333188198956
7580.0	0.0005060265150646
7590.0	0.0002489209329506
7600.0	0.0001418492261154
7610.0	8.014193530824411e-05
7620.0	4.801683674778466e-05
7630.0	3.895190701091877e-05
7640.0	2.704070056606036e-05
7650.0	1.5244253590042186e-05
7660.0	1.4668709376102846e-05
7670.0	1.566517672616405e-05
7680.0	1.5372355269396748e-05
7690.0	1.0544910502186272e-05
7700.0	1.0943963503248e-05
7710.0	9.149339174160308e-06
7720.0	1.153353569403316e-05
7730.0	1.1159857383683752e-05
7740.0	5.0202685509880306e-06
7750.0	6.568597147738697e-06
7760.0	9.50633067407776e-06
7770.0	1.731605724521816e-05
7780.0	6.7372168837417e-06
7790.0	7.822137139623409e-06
7800.0	1.094341535599557e-05
7810.0	1.616256957891994e-05
7820.0	9.207912225710858e-06
7830.0	1.7802125506434784e-05
7840.0	1.782846725668256e-05
7850.0	1.37618208214853e-05
7860.0	1.187231311693972e-05
7870.0	1.850885948825025e-05
7880.0	2.8778551974561084e-05
7890.0	5.3312151525766334e-05
7900.0	0.0001045507145187
7910.0	0.0001592467862992
7920.0	0.0001848674754835
7930.0	0.0001520740754006
7940.0	0.0001010488647408
7950.0	6.767221622542115e-05
7960.0	4.977660233907654e-05
7970.0	-8.562228180158444e-05
7980.0	0.0003525655574495
7990.0	0.0010252603634233
8000.0	0.0021747407299389
8010.0	0.0016004557939529
8020.000000000001	0.002375067733525
8030.000000000001	0.0021262068438474
8040.000000000001	0.002167040836474
8050.000000000001	0.0004551952186769
8060.000000000001	0.0001753229793228
8070.000000000001	0.0007961926782396
8080.000000000001	0.001821537713209
8090.000000000001	0.0020234167341948
8100.000000000001	0.0009854418030009
8110.000000000001	0.0012509388253868
8120.000000000001	0.0011669597339122
8129.999999999999	0.0016979715606449
8139.999999999999	0.00161779998086
8149.999999999999	0.0018077918677927
8159.999999999999	0.0012659529654311
8169.999999999999	0.0014214734650127
8179.999999999999	0.0013213462979379
8189.999999999999	0.001064652670231
8200.0	0.0014754420756163
8210.0	0.002394591854862
8220.0	0.0020033603451843
8230.0	0.0005979037155416
8240.0	-0.0003762456937518
8250.0	0.0002529296193154
8260.0	0.0015882173897679
8270.0	0.0019619510647893
8280.0	0.0008751347741432
8290.0	5.44781142444712e-06
8300.0	0.0005686445486704
8310.0	0.0010933896558525
8320.0	0.0014072366910697
8330.0	0.001236200618202
8340.0	0.0012057385421091
8350.0	0.0010972343936322
8360.0	0.0011675397526213
8370.0	0.0010858687032341
8380.0	0.0013581358333599
8390.0	0.0014023745432763
8400.0	0.0011305014843013
8410.0	0.0009218120273082
8420.0	0.0011067099451295
8430.0	0.0009699487683883
8440.0	0.000835641770639
8450.0	0.0007545178587804
8460.0	0.0009414863968663
8470.0	0.0012997269921876
8480.0	0.0014355489925621
8490.0	0.0010616872945364
8500.0	0.0009244727685545
8510.0	0.0011874107050023
8520.0	0.0013756257900515
8530.0	0.0014012093703116
8540.0	0.0016293051230376
8550.0	0.0010912784945876
8560.0	0.0006128712611719
8570.0	0.0003817018616912
8580.0	0.0009856549602999
8590.0	0.0012343940027777
8600.0	0.0016621244336193
8610.0	0.0010930479465004
8620.0	0.0008730849990942
8630.0	0.0006107690731982
8640.0	0.0011231382590109
8650.0	0.0011893714097677
8660.0	0.0013255792850466
8670.0	0.0007548128703928
8680.0	0.0009223050129676
8690.0	0.0012391924157009
8700.0	0.0014858209557269
8710.0	0.0011731017486963
8720.0	0.0013233348338991
8730.0	0.0013280759983421
8740.0	0.001151289437231
8750.0	0.0011373938439868
8760.0	0.0012660336027108
8770.0	0.0012964316150928
8780.0	0.0012165062076339
8790.0	0.0011662267755995
8800.0	0.001056475711865
8810.0	0.0009141130707885
8820.0	0.0008861279005605
8830.0	0.0009361052529704
8840.0	0.0008366097452705
8850.0	0.0006853515997578
8860.0	0.0007659720405458
8870.0	0.000956572595498
8880.0	0.0008309781186287
8890.0	0.0006844617651032
8900.0	0.0008764735433789
8910.0	0.001014701126834
8920.0	0.0009886827849443
8930.0	0.0010372829490949
8940.0	0.0011530019490794
8950.0	0.0011847151091506
8960.0	0.0011735801783266
8970.0	0.0011098670842658
8980.0	0.001086262587604
8990.0	0.00108885670625
9000.0	0.0011539061334172
9010.0	0.0012772063402348
9020.0	0.001318852047774
9030.0	0.0012778837986546
9040.0	0.0012210790018459
9050.0	0.0012120930639621
9060.0	0.0010734562877362
9070.0	0.0009290508804317
9080.0	0.0009567017547603
9090.0	0.0010218070081018
9100.0	0.0009380210771295
9110.0	0.0007919162412909
9120.0	0.0008216266110096
9130.0	0.0009755936634791
9140.0	0.0009363014272514
9150.0	0.00081662549761
9160.0	0.0006551969105627
9170.0	0.0005209657596977
9180.0	0.0005388889001034
9190.0	0.0006870804770879
9200.0	0.0007781777181273
9210.0	0.0007327546731182
9220.0	0.0006943683815516
9230.0	0.0007874752201578
9240.0	0.0009333230669932
9250.0	0.0010414825854156
9260.0	0.0010530356885641
9270.0	0.0012083560334235
9280.0	0.0013739550496372
9290.0	0.001516661193309
9300.0	0.0015528537978993
9310.0	0.0016588943221315
9320.0	0.0018694809121564
9330.0	0.0020708522043684
9340.0	0.0021700214546332
9350.0	0.0022244603198126
9360.0	0.0023433249119211
9370.0	0.0024944999088053
9380.0	0.0026148189226198
9390.0	0.0027100302121449
9400.0	0.0027408347045373
9410.0	0.0027366677262915
9420.0	0.0027361110984896
9430.0	0.0027856616432392
9440.0	0.002746921062163
9450.0	0.0026991478121993
9460.0	0.0026372317956102
9470.0	0.0025616540952425
9480.0	0.0024529993072053
9490.0	0.0023613262472706
9500.0	0.0022561561918624
9510.0	0.0021433490740254
9520.0	0.0020802981013271
9530.0	0.0019992820512659
9540.0	0.0018768055565718
9550.0	0.0018000021448708
9560.0	0.0017513960241467
9570.0	0.0016914240495426
9580.0	0.0016316794743319
9590.0	0.0016203641967333
9600.0	0.0016151655422262
9610.0	0.0016592688958425
9620.0	0.0017666393587871
9630.0	0.0018988957563361
9640.0	0.0019773783094828
9650.0	0.0021192711094173
9660.0	0.0023322447014067
9670.0	0.002587472462868
9680.0	0.0028585945505687
9690.0	0.0032214909902572
9700.0	0.0037302128278059
9710.0	0.0043044060936259
9720.0	0.0049830842420502
9730.0	0.0058279608047944
9740.0	0.0068750053360186
9750.0	0.0080586333715768
9760.0	0.0095769146457035
9770.0	0.0113843798620386
9780.0	0.013523344070096
9790.0	0.015990877288864
9800.0	0.0191154348062259
9810.0	0.0225447875015968
9820.0	0.0266057048219719
9830.0	0.031186301499985
9840.0	0.0363939120511143
9850.0	0.0425897064347023
9860.0	0.0490956910172469
9870.0	0.0561470502228319
9880.0	0.0636453696496535
9890.0	0.0725647710532539
9900.0	0.0818744271145092
9910.0	0.0914748128646181
9920.0	0.1028582411421434
9930.0	0.1138593552156815
9940.0	0.1248753315414889
9950.0	0.1359466477992997
9960.0	0.1492344537570996
9970.0	0.1623471587431197
9980.0	0.175607950180679
9990.0	0.1886544665192818
10000.0	0.2007097563511084
10009.999999999998	0.2124542025658815
10020.0	0.2243250309765588
10029.999999999998	0.2363445758140165
10040.0	0.2483876138467599
10049.999999999998	0.2591546178513727
10060.0	0.2691036242346442
10069.999999999998	0.2774221588307666
10080.0	0.2860751091057988
10089.999999999998	0.2939347211382216
10100.0	0.3014542321485792
10109.999999999998	0.3091971584443315
10120.0	0.315842894213086
10129.999999999998	0.3220578935703062
10140.0	0.3274366578549796
10149.999999999998	0.3326542779741692
10160.0	0.3360566685191178
10169.999999999998	0.3395576477825175
10180.0	0.3437325511755217
10189.999999999998	0.3475670232908631
10200.0	0.3514703944174654
10209.999999999998	0.355038269961714
10220.0	0.3579853618583645
10230.0	0.359411097636351
10240.0	0.3608582444514721
10250.0	0.3617362349103516
10260.0	0.3623955572133016
10270.0	0.3636798483616174
10280.0	0.365731750846021
10290.0	0.3675762173981352
10300.0	0.3689194021239937
10310.0	0.3703517336150013
10320.0	0.3713591566260195
10330.0	0.3717924350801765
10340.0	0.3731440481279073
10350.0	0.3742671598459226
10360.0	0.3755922289600283
10370.0	0.3769787688269523
10380.0	0.377893286889861
10390.0	0.3777575566013953
10400.0	0.3772198256806144
10410.0	0.3774035780624022
10420.0	0.3778323909979268
10430.0	0.3795438252639516
10440.0	0.381168447387937
10450.0	0.3815303002095635
10460.0	0.3816704566276502
10470.0	0.3820559897677323
10480.0	0.3830988896723752
10490.0	0.3831670915619988
10500.0	0.382912152616909
10510.0	0.3828471282818351
10520.0	0.3837511716326285
10530.0	0.3851953272512062
10540.0	0.3854771438488956
10550.0	0.3849185788148229
10560.0	0.3837369728862357
10570.0	0.3833479722063337
10580.0	0.383484569382291
10590.0	0.3837804082138448
10600.0	0.3844702835804087
10610.0	0.3847592481147621
10620.0	0.3851345157341414
10630.0	0.3853113281413903
10640.0	0.385225558691294
10650.0	0.3848649610045526
10660.0	0.3850075835641788
10670.0	0.3860115691557841
10680.0	0.3867569043428755
10690.0	0.3873918702262582
10700.0	0.3866661509792063
10710.0	0.3861928099793166
10720.0	0.3858220248709971
10730.0	0.3864524323510297
10740.0	0.3874266664402058
10750.0	0.3889716335512657
10760.0	0.3910005827240331
10770.0	0.3926279840428814
10780.0	0.3940358310393956
10790.0	0.3949053134388011
10800.0	0.396413456810985
10810.0	0.3977474032606654
10820.0	0.3985670718396432
10830.0	0.3990136115917134
10840.0	0.3998165487571465
10850.0	0.4012587811484639
10860.0	0.4026904700070025
10870.0	0.404119476595167
10880.0	0.4045640459423244
10890.0	0.4042047167269983
10900.0	0.403831975399952
10910.0	0.4051721066541687
10920.0	0.4075758947997492
10930.0	0.4090303053412764
10940.0	0.4095269951466672
10950.0	0.4091314980249257
10960.0	0.4091524626810188
10970.0	0.4092047145643836
10980.0	0.4099638863900256
10990.0	0.4108884549171402
11000.0	0.411627723150241
11010.0	0.4124816985093118
11020.0	0.4130219005728965
11030.0	0.4132101506948377
11040.000000000002	0.413145648152858
11050.0	0.4130701518514486
11060.000000000002	0.4133055722694604
11070.0	0.41390793262181
11080.000000000002	0.4152449654038604
11090.0	0.4153274181728992
11100.000000000002	0.4152511254282881
11110.0	0.4151923335673903
11120.000000000002	0.4154299956119235
11130.0	0.4152629792162887
11140.000000000002	0.4153765558859141
11150.0	0.4162182453547051
11160.000000000002	0.4165130803669429
11170.0	0.4168969309398764
11180.000000000002	0.4172397157832984
11190.0	0.4172628767236089
11200.000000000002	0.4162564423599753
11210.0	0.4152742096853691
11220.000000000002	0.4150500735054417
11230.0	0.4145364705866964
11240.000000000002	0.4145250568827334
11250.0	0.4154038596345328
11259.999999999998	0.4161102296909233
11270.0	0.4155711655934306
11279.999999999998	0.4146238084106211
11290.0	0.4141563801976378
11299.999999999998	0.4146474377218913
11310.0	0.4160787796786653
11319.999999999998	0.4167696301899449
11330.0	0.4164910985267328
11339.999999999998	0.4161237258442895
11350.0	0.4160628799419935
11359.999999999998	0.4166350831527952
11370.0	0.417289406527103
11379.999999999998	0.4180007525111232
11390.0	0.4182256171426741
11399.999999999998	0.419435560142257
11410.0	0.4213658289761392
11419.999999999998	0.4233867539483676
11430.0	0.4246687350748035
11439.999999999998	0.4247326434037733
11450.0	0.4248181919483462
11459.999999999998	0.4256505775050713
11470.0	0.4271380548939836
11480.0	0.4290166921294431
11490.0	0.429471125017025
11500.0	0.4298908850141741
11510.0	0.4303600841856749
11520.0	0.4315324182900839
11530.0	0.4321075860822982
11540.0	0.4325903978944023
11550.0	0.4333605490172909
11560.0	0.4339174484377004
11570.0	0.4351911782966896
11580.0	0.4363943015162715
11590.0	0.4374747549171446
11600.0	0.4370749016078028
11610.0	0.436799677386874
11620.0	0.4371236864871997
11630.0	0.43834619882209
11640.0	0.4392406068291443
11650.0	0.4399466897011166
11660.0	0.4401526107874268
11670.0	0.4400728646876219
11680.0	0.4395789164552235
11690.0	0.4397867844577702
11700.0	0.4395906121798796
11710.0	0.4393040654504466
11720.0	0.4385800986180443
11730.0	0.4387949428772326
11740.0	0.4383618385387088
11750.0	0.4372739927641157
11760.0	0.4350980462253973
11770.0	0.4325119125653954
11780.0	0.4301451758268719
11790.0	0.4270885988942849
11800.0	0.4235830177773921
11810.0	0.4195125879224096
11820.0	0.4140776707538734
11830.0	0.4068425443181545
11840.0	0.3974637904381451
11850.0	0.388276028026693
11860.0	0.377847753296983
11870.0	0.3661663597497553
11880.0	0.353029695453028
11890.0	0.3406217308783207
11900.0	0.3287146320128943
11910.0	0.3154513132850163
11920.0	0.3022771455382386
11930.0	0.2896770819205392
11940.0	0.2784861188625812
11950.0	0.2688733829838026
11960.0	0.2610391547450021
11970.0	0.2553899708894189
11980.0	0.2533942612048588
11990.0	0.2541676691219701
12000.0	0.2559297387952343
12010.0	0.2588868529550832
12020.0	0.2644548344135155
12030.0	0.2726617710294685
12040.0	0.2823345838627057
12050.0	0.2929087972277788
12060.0	0.3051856119849012
12070.0	0.3178507181750795
12080.0	0.3306608664682211
12090.0	0.3439096869579189
12100.0	0.3587499123066471
12110.0	0.3724610717775413
12120.0	0.3846615244440985
12130.0	0.3966942033118369
12140.0	0.4073749873272607
12150.0	0.4164047085101529
12160.0	0.4239556532361496
12170.0	0.431295832104606
12180.0	0.4381411454302163
12190.0	0.4434192167497827
12200.0	0.4466887868315301
12210.0	0.4485319285991343
12220.0	0.4503070317040925
12230.0	0.4522346190873441
12240.0	0.4527354847642288
12250.0	0.4531536428174039
12260.0	0.4535056707582283
12270.0	0.4545419750868636
12280.0	0.4549653270694165
12290.000000000002	0.4549110561007698
12300.0	0.4542626861212759
12310.000000000002	0.4535426681705176
12320.0	0.4539575328347257
12330.000000000002	0.4548243030183826
12340.0	0.455461199734005
12350.000000000002	0.455425783421058
12360.0	0.4553356912625909
12370.000000000002	0.4556795948992165
12380.0	0.4555946698799096
12390.000000000002	0.4554004880265004
12400.0	0.455374106132441
12410.000000000002	0.4560992270689959
12420.0	0.4570300390770262
12430.000000000002	0.4574967834883969
12440.0	0.4577405612170085
12450.000000000002	0.4570876895589848
12460.0	0.457143548146429
12470.000000000002	0.4568929448145764
12480.0	0.4571330813205319
12490.000000000002	0.4576890347309907
12500.0	0.4584802799255304
12509.999999999998	0.4587887615090308
12520.0	0.4588588011186891
12529.999999999998	0.4592004242276903
12540.0	0.4588166558526408
12549.999999999998	0.458802654304531
12560.0	0.4586819161092146
12569.999999999998	0.4587329601172666
12580.0	0.4589581672669425
12589.999999999998	0.4596420840203826
12600.0	0.4603150027400173
12609.999999999998	0.4605789962692221
12620.0	0.4605906953273534
12629.999999999998	0.4603541681978104
12640.0	0.4604686941986287
12649.999999999998	0.4612083449614421
12660.0	0.4619089821235549
12669.999999999998	0.4625451152727386
12680.0	0.4623006454061455
12689.999999999998	0.4617447812310976
12700.0	0.461221171160969
12709.999999999998	0.4615250775952441
12720.0	0.4616959572987648
12730.0	0.4617150945642764
12740.0	0.4618113724550645
12750.0	0.4620134415114936
12760.0	0.4621945944238648
12770.0	0.4625717037377907
12780.0	0.4625254570733463
12790.0	0.4617707237827406
12800.0	0.4610993297590548
12810.0	0.4615911014020545
12820.0	0.4621760624842216
12830.0	0.4628146744407443
12840.0	0.463016614031418
12850.0	0.4632680539658671
12860.0	0.4627754289763208
12870.0	0.4621478833677117
12880.0	0.4618098706061417
12890.0	0.4617315841124706
12900.0	0.4614381393321166
12910.0	0.4611614914645996
12920.0	0.4615448850601782
12930.0	0.4618070401299037
12940.0	0.4614649674710543
12950.0	0.4602066076409253
12960.0	0.459155736915671
12970.0	0.4600857059610148
12980.0	0.462234589353982
12990.0	0.4644604140055687
13000.0	0.4647722089182161
13010.0	0.4643901258115355
13020.0	0.4630720491920423
13030.0	0.4625966374212048
13040.0	0.4623264998291604
13050.0	0.4628608352060115
13060.0	0.4630060142641143
13070.0	0.4632868817828177
13080.0	0.4632713118016739
13090.0	0.4639571527757686
13100.0	0.4642465885580491
13110.0	0.4651120431470851
13120.0	0.4656382386892744
13130.0	0.4661428464556442
13140.0	0.4666787624698995
13150.0	0.4682209411093878
13160.0	0.4693713012122991
13170.0	0.4694678090971813
13180.0	0.4690699616895515
13190.0	0.4698392757423282
13200.0	0.4707500995066112
13210.0	0.4710645074070062
13220.0	0.4703501370711764
13230.0	0.4708565231374279
13240.0	0.4720716774403527
13250.0	0.4731844655531201
13260.0	0.4730903190089171
13270.0	0.4725306959002442
13280.0	0.4719809497487622
13290.0	0.4717556853212136
13300.0	0.472690271673814
13310.0	0.4739157035623172
13320.0	0.4748496849153644
13330.0	0.4746351746067359
13340.0	0.4739188316713429
13350.0	0.473088536475505
13360.0	0.4733616681241165
13370.0	0.4745425774795665
13380.0	0.4753326265391215
13390.0	0.4755284041787355
13400.0	0.4758306501108239
13410.0	0.4764834013809251
13420.0	0.4772188497467896
13430.0	0.4775252644985055
13440.0	0.4774566963890131
13450.0	0.4772480014582946
13460.0	0.4773806984247206
13470.0	0.477985872389396
13480.0	0.4794515356744759
13490.0	0.4804719406560645
13500.0	0.4799549870490753
13510.0	0.4789009979415865
13520.0	0.4784554945194526
13530.0	0.4788401987352915
13540.000000000002	0.4804633896741327
13550.0	0.4814707574814854
13560.000000000002	0.4813044183139819
13570.0	0.4811153788407611
13580.000000000002	0.4817979735492465
13590.0	0.4814516518725908
13600.000000000002	0.4802946651326784
13610.0	0.4796453976996799
13620.000000000002	0.4804556466971288
13630.0	0.4816107492329599
13640.000000000002	0.4824596573902355
13650.0	0.4820658514867915
13660.000000000002	0.4810243133173564
13670.0	0.4789489547001505
13680.000000000002	0.4776393419409671
13690.0	0.477385706477672
13700.000000000002	0.478184609217261
13710.0	0.4783423248253274
13720.000000000002	0.4773177430414815
13730.0	0.475205968972493
13740.000000000002	0.4729033049790704
13750.0	0.4716370362242839
13759.999999999998	0.4711351698086574
13770.0	0.4703866046343916
13779.999999999998	0.4688111054919621
13790.0	0.4673892241047703
13799.999999999998	0.4666046887793499
13810.0	0.4655040671311691
13819.999999999998	0.4642780103261569
13830.0	0.4628767920040246
13839.999999999998	0.4615141059229214
13850.0	0.4611452942879037
13859.999999999998	0.4618592204443831
13870.0	0.462412392013214
13879.999999999998	0.4618425410209446
13890.0	0.4614498753942196
13899.999999999998	0.4615126303476698
13910.0	0.4621425120256134
13919.999999999998	0.4621835743553323
13930.0	0.4631827351118813
13939.999999999998	0.4646323023111966
13950.0	0.4661189235757332
13959.999999999998	0.4660781741128836
13970.0	0.4663197986159305
13980.0	0.467151062323693
13990.0	0.4681032790163791
14000.0	0.4688950838407342
14010.0	0.4699582117124035
14020.0	0.4708789034610225
14030.0	0.4714122681466338
14040.0	0.4721518760444906
14050.0	0.4726747151424128
14060.0	0.4723514276174671
14070.0	0.4726061260083832
14080.0	0.4737383503523764
14090.0	0.4751305213139258
14100.0	0.475952510208204
14110.0	0.4772568837539712
14120.0	0.4787890020709888
14130.0	0.479810964419763
14140.0	0.4802855469066859
14150.0	0.4800346646185327
14160.0	0.480701131789146
14170.0	0.48226894752667
14180.0	0.48359838052739
14190.0	0.4837585496192085
14200.0	0.4827350093296469
14210.0	0.4820798770339239
14220.0	0.4807476204730047
14230.0	0.4796385791197544
14240.0	0.4775795152359002
14250.0	0.4756075160610589
14260.0	0.4734038829697985
14270.0	0.4706915372427636
14280.0	0.4667629589275536
14290.0	0.4621571573867091
14300.0	0.457787608475387
14310.0	0.4523307924426162
14320.0	0.4461302321534035
14330.0	0.4399993112461881
14340.0	0.4336382784530302
14350.0	0.4265295275856011
14360.0	0.4182426954517964
14370.0	0.4114086172890587
14380.0	0.4030875571321801
14390.0	0.3936185736735184
14400.0	0.3828255170355747
14410.0	0.3738084675416621
14420.0	0.3651705962441057
14430.0	0.3554854353198927
14440.0	0.3451849524152179
14450.0	0.3351781515181849
14460.0	0.3253595691164209
14470.0	0.3167170747532458
14480.0	0.3089484199271858
14490.0	0.3025865434025604
14500.0	0.2961714563498754
14510.0	0.2909726836095253
14520.0	0.2863073317527761
14530.0	0.2822173757623341
14540.0	0.2798331133828
14550.0	0.2793856467097285
14560.0	0.2806110935997508
14570.0	0.2823974154311625
14580.0	0.2859114260298165
14590.0	0.2912794013373792
14600.0	0.2982710477690061
14610.0	0.3059058618287527
14620.0	0.3140999960422434
14630.0	0.3238231159352302
14640.0	0.3348422146417293
14650.0	0.3484970501454864
14660.0	0.3619906412999928
14670.0	0.3757751437866777
14680.0	0.3869384853578413
14690.0	0.3990035376161969
14700.0	0.4110148090548265
14710.0	0.4237713555689295
14720.0	0.4368303132748537
14730.0	0.4486182699214689
14740.0	0.4600860750373349
14750.0	0.4686524483252263
14760.0	0.4773627595312258
14770.0	0.4835664973399342
14780.0	0.4892601730122772
14790.000000000002	0.4937432818353062
14800.0	0.4987218032491937
14810.000000000002	0.5024166605222897
14820.0	0.5054466050638692
14830.000000000002	0.5081204594119686
14840.0	0.5103866065520396
14850.000000000002	0.5106217679379624
14860.0	0.5105780490511946
14870.000000000002	0.5098360637141166
14880.0	0.510490102448879
14890.000000000002	0.5113258815283874
14900.0	0.5130007173286308
14910.000000000002	0.513782651162826
14920.0	0.5139422159391267
14930.000000000002	0.5133850213683405
14940.0	0.512074093140154
14950.000000000002	0.5112784443495914
14960.0	0.5108504223325793
14970.000000000002	0.5121850368151377
14980.0	0.5128788835044568
14990.000000000002	0.5136494085947282
15000.0	0.5131453417851016
15009.999999999998	0.5131804015610353
15020.0	0.5130986177729817
15029.999999999998	0.5128625221227817
15040.0	0.5129228196381801
15049.999999999998	0.5141284783710712
15060.0	0.5157662820923871
15069.999999999998	0.5159772339027542
15080.0	0.5165334344606552
15089.999999999998	0.5170858652492731
15100.0	0.5170917486917217
15109.999999999998	0.5172384047804625
15120.0	0.5175652912678906
15129.999999999998	0.5183825197356926
15140.0	0.519170578336354
15149.999999999998	0.5199564859247755
15160.0	0.5207619640066814
15169.999999999998	0.5212225285153338
15180.0	0.5210994504413033
15189.999999999998	0.5196316910397726
15200.0	0.518882005235553
15209.999999999998	0.5186848969448009
15220.0	0.5193193159949165
15230.0	0.521132621783079
15240.0	0.5224405784958319
15250.0	0.5221532360987162
15260.0	0.5220013059055445
15270.0	0.5220929817954675
15280.0	0.5234779410947489
15290.0	0.523762822398184
15300.0	0.524627714430745
15310.0	0.5246307270850948
15320.0	0.5255224093573331
15330.0	0.5255934776157556
15340.0	0.5250746945400228
15350.0	0.5247767863622377
15360.0	0.5246393228379647
15370.0	0.5252066109096106
15380.0	0.5262579810783385
15390.0	0.5272561547989801
15400.0	0.5273585632442727
15410.0	0.5269964400744815
15420.0	0.5264843399830763
15430.0	0.5248881843919843
15440.0	0.5239807199067278
15450.0	0.5237361389522551
15460.0	0.5253766967565399
15470.0	0.5257537046020186
15480.0	0.526423482293066
15490.0	0.5262257166965744
15500.0	0.5259307423369287
15510.0	0.5251037133568921
15520.0	0.5251982675209724
15530.0	0.5260627545858809
15540.0	0.5264636173036776
15550.0	0.5276336679898529
15560.0	0.5286112057537121
15570.0	0.5283706476602024
15580.0	0.526851278053675
15590.0	0.5255831186505977
15600.0	0.5257183855354656
15610.0	0.5264426875689476
15620.0	0.5271849575485914
15630.0	0.5279704984316989
15640.0	0.5291814352978459
15650.0	0.5291440921222723
15660.0	0.5271771968168917
15670.0	0.5258153315690535
15680.0	0.525377340492054
15690.0	0.5256912796563227
15700.0	0.5259241321532205
15710.0	0.5263447442864966
15720.0	0.5272102654945214
15730.0	0.5272845825463908
15740.0	0.5267356633870977
15750.0	0.52565354683736
15760.0	0.5254898144156043
15770.0	0.5257097494347807
15780.0	0.5262725072597167
15790.0	0.5272691461848132
15800.0	0.5282418574789097
15810.0	0.5288830402513116
15820.0	0.5267066593079079
15830.0	0.5251932140855157
15840.0	0.525385416561127
15850.0	0.5267599652956025
15860.0	0.5258704621970983
15870.0	0.5251044980149017
15880.0	0.525222477846004
15890.0	0.5246572671733802
15900.0	0.5241016954496048
15910.0	0.5229238478211822
15920.0	0.523130626588868
15930.0	0.5234081378348259
15940.0	0.5238193806898085
15950.0	0.5238605188826699
15960.0	0.5239920867092817
15970.0	0.5249868966437645
15980.0	0.5242881107986043
15990.0	0.5237410934749921
16000.0	0.5232912071973816
16010.0	0.5237937648598189
16020.0	0.5252352452577108
16030.0	0.5274167012127251
16040.000000000002	0.5295952750562704
16050.0	0.5286985615349368
16060.000000000002	0.5275776104972199
16070.0	0.5264119632816578
16080.000000000002	0.5261606268224113
16090.0	0.5264818146782828
16100.000000000002	0.5275276246026197
16110.0	0.5282441661792546
16120.000000000002	0.527287834638181
16130.0	0.5276715094316335
16140.000000000002	0.5286802282097626
16150.0	0.5287402420434595
16160.000000000002	0.5271956153610068
16170.0	0.5266131555348056
16180.000000000002	0.5275880514364335
16190.0	0.5293180628078547
16200.000000000002	0.5304366146144052
16210.0	0.5306304826947119
16220.000000000002	0.5294880359896958
16230.0	0.5285731357410774
16240.000000000002	0.5278451206978
16250.0	0.5294733980262445
16259.999999999998	0.5317548226788233
16270.0	0.5336859393756044
16279.999999999998	0.5335851683632122
16290.0	0.5347729801451553
16299.999999999998	0.5346587504389916
16310.0	0.5321896667706373
16319.999999999998	0.5303763198553304
16330.0	0.5306906535470329
16339.999999999998	0.5323037470304306
16350.0	0.5332986648149871
16359.999999999998	0.5351137812652269
16370.0	0.5347844902230134
16379.999999999998	0.5340681160504487
16390.0	0.5326694264094421
16400.0	0.5328427670587005
16410.0	0.5337231148993454
16420.0	0.5346257157082287
16430.0	0.534023196574654
16440.0	0.5339031055854094
16450.0	0.5335389815498197
16460.0	0.5335104138952336
16470.0	0.532937406608714
16480.0	0.5330505385573154
16490.0	0.5320118634323119
16500.0	0.532443077015777
16510.0	0.5337451867376248
16520.0	0.5353150937249548
16530.0	0.5350837569555771
16540.0	0.5336619647975539
16550.0	0.5329132512530953
16560.0	0.5324171138024005
16570.0	0.5321736461285999
16580.0	0.5319906997150246
16590.0	0.5329192496036187
16600.0	0.5334742920267359
16610.0	0.532804626878122
16620.0	0.5318394544177005
16630.0	0.5313693392668997
16640.0	0.5298642723903232
16650.0	0.5288953557413242
16660.0	0.5285440384169332
16670.0	0.529186172230332
16680.0	0.5284628668829103
16690.0	0.5277474332988494
16700.0	0.5255662359966312
16710.0	0.5234016934441941
16720.0	0.5210127452577054
16730.0	0.5212859649863762
16740.0	0.5234681160181252
16750.0	0.5256143217469141
16760.0	0.5271225655333591
16770.0	0.5275276887895376
16780.0	0.5277278237012717
16790.0	0.5284147320663253
16800.0	0.530678201374927
16810.0	0.5310788671483081
16820.0	0.5305214477804069
16830.0	0.5316970481512368
16840.0	0.5336450478041173
16850.0	0.5359057418012517
16860.0	0.5362172411683741
16870.0	0.5355450278356328
16880.0	0.5347237821624875
16890.0	0.5357792678988225
16900.0	0.5355947848859466
16910.0	0.5363057593519376
16920.0	0.5370740943706973
16930.0	0.5385297719273504
16940.0	0.5379675291828617
16950.0	0.5375845456112585
16960.0	0.5357196956036412
16970.0	0.5357663415046369
16980.0	0.5354196926535175
16990.0	0.5358121753446171
17000.0	0.5362310918432973
17010.0	0.537624231925665
17020.0	0.5373122634589867
17030.0	0.5354198288067886
17040.0	0.5333018056845977
17050.0	0.5320788051800663
17060.0	0.5322519632663997
17070.0	0.532482362218723
17080.0	0.5324910074583855
17090.0	0.5323576741323116
17100.0	0.531412831961544
17110.0	0.5307282225085399
17120.0	0.5294996753361054
17130.0	0.528124773126244
17140.0	0.5272731988203397
17150.0	0.527686662553458
17160.0	0.5286226595084965
17170.0	0.5289530926585586
17180.0	0.5305703964832701
17190.0	0.5306797881682319
17200.0	0.5303796262793369
17210.0	0.5290362313652932
17220.0	0.5302646224865911
17230.0	0.5313927344966656
17240.0	0.5323733481094755
17250.0	0.5338493402324338
17260.0	0.5359114629984448
17270.0	0.5374366005778273
17280.0	0.5357478893903361
17290.0	0.5342434776452715
17300.0	0.5328784913675205
17310.0	0.533595146867258
17320.0	0.5342852693806016
17330.0	0.5351031727911377
17340.0	0.5352506542446964
17350.0	0.5346840753727695
17360.0	0.5343471727752463
17370.0	0.5343709940206675
17380.0	0.5351629834269322
17390.0	0.535777653897139
17400.0	0.5364659002018912
17410.0	0.5366497990319141
17420.0	0.5371754647866909
17430.0	0.5383626128776474
17440.0	0.5381392424677146
17450.0	0.5373856591176749
17460.0	0.5366770177753538
17470.0	0.5367341161521737
17480.0	0.5369197492528829
17490.0	0.5382244468643673
17500.0	0.5404272623109112
17510.0	0.5408425051956146
17520.0	0.5394882505031782
17530.0	0.5384885210046082
17540.0	0.5378396193894093
17550.0	0.5383914665446125
17560.0	0.5388161960405006
17570.0	0.5398920963267285
17580.0	0.5392491000497134
17590.0	0.5395026168054656
17600.0	0.5393362030754814
17610.0	0.5383200122595293
17620.0	0.5367046475663282
17630.0	0.5364529685849004
17640.0	0.53740257134294
17650.0	0.5385870477662568
17660.0	0.5393798859982042
17670.0	0.5396125474218899
17680.0	0.5379951975510516
17690.0	0.5367785745367266
17700.0	0.5354891676403105
17710.0	0.5360956225774154
17720.0	0.5362181497705315
17730.0	0.535601139919888
17740.0	0.5361707228821644
17750.0	0.5388003913084751
17760.0	0.5441565112260317
17770.0	0.5420342095729526
17780.0	0.5377832328094364
17790.0	0.5342709269332954
17800.0	0.5368711407095239
17810.0	0.5383186173527705
17820.0	0.5399921098518061
17830.0	0.5414093741012292
17840.0	0.541527994643386
17850.0	0.5402767033789997
17860.0	0.5395755992246325
17870.0	0.5400841891876866
17880.0	0.541073202515846
17890.0	0.5421558850287751
17900.0	0.5428332104364153
17910.0	0.5429936400011939
17920.0	0.5423132282927074
17930.0	0.540926334908464
17940.0	0.5401399677469699
17950.0	0.5401053102450435
17960.0	0.5394096398121538
17970.0	0.5394432624792591
17980.0	0.540609305436805
17990.0	0.5426154469359246
18000.0	0.5427012668297013
18010.0	0.5425516321746678
18020.0	0.5422458101623531
18030.0	0.5418925684861913
18040.0	0.5418656723789217
18050.0	0.5422765926230945
18060.0	0.5437101075601917
18070.0	0.5440657836910611
18080.0	0.5443897906598402
18090.0	0.5439665428986166
18100.0	0.543791233744976
18110.0	0.5434974095439655
18120.0	0.5435980654715739
18130.0	0.5446525101040696
18140.0	0.5462990809504936
18150.0	0.547362968987609
18160.0	0.5471393021455601
18170.0	0.5465877581616467
18180.0	0.545312485734275
18190.0	0.5434658489611328
18200.0	0.5422158202986427
18210.0	0.542205231975017
18220.0	0.5431543870590784
18230.0	0.543596822220515
18240.0	0.543891290948505
18250.0	0.5434578437576488
18260.0	0.5427253156304511
18270.0	0.5417025342802334
18280.0	0.5414733897012081
18290.0	0.5413196705085849
18300.0	0.5418736693202766
18310.0	0.5429000610349884
18320.0	0.5443673975093536
18330.0	0.5440912534411662
18340.0	0.5430934001545871
18350.0	0.5426526259683304
18360.0	0.5427182152545204
18370.0	0.5428775764296793
18380.0	0.5436275935836257
18390.0	0.5459442838593553
18400.0	0.5463108410480301
18410.0	0.5451694620420793
18420.0	0.5430951587241297
18430.0	0.541964048333111
18440.0	0.5417583411482587
18450.0	0.5428550462758274
18460.0	0.5443669269775521
18470.0	0.5449169716751889
18480.0	0.5450829822141856
18490.0	0.5441184446033152
18500.0	0.5431127158990161
18510.0	0.5419116833930573
18520.0	0.5415136545796474
18530.0	0.5418681606292889
18540.0	0.5428693992110144
18550.0	0.543889659563016
18560.0	0.5435648784350375
18570.0	0.542500977086987
18580.0	0.5411248128503828
18590.0	0.5407781369622644
18600.0	0.5407091032143128
18610.0	0.5404704364839163
18620.0	0.5414624457947896
18630.0	0.5428073224416898
18640.0	0.5444362960635313
18650.0	0.5442657972355323
18660.0	0.5429582328291703
18670.0	0.5411899575773482
18680.0	0.5410213282968863
18690.0	0.5430039139978531
18700.0	0.5438643931186958
18710.0	0.5443026075931895
18720.0	0.5440073889594098
18730.0	0.5453249266522991
18740.0	0.5456797976347676
18750.0	0.5456458625503161
18760.0	0.5449709188708145
18770.0	0.5454104438933431
18780.0	0.5461031547200617
18790.0	0.5470206981025814
18800.0	0.5476508993449501
18810.0	0.5466355852129223
18820.0	0.544340837103414
18830.0	0.5425471198112809
18840.0	0.5419574204162214
18850.0	0.5427272046840265
18860.0	0.5436444106789047
18870.0	0.5445266382608962
18880.0	0.5442144201113811
18890.0	0.5438200829132922
18900.0	0.5427210663524227
18910.0	0.5414994138059688
18920.0	0.541168364594076
18930.0	0.540999083404192
18940.0	0.5410689187285108
18950.0	0.5415878229044977
18960.0	0.5428368148051756
18970.0	0.5436974391556028
18980.0	0.5427126608324713
18990.0	0.5414343991474013
19000.0	0.5405420329355792
19010.0	0.5415944595445152
19020.0	0.5420836016072637
19030.0	0.5421806775682716
19040.0	0.5423564865826307
19050.0	0.5423764049431634
19060.0	0.541382948365562
19070.0	0.5398951641623256
19080.0	0.5398687937292019
19090.0	0.5409462921580039
19100.0	0.5423659066658981
19110.0	0.5436047841699938
19120.0	0.5436880968115815
19130.0	0.5439112089514635
19140.0	0.5430608317004155
19150.0	0.5419363378911414
19160.0	0.5402575023287556
19170.0	0.5399556009795616
19180.0	0.5413116602544245
19190.0	0.5420304833759817
19200.0	0.5424107701664614
19210.0	0.5415786477236918
19220.0	0.5414211087891205
19230.0	0.5404939386048532
19240.0	0.5395178880701655
19250.0	0.5384048273963488
19260.0	0.538055710516373
19270.0	0.5386217604519611
19280.0	0.5389901896029141
19290.0	0.5389914355555939
19300.0	0.5383471675187351
19310.0	0.5372687941951491
19320.0	0.5356164464830326
19330.0	0.5339531895026551
19340.0	0.5344801139944755
19350.0	0.5357342698649832
19360.0	0.5370397204024855
19370.0	0.5367891556957938
19380.0	0.5370222333917699
19390.0	0.536455084536351
19400.0	0.5361377586635925
19410.0	0.5359365313507382
19420.0	0.5367067204888122
19430.0	0.5383695850347945
19440.0	0.539807957869507
19450.0	0.540985668434114
19460.0	0.5413007816635846
19470.0	0.5408341829011301
19480.0	0.5394416171056775
19490.0	0.5383137830484709
19500.0	0.5387743434272381
19510.0	0.5402044888024821
19520.0	0.5413291986711626
19530.0	0.5413213888731503
19540.0	0.5412106355175327
19550.0	0.5409586478420525
19560.0	0.5405524098335555
19570.0	0.54027446824869
19580.0	0.5402757011529251
19590.0	0.5403070392780809
19600.0	0.540704364109757
19610.0	0.5407853128680296
19620.0	0.5411576418503015
19630.0	0.5408721823025235
19640.0	0.540625684880512
19650.0	0.5397077799280201
19660.0	0.5401929828927584
19670.0	0.5414238814469926
19680.0	0.541642018400736
19690.0	0.54107938828795
19700.0	0.5399309955258293
19710.0	0.5400481554702803
19720.0	0.5395992607255498
19730.0	0.5398102419844645
19740.0	0.5393813808920366
19750.0	0.5397533120092509
19760.0	0.5402013559603087
19770.0	0.5406563337570089
19780.0	0.5414074604739496
19790.0	0.5416467962707592
19800.0	0.5415143771090097
19810.0	0.5406365315426954
19820.0	0.5404741263983893
19830.0	0.5408694342430724
19840.0	0.5412347064840848
19850.0	0.5420435072644193
19860.0	0.5425922664811157
19870.0	0.5434522627159609
19880.0	0.5430091339681686
19890.0	0.5426882703119065
19900.0	0.5421206325072012
19910.0	0.5423537888311155
19920.0	0.5424312183496773
19930.0	0.5415836115003869
19940.0	0.5400124237116718
19950.0	0.5371046110747433
19960.0	0.5339443136946392
19970.0	0.5309979803442137
19980.0	0.5329345075343678
19990.0	0.5356198183292409
20000.0	0.537405885748688
20010.0	0.5374054088744602
20019.999999999996	0.5374376825852117
20030.0	0.5371425759854093
20040.0	0.5364899868778601
20050.0	0.5371073576789006
20059.999999999996	0.537419279458329
20070.0	0.538749508816459
20080.0	0.5390594447626389
20090.0	0.5388456148226168
20099.999999999996	0.5381546485307577
20110.0	0.5371688070233379
20120.0	0.5368600179732921
20130.0	0.5371367676877775
20139.999999999996	0.5379452187549173
20150.0	0.5374513299524747
20160.0	0.5370194010071896
20170.0	0.5372644315530186
20179.999999999996	0.5374207445515639
20190.0	0.5367066475605682
20200.0	0.5352770720462935
20210.0	0.5354331272038254
20219.999999999996	0.5372228062837581
20230.0	0.538270228284161
20240.0	0.5374168564730802
20250.0	0.5358494571493123
20259.999999999996	0.5357026642496204
20270.0	0.5352416762518388
20280.0	0.5348706616184944
20290.0	0.5341667531226575
20299.999999999996	0.5352166725933488
20310.0	0.5366511118349536
20320.0	0.5371774787377289
20330.0	0.5362435368833248
20339.999999999996	0.5353478677624305
20350.0	0.5354363102648357
20360.0	0.5353614568827599
20370.0	0.5350477165460836
20379.999999999996	0.5350538222779582
20390.0	0.5346696296852002
20400.0	0.533584469782941
20410.0	0.532196200584221
20419.999999999996	0.5316054536387353
20430.0	0.5316885986127611
20440.0	0.5315494798071294
20450.0	0.531327896115406
20460.0	0.5306553300379869
20470.0	0.5308845551483665
20480.0	0.5307273427784903
20490.0	0.5304247525292125
20500.0	0.5300293559799196
20510.0	0.5293089450820383
20520.0	0.5284679456064879
20530.0	0.5272631109566314
20540.0	0.5280871608821662
20550.0	0.5286282036252411
20560.0	0.5297140916002164
20570.0	0.5300721451863853
20580.0	0.5312757666750808
20590.0	0.5317413227067481
20600.0	0.5310082442992864
20610.0	0.5304856331452331
20620.0	0.5304734534114474
20630.0	0.5321090240464337
20640.0	0.5323485883029125
20650.0	0.5320849837614245
20660.0	0.531553734430813
20670.0	0.5307626965484844
20680.0	0.5307979740836829
20690.0	0.530503169270254
20700.0	0.5317333212930441
20710.0	0.5327507495992989
20720.0	0.5347438512722956
20730.0	0.5353372735736243
20740.0	0.535649380976368
20750.0	0.5367233655639819
20760.0	0.5368195767572783
20770.0	0.5356955288023277
20780.0	0.5338938061409542
20790.0	0.5346716783458751
20800.0	0.5364881951888923
20810.0	0.5376285852046565
20820.0	0.5379979875019738
20830.000000000004	0.5379812524377184
20840.0	0.5387307911677867
20850.0	0.5378261192188325
20860.0	0.5383861201402065
20870.000000000004	0.5385380339819972
20880.0	0.5398189960474588
20890.0	0.5383178417008827
20900.0	0.5364238843375929
20910.000000000004	0.5351612103704063
20920.0	0.5358386938765642
20930.0	0.5369873638110239
20940.0	0.5362309791286779
20950.000000000004	0.5349318130147962
20960.0	0.5344778346813862
20970.0	0.5358833738333338
20980.0	0.5371411168239482
20990.000000000004	0.5370110299271539
21000.0	0.5361080581420729
21010.0	0.5356540246715376
21020.0	0.5353873578574357
21030.000000000004	0.5347954440624947
21040.0	0.534291516803524
21050.0	0.5352013060086687
21060.0	0.5358016719318712
21070.000000000004	0.535787164439211
21080.0	0.5354571050723972
21090.0	0.5360001426697475
21100.0	0.5366799341572172
21110.000000000004	0.535719425935162
21120.0	0.5345192907146786
21130.0	0.5347755786784913
21140.0	0.5359635684885754
21150.000000000004	0.5356063953869926
21160.0	0.535103313947072
21170.0	0.5351210696118175
21180.0	0.5356646236333151
21190.000000000004	0.5363853502930094
21200.0	0.5372164727034394
21210.0	0.537948011543657
21220.0	0.5377337763248198
21230.000000000004	0.5367802172270039
21240.0	0.5363636607220484
21250.0	0.5374547673476365
21260.0	0.5388566385824765
21269.999999999996	0.5379820808468516
21280.0	0.5365600957592495
21290.0	0.5357692578188732
21300.0	0.5369055203697052
21309.999999999996	0.5378733146518281
21320.0	0.5375230551087351
21330.0	0.5364652555290881
21340.0	0.5349047946078427
21349.999999999996	0.5347524684238971
21360.0	0.5342147154160741
21370.0	0.5336361814205656
21380.0	0.5322250993498256
21389.999999999996	0.5308426725164236
21400.0	0.5292984114481595
21410.0	0.5282289028861605
21420.0	0.528622977600855
21429.999999999996	0.5284036138137161
21440.0	0.5280033586771913
21450.0	0.526796226611843
21460.0	0.5266689263532409
21469.999999999996	0.5267936339526536
21480.0	0.527111013909666
21490.0	0.5272658893154893
21500.0	0.5267331102124793
21509.999999999996	0.5257041995240709
21520.0	0.5240336359128925
21530.0	0.5230983592374623
21540.0	0.5227376936608186
21549.999999999996	0.5229042192814637
21560.0	0.5234502405897814
21570.0	0.522361724338169
21580.0	0.5214050679402781
21589.999999999996	0.5217041563160459
21600.0	0.5225149222292136
21610.0	0.5219821566591137
21620.0	0.5207626853502842
21629.999999999996	0.520619451808753
21640.0	0.5194202569425815
21650.0	0.5176956705538618
21660.0	0.5160281050694916
21669.999999999996	0.5161090926666277
21680.0	0.5163891452472315
21690.0	0.5153139589216253
21700.0	0.514231253509104
21710.0	0.5135381276955366
21720.0	0.5136734435036401
21730.0	0.5133542857039106
21740.0	0.5132493099261743
21750.0	0.5122489702695266
21760.0	0.5098712372894677
21770.0	0.5070729200465225
21780.0	0.5042708650587274
21790.0	0.5023503772056483
21800.0	0.5002406857271792
21810.0	0.4986633604145739
21820.0	0.4975941317364961
21830.0	0.4962025387639456
21840.0	0.4935188758307946
21850.0	0.4897453512892594
21860.0	0.4868315803008894
21870.0	0.4834314373868361
21880.0	0.4818711977528443
21890.0	0.4787908615740422
21900.0	0.4771971893381449
21910.0	0.4734615354434587
21920.0	0.4712734462894043
21930.0	0.4676180048195425
21940.0	0.4649787004735832
21950.0	0.4611740610923517
21960.0	0.4584035302326181
21970.0	0.4551519938515976
21980.0	0.4513138083299197
21990.0	0.4471264141359725
22000.0	0.4442333663978454
22010.0	0.4404655563494911
22020.0	0.4360984805666288
22030.0	0.4312061377578564
22040.0	0.4275840058804341
22050.0	0.4248840463699586
22060.0	0.4230361194114581
22070.0	0.4208532525189872
22080.000000000004	0.4180903500422715
22090.0	0.4149766915535213
22100.0	0.4122836562449487
22110.0	0.4109720665508554
22120.000000000004	0.4109597687103779
22130.0	0.411074754255211
22140.0	0.4105682192518544
22150.0	0.4095655191860764
22160.000000000004	0.4097265045669441
22170.0	0.4108459005849817
22180.0	0.4121972307531061
22190.0	0.4129199405834706
22200.000000000004	0.4139523805529069
22210.0	0.4153637165023543
22220.0	0.4162891872183437
22230.0	0.418058891530549
22240.000000000004	0.4198772021704631
22250.0	0.421155652558508
22260.0	0.4212072236852106
22270.0	0.4215852577227839
22280.000000000004	0.4222772917354436
22290.0	0.4235687886385776
22300.0	0.4250565952653866
22310.0	0.4257574558159038
22320.000000000004	0.4261170703529371
22330.0	0.4270223737903948
22340.0	0.4281371105720513
22350.0	0.4289572254718228
22360.000000000004	0.4296499830977324
22370.0	0.4300123148778879
22380.0	0.4302347621825405
22390.0	0.4313702490004137
22400.000000000004	0.4326933841453564
22410.0	0.432307867500742
22420.0	0.430881382066529
22430.0	0.4302497351462631
22440.000000000004	0.4315360382835441
22450.0	0.4333053086950984
22460.0	0.4346508343965262
22470.0	0.4348170540650707
22480.000000000004	0.4335991365076442
22490.0	0.4332372810010116
22500.0	0.4336276532749942
22510.0	0.4348997559207013
22519.999999999996	0.4347261169370364
22530.0	0.4341364859836885
22540.0	0.4337610506726493
22550.0	0.4343483176028065
22559.999999999996	0.4353738237953599
22570.0	0.4352492247742269
22580.0	0.4351359063134422
22590.0	0.4350151835627152
22599.999999999996	0.4353979976498052
22610.0	0.4355054459420574
22620.0	0.4363869486993265
22630.0	0.4365096631356745
22639.999999999996	0.4358811001967331
22650.0	0.4352171140790671
22660.0	0.4360946486180152
22670.0	0.4370436230027482
22679.999999999996	0.4379129504684127
22690.0	0.4393365842321899
22700.0	0.4418822260680654
22710.0	0.444688032822001
22719.999999999996	0.4477160427573921
22730.0	0.4496844840615374
22740.0	0.4511281870104746
22750.0	0.4525952090809545
22759.999999999996	0.4546908705719418
22770.0	0.4568399408390923
22780.0	0.4584120074803707
22790.0	0.4598060644532303
22799.999999999996	0.4605165693323112
22810.0	0.461536770833174
22820.0	0.4634260893740985
22830.0	0.466374812994271
22839.999999999996	0.4688527135320994
22850.0	0.4694771715330494
22860.0	0.4700444916467399
22870.0	0.4711386557129145
22879.999999999996	0.4730825784876137
22890.0	0.4745765802318092
22900.0	0.4757465761558851
22910.0	0.4761020977348419
22919.999999999996	0.4762633745900773
22930.0	0.4774512785414126
22940.0	0.4797087224873938
22950.0	0.4819088930001346
22960.0	0.4824514434712447
22970.0	0.482649742543344
22980.0	0.483150343555899
22990.0	0.4851333929339594
23000.0	0.4871760694248286
23010.0	0.4878946891946137
23020.0	0.488173275875687
23030.0	0.4893702205713812
23040.0	0.4924315671510003
23050.0	0.4955082147305426
23060.0	0.4979670503226159
23070.0	0.49925177292287
23080.0	0.5013750831110939
23090.0	0.5046629175881835
23100.0	0.5073742248148841
23110.0	0.5094255427504417
23120.0	0.5110969901809238
23130.0	0.5114338953501384
23140.0	0.511072037976906
23150.0	0.5109573262295534
23160.0	0.513181193053235
23170.0	0.5151671985464533
23180.0	0.5163909961788299
23190.0	0.5164373177647513
23200.0	0.5167642486036144
23210.0	0.5176583061696207
23220.0	0.5196873778674339
23230.0	0.5212398947801347
23240.0	0.520860871587707
23250.0	0.520228720214505
23260.0	0.5203806926985769
23270.0	0.520523387981571
23280.0	0.521829255215128
23290.0	0.522426559820501
23300.0	0.5228961408414304
23310.0	0.5218031448570282
23320.0	0.523473741377081
23330.000000000004	0.5259208263178644
23340.0	0.5272609699687022
23350.0	0.5264827054286835
23360.0	0.5258395673533521
23370.000000000004	0.5259136855961145
23380.0	0.5262147001244806
23390.0	0.5267639175848584
23400.0	0.5265951163291753
23410.000000000004	0.5263554459021696
23420.0	0.5263111848455931
23430.0	0.5260172373308424
23440.0	0.5265510875019356
23450.000000000004	0.5261026028477988
23460.0	0.5262448634546452
23470.0	0.5262794782107245
23480.0	0.5280043459948834
23490.000000000004	0.5298384129088904
23500.0	0.5306596581783196
23510.0	0.5313369056854695
23520.0	0.5311758226993136
23530.000000000004	0.5322552353791875
23540.0	0.5331230952368586
23550.0	0.5346853011134785
23560.0	0.5357333290721701
23570.000000000004	0.53612193413461
23580.0	0.536918422596076
23590.0	0.5378432597941258
23600.0	0.5397737208039136
23610.000000000004	0.5396920367003515
23620.0	0.5392814164204236
23630.0	0.5377478972922047
23640.0	0.5376409487653196
23650.000000000004	0.5387500057230437
23660.0	0.5399522008800629
23670.0	0.5409148047275951
23680.0	0.540664018890909
23690.000000000004	0.5401213556575362
23700.0	0.5399891995613696
23710.0	0.5406641572587696
23720.0	0.5413681111379178
23730.000000000004	0.5404896342486062
23740.0	0.5397967832310758
23750.0	0.5399084477277858
23760.0	0.5410266293119951
23769.999999999996	0.5408811258809042
23780.0	0.5406831549570381
23790.0	0.539829157580562
23800.0	0.5385042127436622
23809.999999999996	0.0
23819.999999999996	0.0
