14284.000244140621	0.0
14294.000244140623	0.0
14304.000244140625	9.672242351885406e-07
14314.000244140625	6.10329487156316e-07
14324.000244140625	1.6499998837905094e-06
14334.000244140625	9.243816819908496e-07
14344.000244140625	5.996753502351842e-07
14354.000244140625	9.69439868008888e-07
14364.000244140625	7.426989250039409e-07
14374.000244140625	1.0698250187097418e-06
14384.000244140625	1.3626551298176151e-06
14394.000244140625	9.57707344104025e-07
14404.000244140625	1.174187177657703e-06
14414.000244140625	2.200212068748951e-06
14424.000244140625	1.1143525853620896e-06
14434.000244140625	2.811156723071182e-06
14444.000244140625	2.75692181874598e-06
14454.000244140625	3.198949653377772e-06
14464.000244140625	2.1199382173461123e-06
14474.000244140625	2.916176000502074e-06
14484.000244140625	3.640594609024274e-06
14494.000244140625	2.881341088755775e-06
14504.000244140625	4.180215699391621e-06
14514.000244140625	4.115202474852413e-06
14524.000244140625	4.231683739850933e-06
14534.000244140625	4.879573006845108e-06
14544.000244140625	4.1445222473487775e-06
14554.000244140625	5.667621538362398e-06
14564.000244140625	5.919630933586266e-06
14574.000244140625	6.876351025092445e-06
14584.000244140625	6.8039618183188086e-06
14594.000244140625	6.552667792844146e-06
14604.000244140625	8.607928453506986e-06
14614.000244140625	9.39032059873423e-06
14624.000244140625	9.790772207049895e-06
14634.000244140625	1.1075611355073236e-05
14644.000244140625	1.160070189434147e-05
14654.000244140625	1.2450089022449564e-05
14664.000244140625	1.5926466140595683e-05
14674.000244140625	1.4405987515616965e-05
14684.000244140625	1.775988219968085e-05
14694.000244140625	1.8643089946724704e-05
14704.000244140625	1.9649479011691424e-05
14714.000244140625	2.3778187317146144e-05
14724.000244140625	2.6261796205957537e-05
14734.000244140627	2.872168148952626e-05
14744.000244140625	3.172286327334571e-05
14754.000244140627	3.542008619850939e-05
14764.000244140625	3.8123043115450474e-05
14774.000244140627	4.334906011710159e-05
14784.000244140625	4.724767689664108e-05
14794.000244140627	5.468324084851888e-05
14804.000244140625	5.956392084084281e-05
14814.000244140627	6.48026005303296e-05
14824.000244140625	7.487747040842606e-05
14834.000244140627	8.10117980658721e-05
14844.000244140625	9.16719920215592e-05
14854.000244140627	0.0001023392216646
14864.000244140625	0.0001151336040775
14874.000244140627	0.0001307289146145
14884.000244140625	0.0001442641211126
14894.000244140627	0.0001658415422696
14904.000244140625	0.0001885582579306
14914.000244140627	0.0002141667433601
14924.000244140625	0.0002454339505226
14934.000244140627	0.0002790768632709
14944.000244140625	0.0003300244136425
14954.000244140623	0.0003655458487816
14964.000244140625	0.0004280205915396
14974.000244140623	0.0004973360177488
14984.000244140625	0.0005858158310198
14994.000244140623	0.0006755808760235
15004.000244140625	0.0008021780819606
15014.000244140623	0.0009337203468892
15024.000244140625	0.0010890697872921
15034.000244140623	0.0012837098316695
15044.000244140625	0.0014927824706109
15054.000244140623	0.0017743652923847
15064.000244140625	0.0020796210939256
15074.000244140623	0.002459912483264
15084.000244140623	0.0028419527036032
15094.000244140623	0.0033230183916643
15104.000244140623	0.0038796399661943
15114.000244140623	0.0046342326118637
15124.000244140623	0.0052706142386623
15134.000244140623	0.0062706039811663
15144.000244140623	0.0070179602401773
15154.000244140623	0.0084353579419342
15164.000244140623	0.0098298446069791
15174.000244140625	0.0114266136113937
15184.000244140623	0.0131846476253105
15194.000244140625	0.0147169133859236
15204.000244140623	0.01631395629464
15214.000244140625	0.0178418028000398
15224.000244140623	0.019962817222119
15234.000244140625	0.0220768640141491
15244.000244140623	0.0238030660342107
15254.000244140625	0.0274803300382999
15264.000244140623	0.0302920805339202
15274.000244140625	0.0339755919253309
15284.000244140623	0.0387255733234012
15294.000244140625	0.043910850243748
15304.000244140623	0.0503056754152461
15314.000244140625	0.0572316703589426
15324.000244140623	0.0657175614303784
15334.000244140625	0.0763611339843965
15344.000244140623	0.0865496630349484
15354.000244140625	0.1027424890626195
15364.000244140623	0.1165477672493557
15374.000244140625	0.1319553010791702
15384.000244140623	0.1595728818004441
15394.000244140625	0.1806425675979446
15404.000244140623	0.2080843299089463
15414.000244140625	0.237594334448655
15424.000244140623	0.2690424432966286
15434.000244140625	0.2977716427599277
15444.000244140623	0.3286788261869445
15454.000244140625	0.3585375849588426
15464.000244140623	0.3785900844012086
15474.000244140625	0.3995647203687249
15484.000244140623	0.4162509636168556
15494.000244140625	0.4270752575174398
15504.000244140623	0.4354055360764817
15514.000244140625	0.4402161693401926
15524.000244140625	0.4470874529259573
15534.000244140625	0.4474863866177474
15544.000244140625	0.4516503988526172
15554.000244140625	0.4557860632549245
15564.000244140625	0.4566270030420292
15574.000244140625	0.4572205148655432
15584.000244140625	0.4543285433418363
15594.000244140625	0.4682873551751738
15604.000244140625	0.4626382919651872
15614.000244140625	0.4641959321978209
15624.000244140625	0.471800281969517
15634.000244140625	0.4731913887818408
15644.000244140625	0.4647307440333372
15654.000244140625	0.4713167990933194
15664.000244140625	0.4694372897354425
15674.000244140625	0.4737070001625939
15684.000244140625	0.4730427008686048
15694.000244140625	0.4751112101834953
15704.000244140625	0.4721409056777277
15714.000244140625	0.4728146125269305
15724.000244140625	0.475822955990736
15734.000244140625	0.4666526422751295
15744.000244140625	0.476501647865537
15754.000244140625	0.4850747413070317
15764.000244140625	0.4789268276590487
15774.000244140625	0.4765380587687563
15784.000244140625	0.4723421937978585
15794.000244140625	0.4726927181937181
15804.000244140625	0.4910593076134027
15814.000244140625	0.4745366149065469
15824.000244140625	0.4904973340532046
15834.000244140625	0.481188531824921
15844.000244140625	0.4780094118341116
15854.000244140625	0.4854532223164823
15864.000244140625	0.4793397269023747
15874.000244140625	0.4847361853034067
15884.000244140625	0.4778062264438633
15894.000244140625	0.4810316621303138
15904.000244140625	0.481774457203445
15914.000244140625	0.4822692330082879
15924.000244140625	0.4773245964003725
15934.000244140625	0.4813620875703887
15944.000244140625	0.4768117594597683
15954.000244140625	0.4766060319160926
15964.000244140625	0.4754512759986575
15974.000244140625	0.478854269592857
15984.000244140627	0.4737856619682089
15994.000244140625	0.4757835476667233
16004.000244140627	0.4763015352296421
16014.000244140625	0.477472620426709
16024.000244140627	0.4769829493169857
16034.000244140625	0.4736564246849421
16044.000244140627	0.4754275035400603
16054.000244140625	0.4784557535239342
16064.000244140627	0.4712043099179518
16074.000244140625	0.4715394151236505
16084.000244140627	0.4744351634017804
16094.000244140625	0.4756722619167975
16104.000244140627	0.471103545345254
16114.000244140625	0.4738137348176586
16124.000244140627	0.4687851629732628
16134.000244140625	0.4693025354278878
16144.000244140627	0.4626705819284542
16154.000244140625	0.4780672591670892
16164.000244140627	0.4651278777425717
16174.000244140625	0.4745920049369569
16184.000244140627	0.4661883310806068
16194.000244140625	0.4685576761533767
16204.000244140623	0.4747254206748216
16214.000244140625	0.4716727658861748
16224.000244140623	0.4695588679449936
16234.000244140625	0.4745497538812506
16244.000244140623	0.4762584308107861
16254.000244140625	0.4661017986163493
16264.000244140623	0.4892142143881903
16274.000244140625	0.4754438189694533
16284.000244140623	0.4790771162461821
16294.000244140625	0.4785716389166003
16304.000244140623	0.481917389645483
16314.000244140625	0.4762360953721162
16324.000244140623	0.4867588290387741
16334.000244140623	0.483598470806068
16344.000244140623	0.4782056170744866
16354.000244140623	0.4893777805799894
16364.000244140623	0.4888779760069183
16374.000244140623	0.4829216158354879
16384.000244140625	0.4862474717924704
16394.00024414062	0.4889395142798045
16404.000244140625	0.4888639309621915
16414.00024414062	0.4887809227433313
16424.000244140625	0.488862107141812
16434.00024414062	0.4851060973379529
16444.000244140625	0.4921123846753469
16454.00024414062	0.4909981617235353
16464.000244140625	0.4865830760817437
16474.00024414062	0.487655713510562
16484.000244140625	0.4919152977620608
16494.00024414062	0.4927692816020049
16504.000244140625	0.4914993811139896
16514.00024414062	0.4971573365719581
16524.000244140625	0.486701539252365
16534.00024414062	0.4833527442602148
16544.000244140625	0.4914319087366943
16554.00024414062	0.487931385226704
16564.000244140625	0.486144552518038
16574.00024414062	0.4879184926313024
16584.000244140625	0.4824594848915065
16594.00024414062	0.4899785871677015
16604.000244140625	0.4869947096807737
16614.00024414062	0.4822626254468202
16624.000244140625	0.4822718341947956
16634.00024414062	0.4792656847861944
16644.000244140625	0.4830778053996417
16654.000244140625	0.4790452685899529
16664.000244140625	0.476883033293638
16674.000244140625	0.4792408380185083
16684.000244140625	0.4756973763880853
16694.000244140625	0.4754902370003624
16704.000244140625	0.473897826220068
16714.000244140625	0.472420611069459
16724.000244140625	0.4721773964038531
16734.000244140625	0.4769349180051445
16744.000244140625	0.4758572289783106
16754.000244140625	0.4761215928144662
16764.000244140625	0.4818209800096699
16774.000244140625	0.4758867490403073
16784.000244140625	0.4815994408937479
16794.000244140625	0.4862230720306427
16804.000244140625	0.4843208185469376
16814.000244140625	0.4824956291571867
16824.000244140625	0.4842909291454225
16834.000244140625	0.4964436192371425
16844.000244140625	0.4919523447192728
16854.000244140625	0.4920782411396569
16864.000244140625	0.4869167866320468
16874.000244140625	0.4944960521150368
16884.000244140625	0.492178250493472
16894.000244140625	0.4874168009027745
16904.000244140625	0.4862712747436692
16914.000244140625	0.4953833414205779
16924.000244140625	0.492773928456769
16934.000244140625	0.4885305003202485
16944.000244140625	0.482837875466701
16954.000244140625	0.4958738332589749
16964.000244140625	0.4830078583711966
16974.000244140625	0.4828927693668278
16984.000244140625	0.4825184501610617
16994.000244140625	0.4735276141230245
17004.000244140625	0.468654286237921
17014.000244140625	0.4639068274513112
17024.000244140625	0.4551727496346573
17034.000244140625	0.4449890517905178
17044.000244140625	0.4326047797074822
17054.000244140625	0.4194401428747029
17064.000244140625	0.401413728619603
17074.000244140625	0.3853583912912002
17084.000244140625	0.3610162479747348
17094.000244140625	0.3361408888608127
17104.000244140625	0.3112167188458067
17114.000244140625	0.2869458492224134
17124.000244140625	0.2544663291353465
17134.000244140625	0.2455571812289829
17144.000244140625	0.2132005105447216
17154.000244140625	0.1910948658850677
17164.000244140625	0.1702393056972532
17174.000244140625	0.1501819038959088
17184.000244140625	0.1309867753506052
17194.000244140625	0.1184917685038341
17204.000244140625	0.1047128720792835
17214.000244140625	0.0927281343928389
17224.000244140625	0.0811253410045364
17234.000244140625	0.0724906498700066
17244.000244140625	0.064345203588732
17254.000244140625	0.0557573361838437
17264.000244140625	0.0523012886451145
17274.000244140625	0.0466488934881457
17284.000244140625	0.0420912719055114
17294.000244140625	0.0377387727807254
17304.000244140625	0.0352285976696003
17314.000244140625	0.03112487621626
17324.000244140625	0.027781189205647
17334.000244140625	0.0241655904811842
17344.000244140625	0.0206666731691285
17354.000244140625	0.0176704128638251
17364.000244140625	0.0151923483572663
17374.000244140625	0.0125949635975375
17384.000244140625	0.011294618279153
17394.000244140625	0.0095187495438646
17404.000244140625	0.008355106587245
17414.000244140625	0.0070173122390989
17424.000244140625	0.0061158160984145
17434.000244140625	0.0052476062077575
17444.000244140625	0.0044122595847534
17454.000244140625	0.0038855404131513
17464.000244140625	0.0034484678767959
17474.000244140625	0.0030552820475462
17484.000244140625	0.0026294180512394
17494.000244140625	0.002307412741701
17504.000244140625	0.0020103082676848
17514.000244140625	0.0017837754859689
17524.000244140625	0.0015726528585032
17534.000244140625	0.001384825016701
17544.000244140625	0.0012640487236173
17554.000244140625	0.0010907723126756
17564.000244140625	0.000972943161736
17574.000244140625	0.0008945496690364
17584.00024414062	0.0008002173637128
17594.000244140625	0.0007226263271926
17604.00024414062	0.0006363196905233
17614.000244140625	0.0005825567604917
17624.00024414062	0.0005231465146307
17634.000244140625	0.0004683680452574
17644.00024414062	0.0004253558921287
17654.000244140625	0.0003954242775706
17664.00024414062	0.000362049349241
17674.000244140625	0.0003281666266818
17684.00024414062	0.0003008170435336
17694.000244140625	0.0002756712617751
17704.00024414062	0.0002474790194448
17714.000244140625	0.0002293199690648
17724.00024414062	0.0002150034773595
17734.000244140625	0.000195183595959
17744.00024414062	0.0001831324798843
17754.000244140625	0.0001596620162445
17764.00024414062	0.0001555287877724
17774.000244140625	0.0001370371366143
17784.00024414062	0.0001305244478831
17794.000244140625	0.0001225709849951
17804.00024414062	0.0001115666059816
17814.000244140625	0.0001070304292791
17824.00024414062	9.640505514672624e-05
17834.000244140625	8.956589360087843e-05
17844.00024414062	8.373723992185644e-05
17854.000244140625	7.667555929152822e-05
17864.00024414062	7.534549778499895e-05
17874.000244140625	6.60292416177019e-05
17884.00024414062	6.309154937641682e-05
17894.000244140625	5.839515904865473e-05
17904.000244140625	5.490023096260138e-05
17914.000244140625	4.971047089227348e-05
17924.000244140625	4.7507206317537074e-05
17934.000244140625	4.671330567963531e-05
17944.000244140625	4.244512073500383e-05
17954.000244140625	3.709792037054809e-05
17964.000244140625	3.73973712733603e-05
17974.000244140625	3.603968484776461e-05
17984.000244140625	3.282029843529489e-05
17994.000244140625	3.038977866172959e-05
18004.000244140625	2.8624737618161143e-05
18014.000244140625	2.9466319104204946e-05
18024.000244140625	2.3621641969514873e-05
18034.000244140625	2.105509124584989e-05
18044.000244140625	2.3318898105335305e-05
18054.000244140625	2.115546631479766e-05
18064.000244140625	1.7224173418610408e-05
18074.000244140625	2.0272079881265277e-05
18084.000244140625	2.047618607073688e-05
18094.000244140625	1.544513393907592e-05
18104.000244140625	1.735682362763887e-05
18114.000244140625	1.6569341889187154e-05
18124.000244140625	1.651411753564143e-05
18134.000244140625	1.3341444949468791e-05
18144.000244140625	1.1756492924457068e-05
18154.000244140625	1.600894955670508e-05
18164.000244140625	1.07430780055395e-05
18174.000244140625	1.4138402514322368e-05
18184.000244140625	1.2208893858362516e-05
18194.000244140625	8.05425115263731e-06
18204.000244140625	1.0257131367657206e-05
18214.000244140625	1.1734229025620109e-05
18224.000244140625	7.225985774604645e-06
18234.000244140625	9.087456699624722e-06
18244.000244140625	1.1064332660107227e-05
18254.000244140625	7.969163758394377e-06
18264.000244140625	6.63286727818247e-06
18274.000244140625	6.172046667826343e-06
18284.000244140625	8.781648316343755e-06
18294.000244140625	8.329017498771857e-06
18304.000244140625	3.1861551597424876e-06
18314.000244140625	8.448268490662821e-06
18324.000244140625	1.0562698963591168e-05
18334.000244140625	6.7592769968448025e-06
18344.000244140625	2.3898991968511773e-06
18354.000244140625	8.518532814972698e-06
18364.000244140625	5.0915760399170145e-06
18374.000244140625	6.279780287111758e-06
18384.000244140625	9.606962852993797e-06
18394.000244140625	6.51421401168991e-06
18404.000244140625	7.278133174034373e-06
18414.000244140625	3.846529672217448e-06
18424.000244140625	1.0486661864473815e-05
18434.000244140625	5.8285409721119745e-06
18444.000244140625	5.9843430590724154e-06
18454.000244140625	1.1794429608607577e-05
18464.000244140625	1.285171585245049e-06
18474.000244140625	7.08477766368318e-06
18484.000244140625	6.629619524955805e-06
18494.000244140625	4.83995110781151e-06
18504.000244140625	3.994159565265075e-06
18514.000244140625	3.3939174613613793e-06
18524.000244140625	7.988333785461085e-06
18534.000244140625	5.0498466004699195e-06
18544.000244140625	1.3888179270762197e-06
18554.000244140625	3.126410352473593e-06
18564.000244140625	6.433161782321426e-06
18574.000244140625	5.997215077639426e-06
18584.000244140625	1.8595234205613376e-06
18594.000244140625	7.935889384284968e-06
18604.000244140625	6.904550697088475e-06
18614.000244140625	3.688851895181889e-06
18624.000244140625	5.089140861141943e-06
18634.000244140625	4.3206644960015636e-06
18644.000244140625	3.1481683396013127e-06
18654.000244140625	2.887235692794036e-06
18664.000244140625	8.446573987590715e-06
18674.000244140625	5.39172143354838e-06
18684.000244140625	2.992589916530132e-06
18694.000244140625	7.333163772864209e-06
18704.000244140625	6.212418042986568e-06
18714.000244140625	3.9024511032949425e-06
18724.000244140625	6.0123498307262585e-06
18734.000244140625	2.137071505621043e-06
18744.000244140625	5.423565755770172e-06
18754.000244140625	7.698167053255311e-06
18764.000244140625	4.153265751093687e-06
18774.000244140625	7.217561347589378e-06
18784.000244140625	6.833597470389336e-06
18794.000244140625	2.277471179251096e-06
18804.000244140625	4.782395680549651e-06
18814.000244140625	2.9364565518651817e-06
18824.000244140625	1.7254636499431365e-06
18834.00024414062	3.826424840289425e-06
18844.000244140625	5.35943205820646e-06
18854.00024414062	9.004389544496597e-07
18864.000244140625	3.4401841589504942e-06
18874.00024414062	4.543124359990443e-06
18884.000244140625	1.5894158514859995e-06
18894.00024414062	3.493093820101328e-06
18904.000244140625	6.303548033016313e-06
18914.00024414062	3.690608639943249e-06
18924.000244140625	1.6506203770159452e-06
18934.00024414062	2.390812150768913e-06
18944.000244140625	6.517945050103206e-06
18954.00024414062	5.265248708035471e-06
18964.000244140625	4.455399845188994e-06
18974.00024414062	6.067175967482702e-08
18984.000244140625	2.8704129444862435e-06
18994.00024414062	6.035621037928232e-06
19004.000244140625	3.8358664988238965e-06
19014.00024414062	0.0
19024.000244140625	0.0
