15484.000244140627	0.0
15494.000244140629	0.0
15504.000244140623	3.352637573720879e-07
15514.000244140625	4.704696353354434e-07
15524.000244140625	1.5401538905763129e-06
15534.000244140625	7.201986648223029e-08
15544.000244140625	3.263124549739068e-07
15554.000244140625	1.056588586970356e-06
15564.000244140625	7.616212686817339e-07
15574.000244140625	8.945193149441858e-08
15584.000244140625	1.2713941515617862e-06
15594.000244140625	7.729898089485637e-07
15604.000244140625	5.735821559210048e-07
15614.000244140625	1.8632475257412065e-06
15624.000244140625	9.503750468609528e-07
15634.000244140625	1.0906728083389822e-06
15644.000244140625	4.738930877189997e-11
15654.000244140625	5.439710861838592e-07
15664.000244140625	3.6788789355202815e-06
15674.000244140625	3.129769816364128e-07
15684.000244140625	4.254196288079448e-07
15694.000244140625	1.3594354196549052e-06
15704.000244140625	1.3523221685572864e-06
15714.000244140625	1.1083032072978057e-06
15724.000244140625	1.4002955664404654e-06
15734.000244140625	5.031840243529858e-07
15744.000244140625	4.442988028879894e-07
15754.000244140625	1.3941900469174055e-06
15764.000244140625	1.7279679215472394e-06
15774.000244140625	1.1703261529444826e-06
15784.000244140625	6.391575532411407e-07
15794.000244140625	1.6460394938115611e-06
15804.000244140625	6.219633800422941e-07
15814.000244140625	1.8781898267486717e-06
15824.000244140625	1.148599109045353e-06
15834.000244140625	4.7284689585286786e-11
15844.000244140625	1.6910006514847912e-06
15854.000244140625	3.4313016960789554e-07
15864.000244140625	4.717261418696486e-07
15874.000244140625	1.545396573761961e-06
15884.000244140625	1.9878758687477808e-06
15894.000244140625	1.461286688783453e-06
15904.000244140625	1.705030437176976e-06
15914.000244140625	2.422119610882187e-06
15924.000244140625	2.642177209324964e-06
15934.000244140625	2.891713441407268e-06
15944.000244140625	3.933780616453425e-06
15954.000244140625	7.252624556547557e-06
15964.000244140625	7.511809346375272e-06
15974.000244140625	9.445929523647282e-06
15984.000244140627	1.1114534298899533e-05
15994.000244140625	1.542879187873468e-05
16004.000244140627	1.76915575281121e-05
16014.000244140625	1.9740405363063422e-05
16024.000244140627	2.586804917029562e-05
16034.000244140625	3.2560309787594706e-05
16044.000244140627	3.884521878753056e-05
16054.000244140625	4.832078714078401e-05
16064.000244140627	6.117625506499105e-05
16074.000244140625	7.990909932983827e-05
16084.000244140627	0.0001034470239481
16094.000244140625	0.0001415731784125
16104.000244140627	0.0001935121851872
16114.000244140625	0.0003028480164749
16124.000244140627	0.0004194604887803
16134.000244140625	0.0006788706497913
16144.000244140627	0.001108804525806
16154.000244140625	0.0019484456840312
16164.000244140627	0.0031992369848095
16174.000244140625	0.0052489176479226
16184.000244140627	0.0087996116322304
16194.000244140625	0.0115563322001062
16204.000244140623	0.014066608219347
16214.000244140625	0.0164411192414356
16224.000244140623	0.0201802726312593
16234.000244140625	0.0226702042244565
16244.000244140623	0.0220616164314101
16254.000244140625	0.0270095517535463
16264.000244140623	0.0310092307895673
16274.000244140625	0.0384560160505019
16284.000244140623	0.0403972437080195
16294.000244140625	0.0516169685617862
16304.000244140623	0.0654811750223206
16314.000244140625	0.0781473923474803
16324.000244140623	0.1007757688417701
16334.000244140623	0.1312401800643365
16344.000244140623	0.1760445476822926
16354.000244140623	0.2333208407779372
16364.000244140623	0.2973573605727594
16374.000244140623	0.3672638646709896
16384.000244140625	0.4045644145801745
16394.00024414062	0.4340574960026344
16404.000244140625	0.4588862636920206
16414.00024414062	0.4571633380928616
16424.000244140625	0.4557807811813126
16434.00024414062	0.4531799937410754
16444.000244140625	0.4577012926204882
16454.00024414062	0.4675824397106539
16464.000244140625	0.460290078588018
16474.00024414062	0.4524476117367713
16484.000244140625	0.4530490166144036
16494.00024414062	0.4156328059463269
16504.000244140625	0.3928537033613568
16514.00024414062	0.3436945302642116
16524.000244140625	0.2922507218139039
16534.00024414062	0.2271099794527762
16544.000244140625	0.1802975187307837
16554.00024414062	0.1437327470056646
16564.000244140625	0.1093341923106172
16574.00024414062	0.0893043307154654
16584.000244140625	0.0720718440415951
16594.00024414062	0.0611536241511042
16604.000244140625	0.0544246387905853
16614.00024414062	0.0468807518496735
16624.000244140625	0.0375437951633502
16634.00024414062	0.0318737377731878
16644.000244140625	0.0319560842780188
16654.000244140625	0.0268256023724197
16664.000244140625	0.0233600843737852
16674.000244140625	0.0193539167372969
16684.000244140625	0.0141623548936751
16694.000244140625	0.0113338779053411
16704.000244140625	0.0076036301289984
16714.000244140625	0.0053607871526625
16724.000244140625	0.0032030047181617
16734.000244140625	0.0019755452367142
16744.000244140625	0.0012002716690408
16754.000244140625	0.0006788343195668
16764.000244140625	0.0004653223659388
16774.000244140625	0.000304267194884
16784.000244140625	0.0002313586702064
16794.000244140625	0.0001608581992366
16804.000244140625	0.0001238038785494
16814.000244140625	9.4996835609186e-05
16824.000244140625	7.570687427202835e-05
16834.000244140625	6.163531277065988e-05
16844.000244140625	4.650797294765195e-05
16854.000244140625	3.948654150233464e-05
16864.000244140625	3.099061063604063e-05
16874.000244140625	2.493329424997544e-05
16884.000244140625	2.1024022786242603e-05
16894.000244140625	1.675755210820554e-05
16904.000244140625	1.0334686113477542e-05
16914.000244140625	9.206493928847665e-06
16924.000244140625	1.0364600019703744e-05
16934.000244140625	5.56443942580464e-06
16944.000244140625	5.981683388986055e-06
16954.000244140625	3.910800269232875e-06
16964.000244140625	4.931096101915688e-06
16974.000244140625	3.810275733517113e-07
16984.000244140625	2.8290963316048367e-06
16994.000244140625	1.6224307732121037e-06
17004.000244140625	3.136313604552725e-06
17014.000244140625	1.202050902586106e-06
17024.000244140625	1.6487618202040314e-06
17034.000244140625	2.2262853824327524e-06
17044.000244140625	4.009432187587079e-06
17054.000244140625	2.175148002553949e-06
17064.000244140625	5.400222336516768e-07
17074.000244140625	2.0672450303170427e-06
17084.000244140625	1.0571084357687171e-06
17094.000244140625	8.787324070011895e-07
17104.000244140625	1.3785911860391158e-06
17114.000244140625	8.241186073224225e-07
17124.000244140625	2.837310612979927e-06
17134.000244140625	2.0307574323025795e-06
17144.000244140625	1.9086191521917473e-06
17154.000244140625	1.4200109203735197e-06
17164.000244140625	3.0804627516403447e-06
17174.000244140625	7.832110238099005e-07
17184.000244140625	2.8791510831816153e-06
17194.000244140625	8.597726972333886e-07
17204.000244140625	1.1710894202469946e-06
17214.000244140625	4.392694437418258e-07
17224.000244140625	1.360595012015204e-06
17234.000244140625	7.126913684468841e-07
17244.000244140625	3.041785604413441e-06
17254.000244140625	1.1458669402915185e-06
17264.000244140625	8.034845756702166e-07
17274.000244140625	1.1932546027398045e-07
17284.000244140625	1.4672168049169357e-06
17294.000244140625	1.6354596648497782e-06
17304.000244140625	1.1184126378447222e-06
17314.000244140625	5.075679205264409e-07
17324.000244140625	2.022593563068161e-06
17334.000244140625	6.779398867050475e-07
17344.000244140625	2.582878354914142e-06
17354.000244140625	2.335950674257376e-06
17364.000244140625	7.240533105556285e-07
17374.000244140625	1.1519528624352492e-06
17384.000244140625	1.276868932135922e-07
17394.000244140625	9.522090265118064e-07
17404.000244140625	6.972910178823614e-08
17414.000244140625	2.5442286137916404e-06
17424.000244140625	3.8685754426625145e-08
17434.000244140625	1.368756114142756e-06
17444.000244140625	1.8114579230107284e-06
17454.000244140625	1.414022852802001e-06
17464.000244140625	3.072063502727595e-06
17474.000244140625	1.876190363673515e-07
17484.000244140625	1.2065935006382691e-06
17494.000244140625	9.24045034260114e-07
17504.000244140625	1.484187572671916e-06
17514.000244140625	0.0
17524.000244140625	0.0
