15985.000000000005	0.0
15995.0	0.0
16005.0	5.748864555424689e-07
16015.0	8.373044706765949e-07
16025.0	4.970186493065969e-07
16035.0	1.0846930267085565e-06
16045.0	2.140981894770083e-06
16055.0	4.140257115050583e-08
16065.0	1.0069043487105304e-06
16075.0	1.4642728628832634e-06
16085.0	3.218197609429665e-07
16095.0	1.445747289867894e-06
16105.0	1.4191245532907497e-06
16115.0	1.14138291859285e-06
16125.0	3.079569119557848e-06
16135.0	1.316628687418243e-06
16145.0	2.336287687567213e-06
16155.0	1.3450975061486944e-06
16165.0	2.697365969507141e-06
16175.0	2.7051878464937704e-06
16185.0	2.738515411909048e-06
16195.0	1.2109732929127977e-06
16205.0	3.114883128105014e-06
16215.0	1.5125420695590688e-06
16225.0	3.4059034941625893e-06
16235.0	4.2585497172672844e-06
16245.0	4.014921919027173e-06
16255.0	5.7960032843747025e-06
16265.0	5.695408540572125e-06
16275.0	4.42244479908922e-06
16285.0	6.864377540234546e-06
16295.0	8.50698569324213e-06
16305.0	8.673472043146551e-06
16315.0	9.409576839171326e-06
16325.0	8.16707917048158e-06
16335.0	1.0652935503374262e-05
16345.0	9.769660635418572e-06
16355.0	1.2397232614895968e-05
16365.0	1.2788313691446185e-05
16375.0	1.3862211015928969e-05
16385.0	1.5821333305580364e-05
16395.0	1.6918927947016885e-05
16405.0	1.4973063852706746e-05
16415.0	1.9065045587361625e-05
16425.0	1.887735766794707e-05
16435.0	2.1704686802430575e-05
16445.0	2.2834440901160317e-05
16455.0	2.5593274566585665e-05
16465.0	2.6790333772638803e-05
16475.0	2.7714431630935898e-05
16485.0	2.7789091413373064e-05
16495.0	3.0395070436534612e-05
16505.0	3.14425835146456e-05
16515.0	3.435675474789341e-05
16525.0	3.7018969704467945e-05
16535.0	4.228909936658266e-05
16545.0	4.589964277947073e-05
16555.0	4.507836775042635e-05
16565.0	4.994119490676696e-05
16575.0	5.843488259963568e-05
16585.0	6.304184475047519e-05
16595.0	6.933969179835417e-05
16605.0	7.899043549661719e-05
16615.0	8.801526721061533e-05
16625.0	9.974341270622488e-05
16635.0	0.0001140748126244
16645.0	0.000129660228247
16655.0	0.0001504957249224
16665.0	0.0001710395154489
16675.0	0.0002029169223729
16685.0	0.0002327205876192
16695.0	0.0002676999583164
16705.0	0.0003096751788447
16715.0	0.0003539349476681
16725.0	0.0004046500776155
16735.0	0.0004598382912289
16745.0	0.0005297274793951
16755.0	0.0006083132078751
16765.0	0.0006903531638093
16775.0	0.0007769037815101
16785.0	0.0008538153772877
16795.0	0.0009735118778078
16805.0	0.0010920296847506
16815.0	0.0012243119144764
16825.0	0.001366916018872
16835.0	0.0015107717677897
16845.0	0.001680868908879
16855.0	0.0018424941159809
16865.0	0.0020620017985472
16875.0	0.0022643634067575
16885.0	0.0024996546063558
16895.0	0.0028384831999626
16905.0	0.003118328156301
16915.0	0.003521007075808
16925.0	0.003924747504324
16935.0	0.004465340255908
16945.0	0.0051333467145735
16955.0	0.0057566362208605
16965.0	0.0067148676013579
16975.0	0.0080347597546761
16985.0	0.0095023728655283
16995.0	0.0115219156529096
17005.0	0.0134458337511611
17015.0	0.0163379712175429
17025.0	0.0198762988416527
17035.0	0.0236040940277319
17045.0	0.0265754238357287
17055.0	0.0291922809463577
17065.0	0.0324963091789371
17075.0	0.0357305159989123
17085.0	0.0402870869489185
17095.0	0.0462042697992591
17105.0	0.0497421761428969
17115.0	0.0584732982434617
17125.0	0.0653051877625678
17135.0	0.0771684295514201
17145.0	0.0872441851777864
17155.0	0.1053846797904986
17165.0	0.1237417870372942
17175.0	0.146855253923039
17185.0	0.1759751567845517
17195.0	0.1966990328125565
17205.0	0.2303383645951336
17215.0	0.2627244070863641
17225.0	0.2975520675282773
17235.0	0.3251275671285871
17245.0	0.3437374297446717
17255.0	0.3707319126195976
17265.0	0.3799308434493497
17275.0	0.3862144584271408
17285.0	0.3963347201885194
17295.0	0.4027178271838654
17305.0	0.4023247147029064
17315.0	0.4190446761068198
17325.0	0.4222223519144967
17335.0	0.428891637549618
17345.0	0.4373050577760123
17355.0	0.4455698030711437
17365.0	0.4548646516311364
17375.0	0.4690045908148462
17385.0	0.4694149131305469
17395.0	0.4777337471113623
17405.0	0.4865830897711145
17415.0	0.4863007571973126
17425.0	0.4988752565350696
17435.0	0.5034704506401557
17445.0	0.4957474115292434
17455.0	0.5061205658297705
17465.0	0.5039544296118832
17475.0	0.5016325637622133
17485.0	0.5012606902398682
17495.0	0.4939004429341723
17505.0	0.5156256383341986
17515.0	0.503022797761173
17525.0	0.5051293375578342
17535.0	0.5028842365739508
17545.0	0.5045392181584494
17555.0	0.5044085824687974
17565.0	0.5137140634378209
17575.0	0.5104226328064356
17585.0	0.5123593272184691
17595.0	0.5081967782499425
17605.0	0.5119556987091647
17615.0	0.516646176967242
17625.0	0.5155446296045186
17635.0	0.5145443138453952
17645.0	0.5063862558682967
17655.0	0.512336733466618
17665.0	0.5199661162089446
17675.0	0.5171662235130808
17685.0	0.5160781326050293
17695.0	0.5077944344880013
17705.0	0.5121456397835664
17715.0	0.5182716620588713
17725.0	0.5109134502357301
17735.0	0.5037799925100811
17745.0	0.5086627763206171
17755.0	0.5073372964663861
17765.0	0.5011970266769709
17775.0	0.5139202736710654
17785.0	0.4976356799125947
17795.0	0.5083971506852066
17805.0	0.5067649660125682
17815.0	0.5020767932805719
17825.0	0.4986942743684287
17835.0	0.5035987788438034
17845.0	0.5059124733111814
17855.0	0.5014691833532992
17865.0	0.4940966967080308
17875.0	0.4960689628342975
17885.0	0.5028891343126636
17895.0	0.4929912736549045
17905.0	0.4933181292788563
17915.0	0.4917876055177599
17925.0	0.4939187340748038
17935.0	0.4940357952630441
17945.0	0.4842340522762449
17955.0	0.4952884924995466
17965.0	0.4920495477501514
17975.0	0.4872972861422412
17985.0	0.4859811158831202
17995.0	0.4928751195409254
18005.0	0.4928539138202199
18015.0	0.4922881276427443
18025.0	0.4989889799474553
18035.0	0.4953924681400362
18045.0	0.4869585910605578
18055.0	0.4929303337348042
18065.0	0.5012103855020331
18075.0	0.5114073076422052
18085.0	0.503217626136915
18095.0	0.5064124956305925
18105.0	0.5099158954710905
18115.0	0.5111917394620314
18125.0	0.5055365545604749
18135.0	0.5156407146647879
18145.0	0.5062338090662726
18155.0	0.5151615321963506
18165.0	0.5173248388476828
18175.0	0.518973939244752
18185.0	0.5143681878514779
18195.0	0.5283457592705902
18205.0	0.5193555220507757
18215.0	0.5191272810572647
18225.0	0.5207805215329919
18235.0	0.5236217967183958
18245.0	0.5207969988846181
18255.0	0.5203421174702376
18265.0	0.5272342012957234
18275.0	0.5202919215934665
18285.0	0.5203560558047687
18295.0	0.5184549918610538
18305.0	0.5171257097630215
18315.0	0.5341753750088987
18325.0	0.5187010787772464
18335.0	0.5155895852584021
18345.0	0.5255516362653658
18355.0	0.5155056985069407
18365.0	0.520437513096049
18375.0	0.5194253899280477
18385.0	0.5127545336208479
18395.0	0.5154100971035531
18405.0	0.5174249331243046
18415.0	0.5111539283640468
18425.0	0.5121502701470584
18435.0	0.5179659213093358
18445.0	0.5074100585712473
18455.0	0.5124852433607086
18465.0	0.5004379192253309
18475.0	0.5120168855490874
18485.0	0.5037182984658709
18495.0	0.5052419629554588
18505.0	0.5039543974394045
18515.0	0.5015677089220218
18525.0	0.4990340522068959
18535.0	0.5002745837310433
18545.0	0.4945409068653668
18555.0	0.4958940098919673
18565.0	0.5004400799937396
18575.0	0.4982867232810423
18585.0	0.5003647946049288
18595.0	0.5020504299273458
18605.0	0.4989150117656817
18615.0	0.4991856482795386
18625.0	0.4996256934569127
18635.0	0.4989432128406748
18645.0	0.5046384843735314
18655.0	0.5043650380079577
18665.0	0.5091270857182961
18675.0	0.5103071243256018
18685.0	0.5126161991584939
18695.0	0.5159005650366751
18705.0	0.5182725030633897
18715.0	0.5131295940562386
18725.0	0.5200115872016248
18735.0	0.5225384519247335
18745.0	0.5287954541732495
18755.0	0.5308884206010944
18765.0	0.5197386267218429
18775.0	0.533817392764706
18785.0	0.526041354999672
18795.0	0.5305143461820091
18805.0	0.5273292057141387
18815.0	0.5304682094230904
18825.0	0.529792327700041
18835.0	0.5291134598742259
18845.0	0.5321894916746543
18855.0	0.5278104116604495
18865.0	0.5276489530844009
18875.0	0.5343139107859841
18885.0	0.5264719209809468
18895.0	0.5293748135332613
18905.0	0.5251980856091361
18915.0	0.5241032208305244
18925.0	0.5318900128890034
18935.0	0.521292047985414
18945.0	0.5217531343392081
18955.0	0.5230923893596444
18965.0	0.5200678483117478
18975.0	0.5247669149662575
18985.0	0.518779357336453
18995.0	0.5135083086674512
19005.0	0.5170595887158665
19015.0	0.5177736555611628
19025.0	0.5136002393444616
19035.0	0.5054627911197835
19045.0	0.515493763543069
19055.0	0.5064686034164732
19065.0	0.5095918258480899
19075.0	0.5026253790412099
19085.0	0.5125510446427439
19095.0	0.5105585555610966
19105.0	0.5041070575650798
19115.0	0.5104884602008863
19125.0	0.5028176560778348
19135.0	0.5042063764016042
19145.0	0.5025098343512947
19155.0	0.5074312689105206
19165.0	0.5108894806324924
19175.0	0.5072918046483609
19185.0	0.505307106697362
19195.0	0.5109121584046732
19205.0	0.5041381079918722
19215.0	0.5168681450388093
19225.0	0.5110849517269397
19235.0	0.5122640681032388
19245.0	0.5125479228896677
19255.0	0.5185201747756099
19265.0	0.5155010093876405
19275.0	0.5197425608779876
19285.0	0.5210231926523277
19295.0	0.5266795040187199
19305.0	0.5195629978609473
19315.0	0.5284329826542415
19325.0	0.5133150081705385
19335.0	0.5295414871140489
19345.0	0.5306377517855829
19355.0	0.519126739965093
19365.0	0.5268452457268533
19375.0	0.5193455072370707
19385.0	0.5299227079651043
19395.0	0.5266627328688163
19405.0	0.5223166132365951
19415.0	0.5261976748903718
19425.0	0.5188212661925322
19435.0	0.5318690428748495
19445.0	0.5272564183863414
19455.0	0.5335984304753891
19465.0	0.5288160627546663
19475.0	0.5251300393913645
19485.0	0.5307705569507012
19495.0	0.5278708755022244
19505.0	0.5231095774442343
19515.0	0.5335464092849993
19525.0	0.526267562464134
19535.0	0.5156959933323907
19545.0	0.5222610513884545
19555.0	0.5099303614605368
19565.0	0.5029525633463462
19575.0	0.4887938028212829
19585.0	0.4693623477837101
19595.0	0.4588236250533534
19605.0	0.4342792611465593
19615.0	0.4179415930703071
19625.0	0.4003030884592952
19635.0	0.372644940501464
19645.0	0.3455783116154373
19655.0	0.3194945587272161
19665.0	0.2974664078357505
19675.0	0.2677337260677894
19685.0	0.247591134802685
19695.0	0.2219630071190711
19705.0	0.2005671080210531
19715.0	0.1809427497296109
19725.0	0.1626699029095613
19735.0	0.1481834760386838
19745.0	0.131640335355462
19755.0	0.1185956172914312
19765.0	0.1111161889050592
19775.0	0.0975507850760453
19785.0	0.0904763801220727
19795.0	0.0815692406534554
19805.0	0.0738093758571056
19815.0	0.0663526392852728
19825.0	0.059799190090811
19835.0	0.0522352248701495
19845.0	0.0475360261903937
19855.0	0.0417179629028224
19865.0	0.0362213292310192
19875.0	0.030938574992708
19885.0	0.0281912111582867
19895.0	0.0237871396808525
19905.0	0.02157723114294
19915.0	0.0185071741851686
19925.0	0.0162142139140623
19935.0	0.0140913044190139
19945.0	0.0122431773854746
19955.0	0.0107256145113855
19965.0	0.0090674799519578
19975.0	0.0083299093497936
19985.0	0.0070024325556919
19995.0	0.0062890027312683
20005.0	0.0055313699945592
20015.0	0.0049762200783821
20025.0	0.0042932267160732
20035.0	0.0038219133616845
20045.0	0.0034175667279898
20055.0	0.0030285775447598
20065.0	0.0026665064874754
20075.0	0.002389138511195
20085.0	0.0021036407907699
20095.0	0.0019338442251898
20105.0	0.0016999050168781
20115.0	0.0015516199999526
20125.0	0.0013957521977466
20135.0	0.0012466131346032
20145.0	0.0011314266907715
20155.0	0.0010000071759199
20165.0	0.0009480760818098
20175.0	0.0008629239305156
20185.0	0.0007698482905659
20195.0	0.000693762926424
20205.000000000004	0.000649830979246
20215.0	0.0005855816154996
20225.0	0.0005421542781142
20235.0	0.0004995244965527
20245.000000000004	0.0004612391816574
20255.0	0.0004130175921992
20265.0	0.0003897030496123
20275.0	0.0003568893633793
20285.000000000004	0.000335554799818
20295.0	0.000312750732164
20305.0	0.0002936091092882
20315.0	0.0002657994795921
20325.000000000004	0.0002589169827504
20335.0	0.0002355658319631
20345.0	0.0002210071633847
20355.0	0.0002021775683784
20365.000000000004	0.000195626576834
20375.0	0.0001773566051984
20385.0	0.0001645812222255
20395.0	0.0001557469465381
20405.000000000004	0.0001536950155885
20415.0	0.0001456578869389
20425.0	0.0001346696107882
20435.0	0.0001261518866275
20445.000000000004	0.0001217917041073
20455.0	0.0001067843487189
20465.0	9.92554554336875e-05
20475.0	9.343186874958104e-05
20485.000000000004	9.28087642263992e-05
20495.0	7.866205283532318e-05
20505.0	7.960070312581255e-05
20515.0	7.652262748452534e-05
20525.000000000004	6.607637056734033e-05
20535.0	6.068400416056996e-05
20545.0	6.523309994980762e-05
20555.0	5.2805729245158936e-05
20565.000000000004	5.7407238765251576e-05
20575.0	5.578327004952914e-05
20585.0	3.662675997309865e-05
20595.0	4.1480728406419345e-05
20605.000000000004	4.444844165135846e-05
20615.0	3.9927382824623976e-05
20625.0	4.22964041342351e-05
20635.0	3.99563340069148e-05
20644.999999999996	1.814962301877913e-05
20655.0	3.4553385877482466e-05
20665.0	3.226622947535866e-05
20675.0	2.675960202174968e-05
20684.999999999996	1.958034745342104e-05
20695.0	2.401260938858253e-05
20705.0	2.4633729387954368e-05
20715.0	2.3337800650610288e-05
20724.999999999996	1.2484335518838444e-05
20735.0	1.5954649778287027e-05
20745.0	1.1403612668079483e-05
20755.0	1.3566206841241912e-05
20764.999999999996	3.990064485933814e-06
20775.0	1.8208438531467513e-05
20785.0	1.9999790947242217e-05
20795.0	1.3695868767747194e-05
20804.999999999996	3.713103641861065e-06
20815.0	1.152185052724293e-05
20825.0	1.092187794195905e-05
20835.0	1.2358316373999445e-05
20844.999999999996	8.997969641628585e-06
20855.0	9.759138671743988e-06
20865.0	9.731627304779763e-06
20875.0	1.921316810096921e-06
20884.999999999996	4.415349080547658e-06
20895.0	1.61088714388126e-05
20905.0	6.163463279536918e-06
20915.0	7.017714539788822e-06
20924.999999999996	2.049055221638679e-06
20935.0	1.0535453012130058e-05
20945.0	3.8288013183431834e-06
20955.0	3.069421950678548e-06
20964.999999999996	6.824323007340724e-06
20975.0	6.406581170310209e-06
20985.0	5.565339387926051e-11
20995.0	1.0471796199209252e-05
21004.999999999996	2.5575403090301244e-06
21014.999999999996	0.0
21024.999999999996	0.0
