17481.99951171875	0.0
17491.999511718754	0.0
17501.99951171875	1.9505654326388603e-07
17511.99951171875	7.690002470609276e-07
17521.99951171875	3.0955305877679024e-07
17531.99951171875	7.837555900793671e-07
17541.99951171875	1.106250237667542e-06
17551.99951171875	1.5115497183356082e-06
17561.99951171875	6.99612166988766e-07
17571.99951171875	4.320707330172738e-07
17581.99951171875	1.8345605433540292e-06
17591.99951171875	8.568312611372003e-07
17601.99951171875	8.444193406292147e-07
17611.99951171875	1.2820810284919254e-06
17621.99951171875	5.142765209660207e-07
17631.99951171875	8.61510450403262e-07
17641.99951171875	8.524093514795048e-07
17651.99951171875	6.039518771161987e-07
17661.99951171875	1.52498228123247e-06
17671.99951171875	1.304597895595777e-06
17681.99951171875	5.586293200974452e-07
17691.99951171875	1.8949145394716877e-07
17701.99951171875	1.314613371628939e-06
17711.99951171875	1.1162791500394374e-06
17721.99951171875	4.250177033833024e-07
17731.99951171875	7.984414184410168e-07
17741.99951171875	1.1335545782452565e-06
17751.99951171875	1.626061712500805e-06
17761.99951171875	6.019832435441141e-07
17771.99951171875	9.829910307930164e-07
17781.99951171875	4.178386519501053e-07
17791.99951171875	1.2634737592482563e-06
17801.99951171875	6.857906724080047e-07
17811.99951171875	1.2204197993852483e-06
17821.99951171875	1.1943610438011756e-06
17831.99951171875	2.2354950056601415e-06
17841.99951171875	9.427469230713894e-07
17851.99951171875	1.6228499980068224e-07
17861.99951171875	1.548469636475818e-06
17871.99951171875	1.362718983458727e-06
17881.99951171875	1.093349374950202e-06
17891.99951171875	8.569046510405567e-07
17901.99951171875	7.389990408876649e-07
17911.99951171875	1.562314031805008e-06
17921.99951171875	1.417231178754269e-06
17931.99951171875	2.5086981051327652e-06
17941.99951171875	2.6741550863547303e-06
17951.99951171875	2.473774805970061e-07
17961.99951171875	1.1425784205456708e-06
17971.99951171875	1.3996712407862583e-06
17981.99951171875	1.2270865715144854e-06
17991.99951171875	1.4911351215032318e-06
18001.99951171875	2.0597053282845444e-06
18011.99951171875	7.121326786185874e-07
18021.99951171875	8.995773965697533e-07
18031.99951171875	1.5807539100726753e-06
18041.99951171875	1.9689850479631567e-06
18051.99951171875	8.9419273674526e-07
18061.99951171875	2.8031137377414906e-06
18071.99951171875	1.057142441797228e-06
18081.99951171875	2.181640029130065e-06
18091.99951171875	2.4718144577851614e-06
18101.99951171875	2.2922209475386665e-06
18111.99951171875	8.028118063949243e-07
18121.99951171875	2.806917760732703e-06
18131.99951171875	2.511219399855141e-06
18141.99951171875	1.850290871713779e-06
18151.99951171875	2.01029385939003e-06
18161.99951171875	2.559835719569601e-06
18171.99951171875	2.126711814717343e-06
18181.99951171875	4.113181523916993e-06
18191.99951171875	4.849587140682752e-06
18201.99951171875	5.989510165964469e-06
18211.99951171875	7.095822629409972e-06
18221.99951171875	8.684718090861052e-06
18231.99951171875	1.2259921845130349e-05
18241.99951171875	1.3681958960275956e-05
18251.99951171875	1.9179601185786632e-05
18261.99951171875	2.065901948058685e-05
18271.99951171875	2.6709108680660596e-05
18281.99951171875	3.365062042989684e-05
18291.99951171875	3.995563622761658e-05
18301.99951171875	4.985026294487739e-05
18311.99951171875	5.939559980732981e-05
18321.99951171875	7.527027111610736e-05
18331.99951171875	8.958301257789208e-05
18341.99951171875	0.0001118491662062
18351.99951171875	0.0001421658548949
18361.99951171875	0.0001855586320761
18371.99951171875	0.0002362356711602
18381.99951171875	0.0003196186552399
18391.99951171875	0.0004484492040972
18401.99951171875	0.0006578275461476
18411.99951171875	0.0010018355753851
18421.99951171875	0.0015791686709161
18431.99951171875	0.0025677015846208
18441.99951171875	0.004102431144947
18451.99951171875	0.0064158232831707
18461.99951171875	0.0096584098270359
18471.99951171875	0.0138589443789654
18481.99951171875	0.0181324364196069
18491.99951171875	0.0225811058140924
18501.99951171875	0.0266297795086393
18511.99951171875	0.0310338910065406
18521.99951171875	0.035570737139317
18531.99951171875	0.0404885769616124
18541.99951171875	0.0442551385248024
18551.99951171875	0.0518407863426396
18561.99951171875	0.0598694492764166
18571.99951171875	0.0708265101456311
18581.99951171875	0.083414381142219
18591.99951171875	0.1010328706051966
18601.99951171875	0.122914194728586
18611.99951171875	0.1536888880315547
18621.99951171875	0.1929227443511323
18631.99951171875	0.2414990276147789
18641.99951171875	0.3044288785300169
18651.99951171875	0.3646498968380168
18661.99951171875	0.4212882414314014
18671.99951171875	0.4641562189547188
18681.99951171875	0.4908728134253581
18691.99951171875	0.5038621068504534
18701.99951171875	0.5120365695267108
18711.99951171875	0.5146072968908305
18721.99951171875	0.5147730232656187
18731.99951171875	0.5156650701481938
18741.99951171875	0.5133930133638671
18751.99951171875	0.5131407329067017
18761.99951171875	0.5102833743396687
18771.99951171875	0.5056717403413372
18781.99951171875	0.4973485707234881
18791.99951171875	0.4843093090702275
18801.99951171875	0.4632282570390148
18811.99951171875	0.4300175587769006
18821.99951171875	0.3854656631285761
18831.99951171875	0.3321571532323078
18841.99951171875	0.2768376525088564
18851.99951171875	0.2267154172454524
18861.99951171875	0.184615235563114
18871.99951171875	0.1505678939560157
18881.99951171875	0.1249337135542434
18891.99951171875	0.1040269866466838
18901.99951171875	0.0882925875252587
18911.99951171875	0.075619156447971
18921.99951171875	0.0660779852647137
18931.99951171875	0.0572921744360459
18941.99951171875	0.0502239142899188
18951.99951171875	0.0432156705249402
18961.99951171875	0.0366922327788707
18971.99951171875	0.0307652238853939
18981.99951171875	0.0253054788281509
18991.99951171875	0.0200850403093009
19001.99951171875	0.0148521389359323
19011.99951171875	0.0106057997927081
19021.99951171875	0.0072724735671289
19031.99951171875	0.0048606427572537
19041.99951171875	0.003139210802658
19051.99951171875	0.0020245460188592
19061.99951171875	0.0013224483642095
19071.99951171875	0.0008808609018957
19081.99951171875	0.0006009512309794
19091.99951171875	0.0004276643442771
19101.99951171875	0.0003064322872283
19111.99951171875	0.0002298087065608
19121.99951171875	0.0001742131705692
19131.99951171875	0.0001344959863728
19141.99951171875	0.0001050939354129
19151.99951171875	8.494421153954014e-05
19161.99951171875	6.881330620813986e-05
19171.99951171875	5.538727350879534e-05
19181.99951171875	4.4210896679676147e-05
19191.99951171875	3.3362890414422285e-05
19201.99951171875	3.0391374203264313e-05
19211.99951171875	2.432495604724987e-05
19221.99951171875	1.809330386514967e-05
19231.99951171875	1.577005770838621e-05
19241.99951171875	1.2322691679163872e-05
19251.99951171875	8.725995749457602e-06
19261.99951171875	7.077694436955054e-06
19271.99951171875	7.3199186788287855e-06
19281.99951171875	6.04569902590004e-06
19291.99951171875	5.610104523433454e-06
19301.99951171875	3.1661432334732226e-06
19311.99951171875	5.105547888951104e-06
19321.99951171875	4.439734622146489e-06
19331.99951171875	2.649700400064794e-06
19341.99951171875	1.59471184589342e-06
19351.99951171875	4.415338341026028e-06
19361.99951171875	3.287896615254068e-06
19371.99951171875	1.532491889012076e-06
19381.99951171875	3.386187405251323e-06
19391.99951171875	1.655819888483772e-06
19401.99951171875	2.2425819905366737e-06
19411.99951171875	1.7142653036628315e-06
19421.99951171875	3.1514338188358535e-06
19431.99951171875	7.547817475587985e-07
19441.99951171875	1.967420498377289e-06
19451.99951171875	3.53218206791904e-07
19461.99951171875	1.514783203483545e-06
19471.99951171875	2.05816212194304e-06
19481.99951171875	3.5069050910326133e-07
19491.99951171875	1.7017863326220704e-06
19501.99951171875	3.4154468033656777e-06
19511.99951171875	9.147287849647184e-07
19521.99951171875	7.648927405217289e-07
19531.99951171875	2.503777858732681e-06
19541.99951171875	1.3923962232619294e-06
19551.99951171875	1.4722711169884507e-06
19561.99951171875	1.0173275078144871e-06
19571.99951171875	5.4844731627769454e-11
19581.99951171875	7.250480742985798e-07
19591.99951171875	1.98739730941322e-06
19601.99951171875	2.551767899394381e-06
19611.99951171875	5.650705145550533e-07
19621.99951171875	1.3285089326987942e-06
19631.99951171875	3.4137540926154665e-07
19641.99951171875	1.1648770887144998e-06
19651.99951171875	2.195558401028979e-06
19661.99951171875	1.1900187804776467e-06
19671.99951171875	1.277526343425386e-06
19681.99951171875	1.1716967361314184e-06
19691.99951171875	2.521976348072576e-06
19701.99951171875	1.5006757333600329e-06
19711.99951171875	4.6951573521648756e-07
19721.99951171875	1.2518038692858268e-06
19731.99951171875	5.5085675918567305e-11
19741.99951171875	2.670440190116437e-06
19751.99951171875	5.510697486052945e-11
19761.99951171875	2.8102535307431043e-06
19771.99951171875	2.0922224330539285e-06
19781.99951171875	5.807112630985037e-07
19791.99951171875	1.1878979590318925e-06
19801.99951171875	2.6801925996504596e-06
19811.99951171875	2.7469350612248766e-06
19821.99951171875	2.0238996570402918e-07
19831.99951171875	2.596063908619756e-06
19841.99951171875	1.8166521409699312e-06
19851.99951171875	1.8585635342323311e-06
19861.99951171875	1.5501891534492795e-06
19871.99951171875	1.2374414020144962e-06
19881.99951171875	8.834111939605658e-07
19891.99951171875	1.2416645564050976e-06
19901.99951171875	1.1391471521239844e-06
19911.99951171875	3.0373871895576818e-06
19921.99951171875	2.3998969112184684e-06
19931.99951171875	1.3723507035308944e-06
19941.99951171875	9.987346967317845e-08
19951.99951171875	2.4114605406029775e-06
19961.99951171875	1.2624377351708776e-06
19971.99951171875	3.147902101556409e-07
19981.99951171875	2.676426868298794e-06
19991.99951171875	4.018699643378306e-07
20001.99951171875	5.603642901234382e-07
20011.999511718746	0.0
20021.999511718746	0.0
