16854.00024414063	0.0
16864.00024414063	0.0
16874.000244140625	8.3369257969297e-05
16884.000244140625	9.049134691263407e-05
16894.000244140625	9.86636313745626e-05
16904.000244140625	0.0001059629508536
16914.000244140625	0.0001155489863775
16924.000244140625	0.0001264360378282
16934.000244140625	0.0001384555616158
16944.000244140625	0.0001519683703181
16954.000244140625	0.0001666762271788
16964.000244140625	0.0001834202540672
16974.000244140625	0.0002034871690739
16984.000244140625	0.0002243473020378
16994.000244140625	0.0002509706714017
17004.000244140625	0.0002803832854808
17014.000244140625	0.000312671467471
17024.000244140625	0.0003529452751011
17034.000244140625	0.000396312985423
17044.000244140625	0.0004462975962144
17054.000244140625	0.0005040595701119
17064.000244140625	0.0005697054521899
17074.000244140625	0.0006440886464216
17084.000244140625	0.0007272948806788
17094.000244140625	0.0008231979385523
17104.000244140625	0.0009326757042665
17114.000244140625	0.0010526320596636
17124.000244140625	0.0011926711577435
17134.000244140625	0.001350632783392
17144.000244140625	0.0015242133445856
17154.000244140625	0.0017226638353538
17164.000244140625	0.0019549088661677
17174.000244140625	0.0022107371283183
17184.000244140625	0.0025109842652156
17194.000244140625	0.0028617991469842
17204.000244140625	0.0032494656639541
17214.000244140625	0.0037002634985645
17224.000244140625	0.0042260808750945
17234.000244140625	0.0048320294334868
17244.000244140625	0.0055438446161632
17254.000244140625	0.0063960182350634
17264.000244140625	0.0073852837741687
17274.000244140625	0.0085524585659136
17284.000244140625	0.0099404550402831
17294.000244140625	0.0116341308436741
17304.000244140625	0.0135971772962639
17314.000244140625	0.0159781580880591
17324.000244140625	0.0188455803879557
17334.000244140625	0.0219718241733631
17344.000244140625	0.0254271769701128
17354.000244140625	0.0289273821772086
17364.000244140625	0.0326347967506376
17374.000244140625	0.0364770534881983
17384.000244140625	0.0409801294589511
17394.000244140625	0.0456123124411251
17404.000244140625	0.0508381869433321
17414.000244140625	0.056710562916159
17424.000244140625	0.0629171986685867
17434.000244140625	0.0698647289399145
17444.000244140625	0.077649134429853
17454.000244140625	0.0867866380469184
17464.000244140625	0.0970177073614928
17474.000244140625	0.1092298371707589
17484.000244140625	0.1235571972996483
17494.000244140625	0.1400678396945296
17504.000244140625	0.1592394244882089
17514.000244140625	0.1804611179926993
17524.000244140625	0.2023292419955405
17534.000244140625	0.226059150683448
17544.000244140625	0.2498666929269175
17554.000244140625	0.2739105680341741
17564.000244140625	0.2974408726826191
17574.000244140625	0.3200488904012937
17584.00024414062	0.3400347091465415
17594.000244140625	0.3586367172956159
17604.00024414062	0.3752215991280526
17614.000244140625	0.3903379472596239
17624.00024414062	0.404424280070266
17634.000244140625	0.4181117111561621
17644.00024414062	0.4303008589436061
17654.000244140625	0.4420976020967446
17664.00024414062	0.4531754295778545
17674.000244140625	0.4632610153807633
17684.00024414062	0.4732196969452234
17694.000244140625	0.4824195007369703
17704.00024414062	0.4909942479698644
17714.000244140625	0.4979399096210422
17724.00024414062	0.5040561494731076
17734.000244140625	0.5090343391455494
17744.00024414062	0.5128747488441456
17754.000244140625	0.5161830499132674
17764.00024414062	0.5175240307054444
17774.000244140625	0.5195015186091023
17784.00024414062	0.5196712408971889
17794.000244140625	0.5210185514796442
17804.00024414062	0.521909831875011
17814.000244140625	0.5221720742156364
17824.00024414062	0.5228454112141263
17834.000244140625	0.5228443344209441
17844.00024414062	0.5232008884024648
17854.000244140625	0.5240529398391208
17864.00024414062	0.5244155512172327
17874.000244140625	0.5251522105966618
17884.00024414062	0.5265548997785864
17894.000244140625	0.527066404912603
17904.000244140625	0.527616006699314
17914.000244140625	0.5280205830343928
17924.000244140625	0.5281955936490039
17934.000244140625	0.5279145215133166
17944.000244140625	0.5280132144014063
17954.000244140625	0.5267837421835759
17964.000244140625	0.5259700258843997
17974.000244140625	0.5244422934697062
17984.000244140625	0.522930563341657
17994.000244140625	0.5219031821482962
18004.000244140625	0.5202113661263189
18014.000244140625	0.5190763863573888
18024.000244140625	0.5172657001962125
18034.000244140625	0.5156789246800082
18044.000244140625	0.5137276173366969
18054.000244140625	0.511930763457405
18064.000244140625	0.5107776707551979
18074.000244140625	0.5102418291653598
18084.000244140625	0.5095036516163289
18094.000244140625	0.5089171408554635
18104.000244140625	0.5086815761051156
18114.000244140625	0.5077263516791599
18124.000244140625	0.5085494110568934
18134.000244140625	0.5087136341259473
18144.000244140625	0.5096394145061683
18154.000244140625	0.5104898867532979
18164.000244140625	0.5109391119885376
18174.000244140625	0.5118747044090444
18184.000244140625	0.5134639288993547
18194.000244140625	0.5145553608894877
18204.000244140625	0.5152524477517555
18214.000244140625	0.5167938035065203
18224.000244140625	0.5183406239085153
18234.000244140625	0.5187273046452973
18244.000244140625	0.5211519826387292
18254.000244140625	0.5224841277586559
18264.000244140625	0.5236623943202062
18274.000244140625	0.5244391385199257
18284.000244140625	0.5249982863592296
18294.000244140625	0.5257981025182119
18304.000244140625	0.5274429217604097
18314.000244140625	0.5277146285378304
18324.000244140625	0.5291470902537879
18334.000244140625	0.5296827250387769
18344.000244140625	0.5297232098055528
18354.000244140625	0.5298472025911347
18364.000244140625	0.5313237973085845
18374.000244140625	0.5312983237504616
18384.000244140625	0.5316497235509003
18394.000244140625	0.5315382763680138
18404.000244140625	0.5319540535687569
18414.000244140625	0.5313865791961284
18424.000244140625	0.5316888004037621
18434.000244140625	0.5315453779384307
18444.000244140625	0.5312595477014468
18454.000244140625	0.5313079339195009
18464.000244140625	0.530150866532094
18474.000244140625	0.529389226964549
18484.000244140625	0.5295056182808204
18494.000244140625	0.528349907947954
18504.000244140625	0.5272345551434229
18514.000244140625	0.5267132748627665
18524.000244140625	0.5265551524573825
18534.000244140625	0.5258831219990443
18544.000244140625	0.5241384595856807
18554.000244140625	0.5236380218389116
18564.000244140625	0.5227673504510263
18574.000244140625	0.523204849052461
18584.000244140625	0.5225345061932977
18594.000244140625	0.5218917432965913
18604.000244140625	0.5213676330779089
18614.000244140625	0.5207460074889425
18624.000244140625	0.5199889284211472
18634.000244140625	0.5196278167424938
18644.000244140625	0.5188571727077133
18654.000244140625	0.5193784420369049
18664.000244140625	0.5197380728714508
18674.000244140625	0.5193964134112028
18684.000244140625	0.5198243955459708
18694.000244140625	0.5202363860427613
18704.000244140625	0.5210163043717846
18714.000244140625	0.5217516816097877
18724.000244140625	0.5225224214789825
18734.000244140625	0.523482457482429
18744.000244140625	0.5243296679362317
18754.000244140625	0.5249340832150938
18764.000244140625	0.5261140933351197
18774.000244140625	0.5262126525919217
18784.000244140625	0.526677446245722
18794.000244140625	0.5270569393391658
18804.000244140625	0.5282429627879416
18814.000244140625	0.5288378718048063
18824.000244140625	0.5294401382077761
18834.00024414062	0.5299924237140793
18844.000244140625	0.5309592250184461
18854.00024414062	0.531689086666474
18864.000244140625	0.5324798082027571
18874.00024414062	0.5328981910641483
18884.000244140625	0.5329249062759419
18894.00024414062	0.5340286925362104
18904.000244140625	0.5342580349812974
18914.00024414062	0.5341939027752125
18924.000244140625	0.5337696992227435
18934.00024414062	0.5337759361366201
18944.000244140625	0.5343304593864878
18954.00024414062	0.5349131888945752
18964.000244140625	0.5353854423259922
18974.00024414062	0.5357220798482702
18984.000244140625	0.5359076720213729
18994.00024414062	0.5361899096367763
19004.000244140625	0.5361007586652746
19014.00024414062	0.5361032473404336
19024.000244140625	0.5370804673373298
19034.00024414062	0.5371422294187832
19044.000244140625	0.5369457771289972
19054.00024414062	0.5374616995409612
19064.000244140625	0.5374912819095882
19074.00024414062	0.5373291205353032
19084.000244140625	0.5374963942949933
19094.00024414062	0.5375599968096235
19104.000244140625	0.5380519715307926
19114.00024414062	0.537913929778693
19124.000244140625	0.5381823648214002
19134.00024414062	0.5385572496951132
19144.000244140625	0.5395204830031941
19154.000244140625	0.538703478303917
19164.000244140625	0.5381875842479513
19174.000244140625	0.5385076891627618
19184.000244140625	0.5384918373104728
19194.000244140625	0.5383729912442283
19204.000244140625	0.5375926568443016
19214.000244140625	0.5372758202518114
19224.000244140625	0.5380074060147192
19234.000244140625	0.5368135534490147
19244.000244140625	0.536509139051147
19254.000244140625	0.5360684046651015
19264.000244140625	0.5353400295758608
19274.000244140625	0.5344825008987323
19284.000244140625	0.5335464665728915
19294.000244140625	0.5335299124135051
19304.000244140625	0.5332373234641022
19314.000244140625	0.5323266734294618
19324.000244140625	0.5319227297365072
19334.000244140625	0.5312104200767078
19344.000244140625	0.5298612139233541
19354.000244140625	0.529503570904324
19364.000244140625	0.5287507838322897
19374.000244140625	0.5280199866170792
19384.000244140625	0.5275695901641442
19394.000244140625	0.5271496356247654
19404.000244140625	0.5271137523578838
19414.000244140625	0.5270267544795065
19424.000244140625	0.5272144563831633
19434.000244140625	0.5281127718897103
19444.000244140625	0.5285728317005933
19454.000244140625	0.5288622444342136
19464.000244140625	0.5289904400066343
19474.000244140625	0.5292883506906205
19484.000244140625	0.5299432057317427
19494.000244140625	0.5302130785940382
19504.000244140625	0.5309061963769595
19514.000244140625	0.5311412803008952
19524.000244140625	0.5314550764991705
19534.000244140625	0.5323624263224527
19544.000244140625	0.532485114597929
19554.000244140625	0.5327916568307951
19564.000244140625	0.5333546925599623
19574.000244140625	0.5339433798365065
19584.000244140625	0.5340294105262183
19594.000244140625	0.533614951063474
19604.000244140625	0.5343100524344488
19614.000244140625	0.5344367274915207
19624.000244140625	0.5343693343811219
19634.000244140625	0.5340667011161597
19644.000244140625	0.5344750743484437
19654.000244140625	0.5342137413843219
19664.000244140625	0.5339228944786834
19674.000244140625	0.5337429639662897
19684.000244140625	0.5335036324911739
19694.000244140625	0.5333661974080692
19704.000244140625	0.5323578496548865
19714.000244140625	0.5333469664943726
19724.000244140625	0.5333626226304231
19734.000244140625	0.5322517231284343
19744.000244140625	0.5321111050146767
19754.000244140625	0.5319125396505396
19764.000244140625	0.5319674385320784
19774.000244140625	0.5322312386323234
19784.000244140625	0.5321882238763612
19794.000244140625	0.5319046052485954
19804.000244140625	0.5320994971029871
19814.000244140625	0.5317213300781358
19824.000244140625	0.5319162358668643
19834.000244140625	0.532122750038284
19844.000244140625	0.5323562911798605
19854.000244140625	0.5317602652391138
19864.000244140625	0.5322781851639174
19874.000244140625	0.5326176491614486
19884.000244140625	0.5330541063676909
19894.000244140625	0.5331981530188564
19904.000244140625	0.5334712838837603
19914.000244140625	0.5330923179069089
19924.000244140625	0.5326380655126774
19934.000244140625	0.533017624325414
19944.000244140625	0.5317241019195704
19954.000244140625	0.5306549358183988
19964.000244140625	0.5279079065567311
19974.000244140625	0.52668125163104
19984.000244140625	0.5280388672963966
19994.000244140625	0.5300523654381536
20004.00024414062	0.5317517119095541
20014.000244140625	0.5318042629435609
20024.000244140625	0.5332156167060699
20034.000244140625	0.534380527992184
20044.00024414062	0.5343655428511431
20054.000244140625	0.5336943372610654
20064.000244140625	0.5334148857083076
20074.000244140625	0.5328743705395012
20084.00024414062	0.5324982082719538
20094.00024414062	0.5324497188928006
20104.000244140625	0.5326738484616633
20114.000244140625	0.5323534527586657
20124.00024414062	0.5330240069895105
20134.00024414062	0.5322535150153855
20144.000244140625	0.5328172655990491
20154.000244140625	0.533691415785637
20164.00024414062	0.534026331817159
20174.00024414062	0.5341949354736844
20184.000244140625	0.5350536060630953
20194.000244140625	0.5351211704736731
20204.00024414062	0.5354328327576945
20214.00024414062	0.5344415834787051
20224.000244140625	0.5357556325118173
20234.000244140625	0.5364906576788545
20244.00024414062	0.5371331824383463
20254.00024414062	0.5385551098245528
20264.000244140625	0.5390367820272635
20274.000244140625	0.5387160689757396
20284.00024414062	0.5395609753247794
20294.00024414062	0.539670796110383
20304.000244140625	0.5402101140420296
20314.000244140625	0.5404925734983307
20324.00024414062	0.5405907746584343
20334.00024414062	0.5408031038660119
20344.000244140625	0.5406399597099412
20354.000244140625	0.5408420547139774
20364.00024414062	0.5402675608699636
20374.00024414062	0.5403956979400033
20384.000244140625	0.5401207210087883
20394.000244140625	0.540098485880943
20404.000244140625	0.5395569532737733
20414.000244140625	0.5381598878397017
20424.000244140625	0.5381685533479288
20434.000244140625	0.5370475445121918
20444.000244140625	0.5357181184565887
20454.000244140625	0.5352946025508895
20464.000244140625	0.5334259759132168
20474.000244140625	0.5328600056893049
20483.999023437496	0.5318978199797653
20493.9990234375	0.5312743954084703
20503.9990234375	0.5306645874244162
20513.9990234375	0.5303023122631669
20523.999023437496	0.5292132102006912
20533.9990234375	0.5287957228321999
20543.9990234375	0.5288568843617112
20553.9990234375	0.5286749787213441
20563.999023437496	0.5279768028465849
20573.9990234375	0.5280678807210035
20583.9990234375	0.5283183038551683
20593.9990234375	0.5284477598129456
20603.999023437496	0.5286458552242829
20613.9990234375	0.5290605065472667
20623.9990234375	0.5297587643723501
20633.9990234375	0.5309097973489925
20643.999023437496	0.5314053097773711
20653.9990234375	0.531941849835939
20663.9990234375	0.532847384497029
20673.9990234375	0.5340857606429259
20683.9990234375	0.5353142309085172
20693.9990234375	0.5359336990983977
20703.9990234375	0.5369786124653673
20713.9990234375	0.5382149270122364
20723.9990234375	0.5389837331428198
20733.9990234375	0.5410571805960206
20743.9990234375	0.5415930982215774
20753.9990234375	0.5420892531915016
20763.9990234375	0.5426925658537443
20773.9990234375	0.5433331093391026
20783.9990234375	0.5437246109146981
20793.9990234375	0.544284466498378
20803.9990234375	0.5442080219771817
20813.9990234375	0.5440226980031405
20823.9990234375	0.5448911096593996
20833.9990234375	0.5443852137109122
20843.9990234375	0.5450918592241083
20853.9990234375	0.5448102143411868
20863.9990234375	0.5453362080256575
20873.9990234375	0.5452212451967514
20883.9990234375	0.5449463258620292
20893.9990234375	0.5438095164325373
20903.9990234375	0.543621815535325
20913.9990234375	0.5421484165213614
20923.9990234375	0.5416870582857
20933.9990234375	0.5419179730925792
20943.9990234375	0.5415086243822664
20953.9990234375	0.5412477651504499
20963.9990234375	0.5404990026073399
20973.9990234375	0.5403735928376443
20983.9990234375	0.5402281781306117
20993.9990234375	0.5402067406778188
21003.9990234375	0.5386249061662021
21013.9990234375	0.5391031205841932
21023.9990234375	0.538200319654953
21033.9990234375	0.5388058877957895
21043.9990234375	0.5388870371030622
21053.999023437504	0.5385022007065517
21063.9990234375	0.5381790412360896
21073.9990234375	0.5375773914568889
21083.9990234375	0.5373251582194511
21093.999023437504	0.536384231414034
21103.9990234375	0.5369950501680771
21113.9990234375	0.536238151334617
21123.9990234375	0.5362723246602753
21133.999023437504	0.5356442995155634
21143.9990234375	0.5360370594790377
21153.9990234375	0.5352025767127698
21163.9990234375	0.5349529879646665
21173.999023437504	0.5347555964943403
21183.9990234375	0.5347627564592047
21193.9990234375	0.5342383579212097
21203.9990234375	0.5335976095479142
21213.999023437504	0.5330843954286492
21223.9990234375	0.532398080855692
21233.9990234375	0.5322532299339218
21243.9990234375	0.5313487472939863
21253.999023437504	0.5309052921346812
21263.9990234375	0.5302605061893548
21273.9990234375	0.5303603215691911
21283.9990234375	0.529242235991521
21293.999023437504	0.5299094930434374
21303.9990234375	0.5287298650062419
21313.9990234375	0.5281858294508939
21323.9990234375	0.5286813399831676
21333.999023437504	0.5282447299852139
21343.9990234375	0.528530225336883
21353.9990234375	0.5277314899911973
21363.9990234375	0.5280064280106144
21373.999023437504	0.5277074327007947
21383.9990234375	0.527612668510198
21393.9990234375	0.5279423526084283
21403.9990234375	0.5283893121962386
21413.999023437504	0.5281624479042126
21423.9990234375	0.5296470872254162
21433.9990234375	0.5294473328012526
21443.9990234375	0.5302109364064349
21453.999023437504	0.5309534660947663
21463.9990234375	0.5310235198392858
21473.9990234375	0.5312799102989224
21483.9990234375	0.5316485228074586
21493.999023437496	0.5310472995064669
21503.9990234375	0.5320828573064875
21513.9990234375	0.5314371136079419
21523.9990234375	0.531850195930824
21533.999023437496	0.5309445671582185
21543.9990234375	0.5313552679618735
21553.9990234375	0.5305555271676837
21563.9990234375	0.5304803331077975
21573.999023437496	0.5299334589412471
21583.9990234375	0.529793505038928
21593.9990234375	0.5296901193049491
21603.9990234375	0.5282932879633914
21613.999023437496	0.5277167875685125
21623.9990234375	0.5259192872838584
21633.9990234375	0.5250175775720637
21643.9990234375	0.5239623144049246
21653.999023437496	0.5229779513931508
21663.9990234375	0.5222350037006377
21673.9990234375	0.5206439560197026
21683.9990234375	0.5203780551420204
21693.999023437496	0.5184932383877522
21703.9990234375	0.5175492054935036
21713.9990234375	0.5157977930733395
21723.9990234375	0.5158446606991982
21733.999023437496	0.51464412900259
21743.9990234375	0.5140166632408706
21753.9990234375	0.5135249806184424
21763.9990234375	0.5131188834474607
21773.999023437496	0.5126400293223493
21783.9990234375	0.5115977441103637
21793.9990234375	0.511444681011218
21803.9990234375	0.5114903317018946
21813.999023437496	0.510876850202695
21823.9990234375	0.510248458616921
21833.9990234375	0.5101786180139176
21843.9990234375	0.5103652035400831
21853.999023437496	0.511954348572022
21863.9990234375	0.5122510092889726
21873.9990234375	0.5119112552192631
21883.9990234375	0.5129180315113453
21893.999023437496	0.5127372300375351
21903.9990234375	0.5134971322776481
21913.9990234375	0.5145799200756367
21923.9990234375	0.5149598814527392
21933.9990234375	0.5155790379994096
21943.9990234375	0.5166226403691813
21953.9990234375	0.5169526122067378
21963.9990234375	0.5177058562100204
21973.9990234375	0.5190754341425574
21983.9990234375	0.5203626165855676
21993.9990234375	0.5212500565394415
22003.9990234375	0.5229122222603212
22013.9990234375	0.5230322400711309
22023.9990234375	0.5243984424646624
22033.9990234375	0.5249381720129832
22043.9990234375	0.5261219749579629
22053.9990234375	0.5262893011116487
22063.9990234375	0.5259136977159696
22073.9990234375	0.5250762300822269
22083.9990234375	0.5238210341253925
22093.9990234375	0.5223420494376593
22103.9990234375	0.5204402015858427
22113.9990234375	0.5173171202877624
22123.9990234375	0.5132825124806699
22133.9990234375	0.5078891769304698
22143.9990234375	0.5002213732204902
22153.9990234375	0.4929063441002123
22163.9990234375	0.4818715018783508
22173.9990234375	0.4706194885616358
22183.9990234375	0.4570881798097002
22193.9990234375	0.44133965122091
22203.9990234375	0.4242977744830158
22213.9990234375	0.4057309387112096
22223.9990234375	0.3858153914310651
22233.9990234375	0.3642471112349721
22243.9990234375	0.3415438585147923
22253.9990234375	0.3183426202622084
22263.9990234375	0.295883333210878
22273.9990234375	0.2742667419116102
22283.9990234375	0.2530362910016669
22293.9990234375	0.2329530520965445
22303.999023437504	0.2141225217825386
22313.9990234375	0.1960266603065697
22323.9990234375	0.1795739833923795
22333.9990234375	0.1644586326386174
22343.999023437504	0.15031897728031
22353.9990234375	0.1367400280149733
22363.9990234375	0.1242278988343408
22373.9990234375	0.1119141378521475
22383.999023437504	0.1003357553832218
22393.9990234375	0.0900775854971667
22403.9990234375	0.0803528720264703
22413.9990234375	0.0713370028664435
22423.999023437504	0.0632354578680625
22433.9990234375	0.0558182926073501
22443.9990234375	0.0489119171997925
22453.9990234375	0.0429872547872293
22463.999023437504	0.0377075671549585
22473.9990234375	0.0329305243846129
22483.9990234375	0.0287738934684497
22493.9990234375	0.0250809905373818
22503.999023437504	0.0217880071608592
22513.9990234375	0.0189582984206007
22523.9990234375	0.0165738725691704
22533.9990234375	0.014457167728928
22543.999023437504	0.0125861879087215
22553.9990234375	0.010989988152115
22563.9990234375	0.0095486032023943
22573.9990234375	0.0083027575433228
22583.999023437504	0.0072621400554856
22593.9990234375	0.0063453505724759
22603.9990234375	0.005535282231471
22613.9990234375	0.0048429793255305
22623.999023437504	0.0042248364712213
22633.9990234375	0.00368798873884
22643.9990234375	0.0032397680108922
22653.9990234375	0.0028519559296117
22663.999023437504	0.0025056630402364
22673.9990234375	0.0022146329382423
22683.9990234375	0.0019588890988787
22693.9990234375	0.0017343701620562
22703.999023437504	0.0015439464490384
22713.9990234375	0.001377910877376
22723.9990234375	0.0012313224891329
22733.9990234375	0.0011083752168878
22743.999023437496	0.0009925572950012
22753.9990234375	0.0008927429792453
22763.9990234375	0.0008029678371
22773.9990234375	0.0007288128023197
22783.999023437496	0.0006607839693631
22793.9990234375	0.0005996820075319
22803.9990234375	0.0005493326944948
22813.9990234375	0.0004987844315605
22823.999023437496	0.0004532104011444
22833.9990234375	0.0004170851209717
22843.9990234375	0.0003839999179973
22853.9990234375	0.0003536666327438
22863.999023437496	0.000323497857348
22873.9990234375	0.0002973493004251
22883.9990234375	0.0002763480502755
22893.9990234375	0.0002521158264523
22903.999023437496	0.0002345270476916
22913.9990234375	0.0002173651392196
22923.9990234375	0.0002001594621402
22933.9990234375	0.0001835072363283
22943.999023437496	0.0001707018053705
22953.9990234375	0.0001589573220297
22963.9990234375	0.0001464060867976
22973.9990234375	0.0001385062009573
22983.999023437496	0.0001273692855073
22993.9990234375	0.0001195838440409
23003.9990234375	0.000111545618565
23013.9990234375	0.0
23023.999023437496	0.0
