18985.999755859375	0.0
18995.999755859375	0.0
19005.999755859375	7.055102483024875e-06
19015.999755859375	7.161392878873964e-06
19025.999755859375	7.82124385988431e-06
19035.999755859375	8.849384427261447e-06
19045.999755859375	9.079975318407037e-06
19055.999755859375	9.967974633823617e-06
19065.999755859375	9.89050735050729e-06
19075.999755859375	1.1034145244291734e-05
19085.999755859375	1.2802732409481534e-05
19095.999755859375	1.279455512725356e-05
19105.999755859375	1.5065873862496711e-05
19115.999755859375	1.5690380621648004e-05
19125.999755859375	1.5958664030182493e-05
19135.999755859375	1.964833436287222e-05
19145.999755859375	2.0589732267118184e-05
19155.999755859375	2.275810592723108e-05
19165.999755859375	2.4716216334634e-05
19175.999755859375	2.7470635754094056e-05
19185.999755859375	3.079987863623726e-05
19195.999755859375	3.421913163688039e-05
19205.999755859375	3.7554046941263336e-05
19215.999755859375	4.023809051795611e-05
19225.999755859375	4.673867457012864e-05
19235.999755859375	5.088708020672856e-05
19245.999755859375	5.6386829240268105e-05
19255.999755859375	6.41414602426165e-05
19265.999755859375	7.143659333800153e-05
19275.999755859375	7.83816943523366e-05
19285.999755859375	8.639886245985208e-05
19295.999755859375	0.000102419664379
19305.999755859375	0.0001097980613774
19315.999755859375	0.0001232133891089
19325.999755859375	0.0001390087970999
19335.999755859375	0.0001554889352851
19345.999755859375	0.0001789767841351
19355.999755859375	0.0001968622402407
19365.999755859375	0.000223514764535
19375.999755859375	0.0002523263388077
19385.999755859375	0.0002826140580512
19395.999755859375	0.0003162589863798
19405.999755859375	0.000358578740304
19415.999755859375	0.0004173765336207
19425.999755859375	0.0004560527035237
19435.999755859375	0.0005265535620164
19445.999755859375	0.0005914085584444
19455.999755859375	0.0006759680858105
19465.999755859375	0.0007586597905016
19475.999755859375	0.0008759312547112
19485.999755859375	0.0009976854018485
19495.999755859375	0.0010969748728167
19505.999755859375	0.0012719203575994
19515.999755859375	0.0014416090139611
19525.999755859375	0.0016592074153573
19535.999755859375	0.0018713218584791
19545.999755859375	0.0021412408506117
19555.999755859375	0.0025184908214884
19565.999755859375	0.0028272225203145
19575.999755859375	0.0032141307732267
19585.999755859375	0.0037858625318054
19595.999755859375	0.0042895894338915
19605.999755859375	0.0050192516153984
19615.99975585938	0.0056916779830156
19625.999755859375	0.0064941097101794
19635.99975585938	0.0076452392108693
19645.999755859375	0.0088145582936527
19655.99975585938	0.0102630779205825
19665.999755859375	0.0118302702349507
19675.99975585938	0.0138009986731146
19685.999755859375	0.0156580536394374
19695.99975585938	0.0182910539113216
19705.999755859375	0.0222614254523291
19715.99975585938	0.025208299884238
19725.999755859375	0.0288850204413924
19735.99975585938	0.0325836990103635
19745.999755859375	0.0377487728484432
19755.99975585938	0.0412635184514112
19765.999755859375	0.0464970193086927
19775.99975585938	0.0527938109633423
19785.999755859375	0.0570711713597204
19795.99975585938	0.0658352055156007
19805.999755859375	0.072512636063932
19815.99975585938	0.0814340553828672
19825.999755859375	0.0902522824314827
19835.99975585938	0.1010727055341967
19845.999755859375	0.1148868636752928
19855.99975585938	0.1266714342624987
19865.999755859375	0.1463527101066211
19875.99975585938	0.1661372488601753
19885.999755859375	0.1891135660691226
19895.99975585938	0.2177367775177785
19905.999755859375	0.2364509762968419
19915.99975585938	0.2668922258003676
19925.999755859375	0.2945883951755014
19935.999755859375	0.3226975900273414
19945.999755859375	0.3516629708850142
19955.999755859375	0.3781763092064443
19965.999755859375	0.4024919545584398
19975.999755859375	0.4193491261682077
19985.999755859375	0.4368345542479283
19995.999755859375	0.4591921641485654
20005.999755859375	0.4799865211504862
20015.999755859375	0.4910621037652772
20025.999755859375	0.5034390848209463
20035.99975585938	0.5043899804892561
20045.999755859375	0.51274484542991
20055.999755859375	0.5239665760182373
20065.999755859375	0.5273133470292155
20075.99975585937	0.5297558660085322
20085.999755859375	0.5312715935321268
20095.999755859375	0.5328025584388528
20105.999755859375	0.5281940116213882
20115.99975585937	0.5355553125577164
20125.999755859375	0.5324092257659803
20135.999755859375	0.5356770566172685
20145.999755859375	0.5378442306495005
20155.99975585937	0.5331394214243723
20165.999755859375	0.5383674101834378
20175.999755859375	0.5318772283207418
20185.999755859375	0.5332109789029961
20195.99975585937	0.5367371323188851
20205.999755859375	0.5328391461180395
20215.999755859375	0.5353266056087777
20225.999755859375	0.529364333094189
20235.99975585937	0.5374573574997542
20245.999755859375	0.5299328155197618
20255.999755859375	0.5391726048549412
20265.999755859375	0.5323472957253734
20275.99975585937	0.5353238383518107
20285.999755859375	0.5308825853472151
20295.999755859375	0.5336204626242508
20305.999755859375	0.5357347775813429
20315.99975585937	0.5300874479589405
20325.999755859375	0.5366665085269919
20335.999755859375	0.5369739491413614
20345.999755859375	0.5307956685425513
20355.99975585937	0.5267167508436569
20365.999755859375	0.5412044995503877
20375.999755859375	0.531706176253405
20385.999755859375	0.5356335004904159
20395.99975585937	0.5311345764137556
20405.999755859375	0.5242919541122583
20415.999755859375	0.5350853317334641
20425.999755859375	0.5283683682476172
20435.99975585937	0.5289641668856756
20445.999755859375	0.5272978759561479
20455.999755859375	0.5286110483385035
20465.999755859375	0.5278702672597855
20475.99975585937	0.5293895063104334
20486.0009765625	0.5220988177861116
20496.0009765625	0.5167195600496789
20506.0009765625	0.5358302680931083
20516.0009765625	0.5236539144604654
20526.0009765625	0.5258416031939503
20536.0009765625	0.5274075472029185
20546.0009765625	0.5232073791737133
20556.0009765625	0.5213297766135121
20566.0009765625	0.5267668547794012
20576.0009765625	0.525068100646169
20586.0009765625	0.5276708131239084
20596.0009765625	0.5232783042466488
20606.000976562504	0.533791560119084
20616.0009765625	0.5278097865876457
20626.0009765625	0.5372351658831059
20636.0009765625	0.5260336246269087
20646.000976562504	0.5288623430614581
20656.0009765625	0.533208508487903
20666.0009765625	0.5316134137566244
20676.0009765625	0.5329491426443517
20686.000976562504	0.5404891047003331
20696.0009765625	0.5369620984138591
20706.0009765625	0.5401707980721374
20716.0009765625	0.5416892273556329
20726.000976562504	0.5387252445079647
20736.0009765625	0.5421322610091801
20746.0009765625	0.5379663518737479
20756.0009765625	0.541360420371841
20766.000976562504	0.5397396811578062
20776.0009765625	0.5424372745597976
20786.0009765625	0.541742410221079
20796.0009765625	0.5427482828721972
20806.000976562504	0.537754377317241
20816.0009765625	0.547046738470841
20826.0009765625	0.5352007944705759
20836.0009765625	0.5500633620306365
20846.000976562504	0.5418235289357077
20856.0009765625	0.5428217251982252
20866.0009765625	0.5442821554470925
20876.0009765625	0.5411560827232768
20886.000976562504	0.5507447209299908
20896.0009765625	0.5432261679016495
20906.0009765625	0.5421494791233563
20916.0009765625	0.5354738009792294
20926.000976562504	0.5410735136270745
20936.0009765625	0.5436533920228649
20946.0009765625	0.5526205320506811
20956.0009765625	0.5364137601469675
20966.000976562504	0.5470364443433138
20976.0009765625	0.5370180558809623
20986.0009765625	0.5378754324023731
20996.0009765625	0.5502268000292991
21006.000976562504	0.5381932716101072
21016.0009765625	0.5351110408014966
21026.0009765625	0.536415818426806
21036.0009765625	0.541946580029124
21046.000976562496	0.532284866693853
21056.0009765625	0.5386447451825584
21066.0009765625	0.5397722599527888
21076.0009765625	0.5245101157509944
21086.000976562496	0.5453829505210286
21096.0009765625	0.5367529529998369
21106.0009765625	0.5321690785522437
21116.0009765625	0.534197014711073
21126.000976562496	0.5315569771451476
21136.0009765625	0.5426028011287216
21146.0009765625	0.5325241382638836
21156.0009765625	0.535389992095944
21166.000976562496	0.5287752794030189
21176.0009765625	0.5407203746106445
21186.0009765625	0.5352272621985504
21196.0009765625	0.5375269679392993
21206.000976562496	0.53355621717015
21216.0009765625	0.5323746006535921
21226.0009765625	0.5324378674666853
21236.0009765625	0.5324994456120863
21246.000976562496	0.530840189603616
21256.0009765625	0.5377818871325768
21266.0009765625	0.536756430187701
21276.0009765625	0.5311809238545635
21286.000976562496	0.5433976642677605
21296.0009765625	0.5357133047915423
21306.0009765625	0.54136287953403
21316.0009765625	0.5332254596315651
21326.000976562496	0.5326809450629104
21336.0009765625	0.5386662064705723
21346.0009765625	0.534049625718378
21356.0009765625	0.5407381029447786
21366.000976562496	0.5327808464156574
21376.0009765625	0.5364985421293735
21386.0009765625	0.5338673996806461
21396.0009765625	0.5412866081729121
21406.000976562496	0.5340107796610452
21416.0009765625	0.532441892135053
21426.0009765625	0.5361780460278781
21436.0009765625	0.5359910206763208
21446.000976562496	0.529834363715678
21456.0009765625	0.536666445263286
21466.0009765625	0.536983671673334
21476.0009765625	0.5346081735500088
21486.0009765625	0.5301593175087691
21496.0009765625	0.5339807113125692
21506.0009765625	0.5306784733045964
21516.0009765625	0.5288898274661845
21526.0009765625	0.5285350420155167
21536.0009765625	0.5298408252608819
21546.0009765625	0.5308959337821286
21556.0009765625	0.5308002279250479
21566.0009765625	0.5349064696738474
21576.0009765625	0.524645197694458
21586.0009765625	0.5310123674336878
21596.0009765625	0.5250889055656278
21606.0009765625	0.5256022784628928
21616.0009765625	0.5247468052790063
21626.0009765625	0.52792505448305
21636.0009765625	0.5240098976064153
21646.0009765625	0.5157527203760333
21656.0009765625	0.5275160848779086
21666.0009765625	0.5196176282329004
21676.0009765625	0.5243787779899947
21686.0009765625	0.5166204876604307
21696.0009765625	0.5252092340966504
21706.0009765625	0.5177408315588742
21716.0009765625	0.5163831588399435
21726.0009765625	0.5244115006255895
21736.0009765625	0.511222664248419
21746.0009765625	0.516579241101482
21756.0009765625	0.5245985625947066
21766.0009765625	0.5176588234083258
21776.0009765625	0.5180985861044176
21786.0009765625	0.5124133992256924
21796.0009765625	0.5102672080742063
21806.0009765625	0.5217187838222072
21816.0009765625	0.5173035589619985
21826.0009765625	0.5145323391930723
21836.0009765625	0.5150964210137681
21846.0009765625	0.5050262963600012
21856.000976562504	0.5106883425167122
21866.0009765625	0.5016419745694451
21876.0009765625	0.4996298438367397
21886.0009765625	0.4932071084210808
21896.000976562504	0.4897490352010707
21906.0009765625	0.4778934771269355
21916.0009765625	0.4656432817295364
21926.0009765625	0.4536373417053437
21936.000976562504	0.4326484374142683
21946.0009765625	0.4195285845610388
21956.0009765625	0.3965635318246184
21966.0009765625	0.3743682837728293
21976.000976562504	0.3520270513831071
21986.0009765625	0.3253961657487648
21996.0009765625	0.3023351390200884
22006.0009765625	0.2779713353698041
22016.000976562504	0.2647699041957963
22026.0009765625	0.2414075556377274
22036.0009765625	0.2221643166421016
22046.0009765625	0.2081295699517931
22056.000976562504	0.1915222349480348
22066.0009765625	0.1790549339892249
22076.0009765625	0.162990484614752
22086.0009765625	0.1499503983349892
22096.000976562504	0.1363740435766554
22106.0009765625	0.1240291000605214
22116.0009765625	0.1114744580898652
22126.0009765625	0.0983873635847381
22136.000976562504	0.0897779964132501
22146.0009765625	0.0794332174627687
22156.0009765625	0.0696576285157513
22166.0009765625	0.0607344543625305
22176.000976562504	0.0522047503291423
22186.0009765625	0.0454986219970805
22196.0009765625	0.0399354079580246
22206.0009765625	0.0350025829206796
22216.000976562504	0.0296246586430856
22226.0009765625	0.0256951678416517
22236.0009765625	0.022054360737879
22246.0009765625	0.0191324342908523
22256.000976562504	0.0165945071787827
22266.0009765625	0.0142628099813918
22276.0009765625	0.0122668512706652
22286.0009765625	0.0108871685455523
22296.000976562496	0.0094179867724526
22306.0009765625	0.0081924939882142
22316.0009765625	0.0071281573778326
22326.0009765625	0.0061887195266133
22336.000976562496	0.0053891814243765
22346.0009765625	0.0047178807862756
22356.0009765625	0.0041391380974112
22366.0009765625	0.0036076265989179
22376.000976562496	0.0031838328361149
22386.0009765625	0.0027862930465267
22396.0009765625	0.0024345913063685
22406.0009765625	0.0021551687237286
22416.000976562496	0.0018534125885012
22426.0009765625	0.001691640083406
22436.0009765625	0.0014667898203788
22446.0009765625	0.0013155802192636
22456.000976562496	0.001146048061601
22466.0009765625	0.0010099056797004
22476.0009765625	0.0008987526851765
22486.0009765625	0.0007894926544623
22496.000976562496	0.0007197682965584
22506.0009765625	0.0006290730155814
22516.0009765625	0.0005514868016994
22526.0009765625	0.000498707356201
22536.000976562496	0.0004427568930041
22546.0009765625	0.0003898996294274
22556.0009765625	0.0003461429250258
22566.0009765625	0.0003133465957304
22576.000976562496	0.0002843747770482
22586.0009765625	0.0002537901156278
22596.0009765625	0.0002277097830324
22606.0009765625	0.000200200923155
22616.000976562496	0.0001837492021554
22626.0009765625	0.0001625656590647
22636.0009765625	0.0001485956761608
22646.0009765625	0.0001329629286717
22656.000976562496	0.00012445835961
22666.0009765625	0.0001016509301875
22676.0009765625	9.606242759197988e-05
22686.0009765625	9.157348787266436e-05
22696.000976562496	8.150271619736706e-05
22706.0009765625	7.428930581983555e-05
22716.0009765625	7.161446719889113e-05
22726.0009765625	6.509733002545058e-05
22736.0009765625	5.809458163085693e-05
22746.0009765625	5.351465623211982e-05
22756.0009765625	5.12696264687916e-05
22766.0009765625	4.665085121622477e-05
22776.0009765625	4.413586297880621e-05
22786.0009765625	3.9484879712282577e-05
22796.0009765625	3.742763711088669e-05
22806.0009765625	3.6841764029915095e-05
22816.0009765625	3.2922208285613875e-05
22826.0009765625	3.160023811318397e-05
22836.0009765625	2.8593397145713863e-05
22846.0009765625	2.470462214259604e-05
22856.0009765625	2.56174092977801e-05
22866.0009765625	2.2899451790498105e-05
22876.0009765625	2.283466522123401e-05
22886.0009765625	2.2484679627035588e-05
22896.0009765625	2.048629120598049e-05
22906.0009765625	1.925005417352704e-05
22916.0009765625	1.973657734086272e-05
22926.0009765625	1.89708710791992e-05
22936.0009765625	1.7402970632309916e-05
22946.0009765625	1.7022905272671503e-05
22956.0009765625	1.5626139033490825e-05
22966.0009765625	1.463463581472256e-05
22976.0009765625	1.442697469850707e-05
22986.0009765625	1.3572387912316369e-05
22996.0009765625	1.3519570295106216e-05
23006.0009765625	1.1985118751387495e-05
23016.0009765625	1.2008764157768458e-05
23026.000976562496	0.0
23036.000976562496	0.0
