20483.000488281254	0.0
20493.000488281254	0.0
20503.00048828125	6.097428691382639e-06
20513.00048828125	4.603282972071654e-06
20523.00048828125	6.8761845309021976e-06
20533.000488281246	7.06406279378931e-06
20543.00048828125	5.203434869207824e-06
20553.00048828125	5.517199464715697e-06
20563.00048828125	6.577270963997618e-06
20573.000488281246	6.748667858878625e-06
20583.00048828125	7.301770774998738e-06
20593.00048828125	7.801659365921511e-06
20603.00048828125	8.588342642222936e-06
20613.000488281246	7.646373041683277e-06
20623.00048828125	9.42342327243027e-06
20633.00048828125	1.1500656857469689e-05
20643.00048828125	1.1747127406988616e-05
20653.000488281246	1.1735418053262267e-05
20663.00048828125	1.3134881590745677e-05
20673.00048828125	1.3923250616529305e-05
20683.00048828125	1.5852811798271366e-05
20693.000488281246	1.8627688025033793e-05
20703.00048828125	1.738739053318894e-05
20713.00048828125	2.193903097726742e-05
20723.00048828125	2.5930417195884095e-05
20733.000488281246	3.4199201365165355e-05
20743.00048828125	3.88878510287515e-05
20753.00048828125	4.421044251189818e-05
20763.00048828125	5.809760423301727e-05
20773.000488281246	6.957973677783012e-05
20783.00048828125	8.775485650257366e-05
20793.00048828125	0.0001155842367168
20803.00048828125	0.0001509049032813
20813.000488281246	0.0001980664880395
20823.00048828125	0.0002681114718882
20833.00048828125	0.0003695106497268
20843.00048828125	0.0005118220983675
20853.000488281246	0.0007332384800541
20863.00048828125	0.0010648634690317
20873.00048828125	0.0016059793099908
20883.00048828125	0.0024204531849752
20893.000488281246	0.0037211350470734
20903.00048828125	0.0057664272908607
20913.00048828125	0.0086715812098415
20923.00048828125	0.0129478011125119
20933.000488281246	0.0185302433864937
20943.00048828125	0.0256114025455727
20953.00048828125	0.0342884861054044
20963.00048828125	0.0445657652519862
20973.00048828125	0.0561795604571506
20983.00048828125	0.0681197366459629
20993.00048828125	0.0795348189157062
21003.00048828125	0.0892178407237879
21013.00048828125	0.0985438089194226
21023.00048828125	0.1095873338371081
21033.00048828125	0.1221669942497904
21043.00048828125	0.1361221471579848
21053.00048828125	0.1543322000958301
21063.00048828125	0.1743465620519165
21073.00048828125	0.1991863039207528
21083.00048828125	0.2252645161611969
21093.00048828125	0.2589158613398523
21103.00048828125	0.2935615690580055
21113.00048828125	0.3319215768247053
21123.00048828125	0.3711834038142328
21133.00048828125	0.4060824437955335
21143.00048828125	0.4405656477575501
21153.00048828125	0.465242734227167
21163.00048828125	0.4844713374879301
21173.00048828125	0.499797492769465
21183.00048828125	0.5086974945003575
21193.00048828125	0.5111292788356726
21203.00048828125	0.5153247353646014
21213.00048828125	0.5141766087391028
21223.00048828125	0.5157644956218538
21233.00048828125	0.5152852635697406
21243.00048828125	0.510896979993595
21253.00048828125	0.506894642133606
21263.00048828125	0.4985481579866487
21273.00048828125	0.4833932868469695
21283.00048828125	0.4613712829954175
21293.00048828125	0.4323985511760022
21303.00048828125	0.3954555099653709
21313.00048828125	0.358618495470682
21323.00048828125	0.3169256670165078
21333.00048828125	0.2788957320851297
21343.000488281254	0.2421605132546805
21353.00048828125	0.2086544456946349
21363.00048828125	0.1796968716077761
21373.00048828125	0.1548689866989775
21383.000488281254	0.1354579335251477
21393.00048828125	0.117738450699287
21403.00048828125	0.102894354660321
21413.00048828125	0.0889725955331078
21423.000488281254	0.0754981850415064
21433.00048828125	0.0634088648015449
21443.00048828125	0.0522817133980403
21453.00048828125	0.0428939403328342
21463.000488281254	0.0341855658495057
21473.00048828125	0.0268260318088993
21483.00048828125	0.0206292652562144
21493.00048828125	0.0153716415572803
21503.000488281254	0.0111453627849351
21513.00048828125	0.0077932621888787
21523.00048828125	0.0053012717101466
21533.00048828125	0.0034913566631425
21543.000488281254	0.0022976561486389
21553.00048828125	0.0015071508385024
21563.00048828125	0.0010007557395849
21573.00048828125	0.0006832776034308
21583.000488281254	0.0004789435590851
21593.00048828125	0.0003382982979877
21603.00048828125	0.0002492113842863
21613.00048828125	0.0001839958732216
21623.000488281254	0.0001378480966595
21633.00048828125	0.0001077560317622
21643.00048828125	8.171234869447455e-05
21653.00048828125	6.551783997590468e-05
21663.000488281254	5.229044706342803e-05
21673.00048828125	4.3054246517044027e-05
21683.00048828125	3.407920759435068e-05
21693.00048828125	2.8700992298094692e-05
21703.000488281254	2.58072727587646e-05
21713.00048828125	2.261227610828763e-05
21723.00048828125	1.8116018922505904e-05
21733.00048828125	1.727925305428405e-05
21743.000488281254	1.4496232222216842e-05
21753.00048828125	1.356444753980663e-05
21763.00048828125	1.1129412578734716e-05
21773.00048828125	1.1257394155627298e-05
21783.000488281246	1.0307677687597713e-05
21793.00048828125	8.974186143184636e-06
21803.00048828125	1.0986976867717767e-05
21813.00048828125	1.0010621914330468e-05
21823.000488281246	9.163243710956948e-06
21833.00048828125	7.617716365628933e-06
21843.00048828125	8.773981496843893e-06
21853.00048828125	7.087022094021826e-06
21863.000488281246	1.026123211176118e-05
21873.00048828125	6.429010779310076e-06
21883.00048828125	6.361341703698194e-06
21893.00048828125	7.282873235310825e-06
21903.000488281246	8.493961963019642e-06
21913.00048828125	9.759653845225993e-06
21923.00048828125	7.726260471211496e-06
21933.00048828125	6.848878816842333e-06
21943.000488281246	8.822608613394397e-06
21953.00048828125	4.503411248774919e-06
21963.00048828125	5.755217251949592e-06
21973.00048828125	9.18742253004797e-06
21983.000488281246	9.73093781320592e-06
21993.00048828125	7.2047035328166706e-06
22003.00048828125	5.48233404188193e-06
22013.00048828125	9.586508678561098e-06
22023.000488281246	9.44924249497586e-06
22033.00048828125	9.23170947918853e-06
22043.00048828125	9.487614466632968e-06
22053.00048828125	7.183774508051384e-06
22063.000488281246	7.6224471535587e-06
22073.00048828125	6.885030217214475e-06
22083.00048828125	9.04313881091996e-06
22093.00048828125	6.022372270325699e-06
22103.000488281246	4.072880516876884e-06
22113.00048828125	7.452087959402247e-06
22123.00048828125	1.0602558957605252e-05
22133.00048828125	6.147957206726442e-06
22143.000488281246	9.216769603356532e-06
22153.00048828125	7.068911601174088e-06
22163.00048828125	1.0513689416119911e-05
22173.00048828125	7.254581248218468e-06
22183.000488281246	1.1765355868994978e-05
22193.00048828125	1.0863093572228298e-05
22203.00048828125	8.34880358424843e-06
22213.00048828125	9.067200207113035e-06
22223.00048828125	7.613127798181213e-06
22233.00048828125	9.102748374597422e-06
22243.00048828125	6.045083078017368e-06
22253.00048828125	7.912102389919102e-06
22263.00048828125	7.52757933371217e-06
22273.00048828125	7.437681471691211e-06
22283.00048828125	5.3016459195761455e-06
22293.00048828125	1.4309308212639624e-05
22303.00048828125	8.672342631232283e-06
22313.00048828125	1.2032466680650764e-05
22323.00048828125	1.0439994903678672e-05
22333.00048828125	8.269998091000648e-06
22343.00048828125	5.114922480435083e-06
22353.00048828125	1.0087941767720888e-05
22363.00048828125	7.353205280500415e-06
22373.00048828125	1.0651290503322122e-05
22383.00048828125	7.324579196959166e-06
22393.00048828125	1.056764467813054e-05
22403.00048828125	6.9654496883047354e-06
22413.00048828125	9.805684553290852e-06
22423.00048828125	1.21076641731579e-05
22433.00048828125	8.716138365780453e-06
22443.00048828125	9.673151051431409e-06
22453.00048828125	1.492432926142805e-05
22463.00048828125	1.1430619697134312e-05
22473.00048828125	1.1028200298401454e-05
22483.00048828125	5.04054071192673e-06
22493.00048828125	1.2801344334944758e-05
22503.00048828125	1.0175786726571811e-05
22513.000488281246	0.0
22523.000488281246	0.0
