23478.883979999995	0.0
23490.89364	0.0
23502.903299999998	4.647499054098984e-06
23514.91296	4.99651695615195e-06
23526.92262	4.024771151434401e-06
23538.93228	3.363599014754457e-06
23550.941939999997	3.308632049095061e-06
23562.9516	3.4398316752441584e-06
23574.96126	3.5468076907888378e-06
23586.97092	3.834835390756632e-06
23598.980580000003	3.745807369320903e-06
23610.99024	3.43341815270323e-06
23622.999890000003	3.6171858808918582e-06
23635.009550000002	4.599042371951764e-06
23647.01921	5.2685889654334635e-06
23659.028870000002	6.680150892266612e-06
23671.03853	7.372790423773406e-06
23683.04819	9.183269314910523e-06
23695.057849999997	1.1651986409749532e-05
23707.06751	2.2174288795552896e-05
23719.07717	3.35201334579824e-05
23731.08683	4.77923477256504e-05
23743.096489999996	7.219265219165976e-05
23755.10615	9.95736126946417e-05
23767.11581	0.0001360542097598
23779.125470000003	0.0001750245540504
23791.135129999995	0.0002284538501319
23803.14478	0.0002966932945981
23815.154440000002	0.0003803228800998
23827.1641	0.000484371956861
23839.173759999998	0.0006145660101957
23851.18342	0.0007793892643608
23863.19308	0.0009816182573639
23875.20274	0.0012423499727584
23887.212399999997	0.0015698565838819
23899.22206	0.0019876641638127
23911.23172	0.0025224962242908
23923.241380000003	0.003206744979188
23935.251039999996	0.004099012425625
23947.260700000003	0.0052575763176221
23959.27036	0.0067775081408829
23971.280020000002	0.0087953790338362
23983.28967	0.011470141529391
23995.299329999998	0.015037547887707
24007.30899	0.0197860360656386
24019.318649999997	0.0260952355694923
24031.328309999997	0.0344540365923889
24043.337969999997	0.0453583218797694
24055.34763	0.0593901318110053
24067.357290000004	0.0770605059029696
24079.36695	0.0987403927990807
24091.376610000003	0.1245759566621313
24103.38627	0.1539793043420044
24115.395930000002	0.1859563512381479
24127.40559	0.218896930300538
24139.415250000002	0.2507890225592827
24151.42491	0.2797551384038449
24163.434559999998	0.3039625204444696
24175.444219999998	0.3228693976565412
24187.453879999997	0.3365839229281184
24199.463540000004	0.3458937122998994
24211.4732	0.3521723319242303
24223.48286	0.3560314166410316
24235.49252	0.3584899001763059
24247.50218	0.3601932248975353
24259.51184	0.3615627282147935
24271.5215	0.3630290792565984
24283.531160000002	0.3643278601864334
24295.540820000002	0.3657312945661387
24307.550479999998	0.3672147669880322
24319.560139999998	0.3687455236826539
24331.5698	0.3704740203610703
24343.579450000005	0.3719568262502792
24355.58911	0.3733585241591574
24367.59877	0.3746527716460643
24379.60843	0.3758660412829052
24391.618089999996	0.3771094230298015
24403.62775	0.377980789067409
24415.63741	0.3786657841698088
24427.64707	0.3792172563127775
24439.656730000002	0.3796227756348659
24451.66639	0.3800960383578834
24463.67605	0.3802618478306275
24475.685709999998	0.3803433749654794
24487.69537	0.380345623453584
24499.705029999997	0.3802809460708052
24511.714689999997	0.3795925057503941
24523.72434	0.3790771752323936
24535.733999999997	0.3785300240170772
24547.74366	0.3779721036544214
24559.75332	0.3775608355763747
24571.76298	0.3769439232231563
24583.772640000003	0.3765434822264045
24595.7823	0.376161569702512
24607.79196	0.3758029545592372
24619.80162	0.3754690798602645
24631.81128	0.3749734367007481
24643.820939999998	0.3747297689196571
24655.830599999998	0.3745254566501525
24667.84026	0.3743597687709362
24679.849920000004	0.3742586198428832
24691.85958	0.3742156860549944
24703.86923	0.3742202379363653
24715.87889	0.3744831599945292
24727.888549999996	0.3746073332270533
24739.89821	0.375031320585256
24751.90787	0.3753788683123477
24763.917529999995	0.3758012869510836
24775.92719	0.3764530405283409
24787.936850000002	0.3769147091702203
24799.94651	0.3776058897025224
24811.95617	0.3781193164724781
24823.965830000005	0.3788199967852407
24835.97549	0.3795050804128843
24847.98515	0.3801874736410418
24859.99481	0.3806099207535576
24872.004459999996	0.3811761778095661
24884.01412	0.3817079511660023
24896.02378	0.381979343545903
24908.033440000003	0.3823475410381447
24920.0431	0.3826334313612246
24932.052760000002	0.3829270056664655
24944.062420000002	0.3831921284109612
24956.07208	0.3833534103165582
24968.081739999998	0.3834600106448707
24980.0914	0.3834505625263429
24992.10106	0.3833460532246842
25004.11072	0.3832011958486144
25016.12038	0.3829994471724791
25028.13004	0.3827150535278675
25040.1397	0.382416256499508
25052.14935	0.382073688747179
25064.15901	0.381695734639939
25076.168670000003	0.3813196342527344
25088.178330000002	0.3809588098504747
25100.18799	0.3805956087216544
25112.19765	0.3802384109163045
25124.20731	0.3799856036662927
25136.21697	0.3798311758382103
25148.226629999997	0.3797139126750852
25160.23629	0.3796691824746643
25172.24595	0.3796477815378373
25184.25561	0.3796593632892435
25196.265269999996	0.3797289028690388
25208.274929999996	0.3798474110952188
25220.28459	0.3799767613342688
25232.294240000003	0.3801501326987473
25244.3039	0.3803514527959028
25256.31356	0.3805611617597285
25268.323220000002	0.3808020338865132
25280.33288	0.3810671469753445
25292.342539999998	0.3813004167051319
25304.3522	0.3815449426339297
25316.36186	0.3818097946033276
25328.37152	0.3821503001452209
25340.381179999997	0.3824936267793206
25352.390839999996	0.3828189618011248
25364.4005	0.3830890718628266
25376.41016	0.3833427338772271
25388.419820000003	0.3835779264413538
25400.42948	0.3837693117638526
25412.43913	0.3839344002984209
25424.448790000002	0.3840697789366608
25436.45845	0.3841547898744698
25448.46811	0.384203952806423
25460.47777	0.3842399002807125
25472.48743	0.3842007962839177
25484.497089999997	0.3841316905438269
25496.506749999997	0.3840338897984591
25508.516410000004	0.3838299457210982
25520.526070000004	0.3837089270033527
25532.53573	0.3835668185203832
25544.54539	0.383301164045211
25556.555050000003	0.3829504851666884
25568.564710000002	0.3825133041590128
25580.57437	0.381995136693135
25592.584020000002	0.3813342419938369
25604.593679999994	0.3805796576438366
25616.603339999998	0.3797113969416084
25628.612999999998	0.3787861377806825
25640.62266	0.3778876908585645
25652.63232	0.3768741125208621
25664.641980000004	0.3759045306641159
25676.65164	0.3750141571467773
25688.6613	0.3741872995215448
25700.670960000003	0.3736252602704047
25712.680620000003	0.3732379144381491
25724.69028	0.3731066890199784
25736.69994	0.373366382228771
25748.709600000002	0.3739077300367054
25760.71926	0.374673354275171
25772.728909999998	0.3755806941861709
25784.73857	0.3763734912393516
25796.74823	0.376728702548627
25808.75789	0.3763298445867753
25820.76755	0.3746440391887347
25832.77721	0.3710853659150831
25844.78687	0.3651680780631413
25856.79653	0.3561684258472734
25868.80619	0.3438574362988134
25880.81585	0.3280916294793913
25892.82551	0.3086573650116151
25904.83517	0.2859817508056433
25916.84483	0.2606288854802842
25928.854489999998	0.2332238344137984
25940.864139999998	0.2049798331821196
25952.8738	0.1763324773797024
25964.88346	0.1491163737671682
25976.89312	0.1242637771952596
25988.902779999997	0.1020898595278758
26000.91244	0.0829438357017236
26012.9221	0.0667662312463069
26024.93176	0.0534135191735686
26036.941419999996	0.0426523873307507
26048.95108	0.0340768784182194
26060.96074	0.0271444054587778
26072.9704	0.021758005628125
26084.980059999994	0.0174983800910086
26096.989720000005	0.0141139069001308
26108.99938	0.0114413875352282
26121.00903	0.009304733447793
26133.018689999997	0.0076026171225146
26145.028349999997	0.0062410812000362
26157.03801	0.0051469664967409
26169.04767	0.004270681715087
26181.057329999996	0.0035581659114657
26193.06699	0.002973595605447
26205.07665	0.0025040207246093
26217.086310000002	0.0021126267978378
26229.095970000002	0.0017882061690241
26241.105630000002	0.0015297917145347
26253.11529	0.0013103537630757
26265.12495	0.0011286077112559
26277.13461	0.0009777967505813
26289.14427	0.0008445723983175
26301.15392	0.0007387824378448
26313.16358	0.0006475443755609
26325.173239999996	0.0005668293014048
26337.1829	0.0005085130200814
26349.192560000003	0.0004480225626623
26361.202220000003	0.0003970951287392
26373.21188	0.0003573793994674
26385.22154	0.0003200369790423
26397.231200000002	0.0002949590556692
26409.24086	0.0002676310498776
26421.250519999998	0.0002407640835421
26433.26018	0.0002254955459969
26445.26984	0.0002055949016918
26457.2795	0.0001879849567171
26469.289159999997	0.0001744999435968
26481.29881	0.0001584782434958
26493.308470000004	0.0001496801222287
26505.318130000003	0.0001354178050868
26517.32779	0.0001265657205101
26529.33745	0.0001228483491262
26541.347110000002	0.0001093242643384
26553.356770000002	0.0001033433999308
26565.36643	9.840285762465806e-05
26577.376089999998	8.869847938827469e-05
26589.38575	8.503725689562685e-05
26601.39541	7.665863680636142e-05
26613.405069999997	7.081097328781359e-05
26625.41473	6.590007952331484e-05
26637.42439	6.100797973207474e-05
26649.43405	6.179471890461082e-05
26661.4437	5.4047168663337135e-05
26673.45336	5.143348999497672e-05
26685.463020000003	5.218357609169885e-05
26697.47268	4.826908625209318e-05
26709.48234	4.842818776052929e-05
26721.492	4.4402148424640186e-05
26733.50166	4.430301606894435e-05
26745.511319999998	4.87037028790429e-05
26757.520979999998	4.4283682395547976e-05
26769.530639999997	4.5570548113573774e-05
26781.5403	4.2924972164035354e-05
26793.549959999997	3.946340424945627e-05
26805.55962	3.970554737605887e-05
26817.56928	3.878285338844824e-05
26829.578940000003	4.198104302866883e-05
26841.58859	4.11629627828893e-05
26853.59825	3.954445885875928e-05
26865.60791	4.06899614419472e-05
26877.617570000002	3.9871465334309515e-05
26889.62723	4.120486959904941e-05
26901.636889999998	4.177666459396507e-05
26913.646549999998	4.028601936758421e-05
26925.656210000005	4.1533082657167254e-05
26937.665870000004	3.971094786713316e-05
26949.67553	4.0586308672606166e-05
26961.68519	4.142419383339695e-05
26973.694850000003	3.930798034086702e-05
26985.704510000003	4.207074730907059e-05
26997.71417	4.215217352910173e-05
27009.72383	4.0256860495170936e-05
27021.733479999995	3.795995480854146e-05
27033.74314	3.735850090176086e-05
27045.7528	3.777763123845181e-05
27057.76246	3.487551588042542e-05
27069.77212	3.766635849757917e-05
27081.78178	3.73441380671684e-05
27093.79144	3.875709914487303e-05
27105.8011	3.912346369343853e-05
27117.810760000004	3.700981349315487e-05
27129.82042	3.732832005727672e-05
27141.83008	3.615472012173051e-05
27153.83974	3.700419608781944e-05
27165.849400000003	3.723853635119153e-05
27177.85906	3.513529986492235e-05
27189.86871	3.670411535124826e-05
27201.878370000002	3.7098826708840487e-05
27213.88803	3.747865235191022e-05
27225.89769	3.262644116030361e-05
27237.90735	3.446929775235176e-05
27249.91701	3.574297445696033e-05
27261.926669999997	3.396423687037911e-05
27273.93633	3.551992045305812e-05
27285.94599	3.445150786845058e-05
27297.95565	3.463493190369625e-05
27309.965309999996	3.2936606408659016e-05
27321.97497	3.026026533578742e-05
27333.98463	3.0712578681369865e-05
27345.99429	2.8045330378565895e-05
27358.003950000002	2.910725024050505e-05
27370.013600000002	2.8478497459086152e-05
27382.02326	2.7151094674058857e-05
27394.03292	2.8374699034137537e-05
27406.042579999998	2.670869939689421e-05
27418.05224	2.7183777349484655e-05
27430.0619	2.636804516237891e-05
27442.07156	2.5743256623250015e-05
27454.081219999996	2.3903711085147817e-05
27466.09088	2.3519341769494175e-05
27478.10054	2.5671954397782727e-05
27490.1102	2.4418608899519366e-05
27502.119859999995	2.35035206679066e-05
27514.12952	0.0
27526.139180000002	0.0
