22986.48794999999	0.0
22998.497609999995	0.0
23010.50727	1.3272823295564976e-06
23022.51693	1.5016760994628992e-06
23034.52659	1.6886707449534863e-06
23046.536249999997	1.8960673892396291e-06
23058.545909999997	2.135670582577677e-06
23070.55557	2.5933974945262383e-06
23082.56523	2.893805431890436e-06
23094.57488	3.2807385676959096e-06
23106.58454	3.707845450326824e-06
23118.594200000003	4.194390752452301e-06
23130.60386	5.2168864155417575e-06
23142.61352	5.922423347005723e-06
23154.62318	6.782520317968787e-06
23166.632840000002	7.82202727218265e-06
23178.642499999998	8.972046422655553e-06
23190.652159999998	1.1364759954686596e-05
23202.661819999998	1.2930847124976855e-05
23214.67148	1.4848713713276544e-05
23226.681139999997	1.7046031821216312e-05
23238.6908	1.947428592038728e-05
23250.70046	2.423469240904719e-05
23262.710120000003	2.7133048957938807e-05
23274.71977	3.067481206187659e-05
23286.72943	3.474052859515495e-05
23298.73909	3.9279201707364774e-05
23310.748749999995	4.696152749384843e-05
23322.75841	5.2554154288167995e-05
23334.76807	5.924550082152738e-05
23346.777729999998	6.701365394658249e-05
23358.787390000005	7.596952776873245e-05
23370.79705	8.972427748728984e-05
23382.80671	0.0001020297111624
23394.81637	0.0001159978691963
23406.826030000004	0.0001322920746677
23418.83569	0.000150689433302
23430.84535	0.0001739199189811
23442.85501	0.0001979913990299
23454.864659999996	0.0002262108366746
23466.87432	0.0002592051718563
23478.883980000002	0.0002974081948412
23490.893640000002	0.0003447189157066
23502.903299999998	0.0004002472316554
23514.91296	0.0004675678509431
23526.92262	0.0005489190654571
23538.93228	0.0006472127274458
23550.941939999997	0.0007757156308924
23562.9516	0.0009233056179416
23574.96126	0.0011005023091256
23586.97092	0.0013114299679272
23598.980580000003	0.0015606324511313
23610.99024	0.0018921641456232
23622.999890000003	0.0022374526114057
23635.009550000002	0.0026297333522218
23647.01921	0.0030689248106411
23659.028870000002	0.003554059094616
23671.03853	0.0041695164802307
23683.04819	0.0047438431999576
23695.057849999997	0.0053533571165242
23707.06751	0.0059944086850485
23719.07717	0.0066663848905378
23731.08683	0.0074479151613332
23743.096489999996	0.008175686939766
23755.10615	0.0088804948908044
23767.11581	0.0096460002851427
23779.125470000003	0.0104775923987849
23791.135129999995	0.0114033458521348
23803.14478	0.0124159533116871
23815.154440000002	0.0135500296114998
23827.1641	0.01483402726694
23839.173759999998	0.0162983998685757
23851.18342	0.0179941632030913
23863.19308	0.0199323075644233
23875.20274	0.0221844823203877
23887.212399999997	0.0248113736796183
23899.22206	0.0278797457712196
23911.23172	0.031486164441051
23923.241380000003	0.0356712812264808
23935.251039999996	0.0405318033322849
23947.260700000003	0.0461382427351007
23959.27036	0.0525448115375319
23971.280020000002	0.0598109892260276
23983.28967	0.0678446385089925
23995.299329999998	0.0765949195481337
24007.30899	0.0859186026473387
24019.318649999997	0.0956198603888137
24031.328309999997	0.1055213836842286
24043.337969999997	0.1152394982039885
24055.34763	0.1245839014795374
24067.357290000004	0.1333440663488844
24079.36695	0.1413768161135849
24091.376610000003	0.1487142010587458
24103.38627	0.1552125893704882
24115.395930000002	0.1610699588333433
24127.40559	0.1664694268677237
24139.415250000002	0.1716417818986809
24151.42491	0.1769389242629963
24163.434559999998	0.1824027179029391
24175.444219999998	0.1883388665332789
24187.453879999997	0.1948942214513801
24199.463540000004	0.2021385591082437
24211.4732	0.2101697562776754
24223.48286	0.218647116704683
24235.49252	0.2274875248197988
24247.50218	0.2364382583370552
24259.51184	0.2452201884072967
24271.5215	0.2537014471096097
24283.531160000002	0.2613833912708068
24295.540820000002	0.2682400232102001
24307.550479999998	0.274197461882753
24319.560139999998	0.2792692549107443
24331.5698	0.2836975748606893
24343.579450000005	0.2873328823961616
24355.58911	0.2905085336353493
24367.59877	0.2934122920462484
24379.60843	0.2962205620318849
24391.618089999996	0.2992407437498567
24403.62775	0.3022830592554874
24415.63741	0.3055905447202161
24427.64707	0.3092243524488259
24439.656730000002	0.3132216613112007
24451.66639	0.3177554358077313
24463.67605	0.3224917671581898
24475.685709999998	0.3275590571524259
24487.69537	0.3329076482598239
24499.705029999997	0.3384739762232303
24511.714689999997	0.3436382329289257
24523.72434	0.3490299295393946
24535.733999999997	0.3543762153548804
24547.74366	0.359584167465231
24559.75332	0.364570422784859
24571.76298	0.3690634770758481
24583.772640000003	0.3733971542840341
24595.7823	0.3773291796995491
24607.79196	0.3808316482073786
24619.80162	0.3838929901911209
24631.81128	0.3863086407844768
24643.820939999998	0.3885211976059587
24655.830599999998	0.3903519119706288
24667.84026	0.3918389372459986
24679.849920000004	0.3930256974330329
24691.85958	0.3939509846132157
24703.86923	0.3946750875446918
24715.87889	0.3954423346426057
24727.888549999996	0.3958734414183937
24739.89821	0.3964196740910612
24751.90787	0.3966826686533318
24763.917529999995	0.3969052602767811
24775.92719	0.3973105227699991
24787.936850000002	0.3974882645272166
24799.94651	0.3978614008444842
24811.95617	0.398008183401532
24823.965830000005	0.3983591025226006
24835.97549	0.398691055207364
24847.98515	0.3989996649441604
24859.99481	0.3990652363529592
24872.004459999996	0.3992941939010929
24884.01412	0.3994751897195909
24896.02378	0.3993878784621231
24908.033440000003	0.399444639033753
24920.0431	0.3994240806763061
24932.052760000002	0.3993285313939774
24944.062420000002	0.3991510114937074
24956.07208	0.3988896883537826
24968.081739999998	0.3985471945116438
24980.0914	0.3981267138604875
24992.10106	0.3976303652622059
25004.11072	0.3970646128357085
25016.12038	0.3964463826072992
25028.13004	0.395774913653505
25040.1397	0.3950674731827213
25052.14935	0.3943206586845225
25064.15901	0.3935521855546983
25076.168670000003	0.3927690907693336
25088.178330000002	0.3919857599769056
25100.18799	0.3912222523212698
25112.19765	0.3904661555980893
25124.20731	0.38973735800657
25136.21697	0.3890469677479345
25148.226629999997	0.3883992215998249
25160.23629	0.3878138539721777
25172.24595	0.387275215113686
25184.25561	0.386797112903181
25196.265269999996	0.3863839958277129
25208.274929999996	0.3860415163887113
25220.28459	0.3857597013229821
25232.294240000003	0.3855498231549461
25244.3039	0.385414848639097
25256.31356	0.3853532898051779
25268.323220000002	0.3853641506387768
25280.33288	0.3854529841946592
25292.342539999998	0.3856108784568886
25304.3522	0.3858366499265618
25316.36186	0.3861285071706264
25328.37152	0.3864833720176444
25340.381179999997	0.3869026448128748
25352.390839999996	0.3873739555275357
25364.4005	0.3878972582151186
25376.41016	0.3884643231202785
25388.419820000003	0.3890708178966831
25400.42948	0.3897210317431124
25412.43913	0.3903947441294234
25424.448790000002	0.3910940377915917
25436.45845	0.3918114504942386
25448.46811	0.3925418638112385
25460.47777	0.3932917418291909
25472.48743	0.3940372093652761
25484.497089999997	0.3947833225680307
25496.506749999997	0.3955249109277159
25508.516410000004	0.3962589531761631
25520.526070000004	0.3970579767287036
25532.53573	0.3977974219832934
25544.54539	0.398517412196036
25556.555050000003	0.3992145699432883
25568.564710000002	0.3998858336301959
25580.57437	0.4005776915861589
25592.584020000002	0.4011939169861677
25604.593679999994	0.4017797348714808
25616.603339999998	0.4023385276329586
25628.612999999998	0.4028681994125995
25640.62266	0.4034194004898351
25652.63232	0.4038891676351677
25664.641980000004	0.4043329178521487
25676.65164	0.4047561153580378
25688.6613	0.4051490485580037
25700.670960000003	0.4055692533057209
25712.680620000003	0.4059206784275131
25724.69028	0.4062484734671264
25736.69994	0.4065609825523385
25748.709600000002	0.4068658265224419
25760.71926	0.4072129473755466
25772.728909999998	0.4074902471077358
25784.73857	0.4077668498357722
25796.74823	0.4080336856723062
25808.75789	0.4082953940656552
25820.76755	0.4086211218549637
25832.77721	0.4089266554886666
25844.78687	0.4092335489998899
25856.79653	0.4095424106738095
25868.80619	0.409857503007307
25880.81585	0.4102733282742385
25892.82551	0.4105965614082519
25904.83517	0.4109050992824959
25916.84483	0.4112154139093963
25928.854489999998	0.4115410871299718
25940.864139999998	0.4119676585031042
25952.8738	0.4122917254510242
25964.88346	0.4126108649893814
25976.89312	0.4129249774017621
25988.902779999997	0.4132329463889786
26000.91244	0.4136480850398076
26012.9221	0.4135032876450614
26024.93176	0.4132541230695753
26036.941419999996	0.4129919807600251
26048.95108	0.4127133848508038
26060.96074	0.411998437978027
26072.9704	0.4116863797677842
26084.980059999994	0.4113550581779845
26096.989720000005	0.4110036471707189
26108.99938	0.4106402231658966
26121.00903	0.40983249984177
26133.018689999997	0.4094142180513307
26145.028349999997	0.4082682612852261
26157.03801	0.4082491616660373
26169.04767	0.4082045667722147
26181.057329999996	0.4081716281049898
26193.06699	0.4081075084690541
26205.07665	0.4080280155601611
26217.086310000002	0.4079407079737525
26229.095970000002	0.4078429761708272
26241.105630000002	0.407754355990458
26253.11529	0.4076484786355484
26265.12495	0.4075381216040294
26277.13461	0.407422027844452
26289.14427	0.4073146535021181
26301.15392	0.4072259970402359
26313.16358	0.4071338767432874
26325.173239999996	0.4070583942127656
26337.1829	0.4069884804413772
26349.192560000003	0.4069328560711234
26361.202220000003	0.4069179043248226
26373.21188	0.4068989684031224
26385.22154	0.4068951836005932
26397.231200000002	0.4069155439668586
26409.24086	0.4069519928847213
26421.250519999998	0.4070230120098251
26433.26018	0.4071028148403688
26445.26984	0.4072057951294715
26457.2795	0.4073300207861497
26469.289159999997	0.4074760315657898
26481.29881	0.4076567557054221
26493.308470000004	0.4078395557382662
26505.318130000003	0.4080435735896388
26517.32779	0.4073441147610989
26529.33745	0.4074576937307241
26541.347110000002	0.4074504378684954
26553.356770000002	0.4075628391647713
26565.36643	0.4076779763427182
26577.376089999998	0.407799187191272
26589.38575	0.4079233051585115
26601.39541	0.4078773805906476
26613.405069999997	0.4079468867438603
26625.41473	0.4080140400676024
26637.42439	0.408072529638062
26649.43405	0.4081331017880254
26661.4437	0.4079577568570912
26673.45336	0.4079933789499643
26685.463020000003	0.408032595766273
26697.47268	0.4080646381840224
26709.48234	0.4080996000119808
26721.492	0.4079277423770751
26733.50166	0.4079584737903006
26745.511319999998	0.4079832695094966
26757.520979999998	0.4080168928035925
26769.530639999997	0.4080472116822703
26781.5403	0.4079057705289741
26793.549959999997	0.4079152604425042
26805.55962	0.4079104415291752
26817.56928	0.4078939629937756
26829.578940000003	0.4078588603347068
26841.58859	0.4077112662450159
26853.59825	0.4076553480673895
26865.60791	0.4075817767716221
26877.617570000002	0.4074985779246454
26889.62723	0.4074110231047837
26901.636889999998	0.4072812509230486
26913.646549999998	0.4071987627492998
26925.656210000005	0.407117616616572
26937.665870000004	0.4070409368437271
26949.67553	0.4069713833399738
26961.68519	0.4069243125248605
26973.694850000003	0.4068760736505875
26985.704510000003	0.4068393786596345
26997.71417	0.4068176838779437
27009.72383	0.4076231784124132
27021.733479999995	0.4078002531031169
27033.74314	0.4078704155641894
27045.7528	0.407942321069661
27057.76246	0.4080171976863541
27069.77212	0.408092330495401
27081.78178	0.4082825438916893
27093.79144	0.4083666468401967
27105.8011	0.4084485284306698
27117.810760000004	0.4085311797205986
27129.82042	0.4086100019925781
27141.83008	0.4087979926063291
27153.83974	0.4088712621190323
27165.849400000003	0.408936501469642
27177.85906	0.4090030021642982
27189.86871	0.4090647654149595
27201.878370000002	0.4092283527868762
27213.88803	0.4092807288759433
27225.89769	0.4093341229469832
27237.90735	0.4093883057881582
27249.91701	0.409439646384727
27261.926669999997	0.4096097333159935
27273.93633	0.4096605623570353
27285.94599	0.4097042101654996
27297.95565	0.4097538482170081
27309.965309999996	0.4097918049582048
27321.97497	0.4099401815910097
27333.98463	0.4099768727145537
27345.99429	0.4100108351262558
27358.003950000002	0.4100422381108676
27370.013600000002	0.4101860077366065
27382.02326	0.4102276596893447
27394.03292	0.410276261399496
27406.042579999998	0.4103379591100077
27418.05224	0.4104034641427944
27430.0619	0.4105875223678832
27442.07156	0.4106759820272102
27454.081219999996	0.4107766014431984
27466.09088	0.4108894836731129
27478.10054	0.4110078205492817
27490.1102	0.4112489230600707
27502.119859999995	0.4113906745499384
27514.12952	0.4109119287121246
27526.139180000002	0.4104510492352352
27538.14884	0.4100064649419765
27550.158489999998	0.4090610395229342
27562.16815	0.4086444816758267
27574.17781	0.408245438334986
27586.187469999997	0.4078565931805582
27598.197129999997	0.4074833349993541
27610.20679	0.4066161935223774
27622.21645	0.4062712144304331
27634.226110000003	0.4065221589999483
27646.23577	0.4066406428081262
27658.245430000003	0.4067802726169397
27670.255090000002	0.4068846874069002
27682.264750000002	0.4070693697233677
27694.274409999998	0.4072703182237144
27706.284069999998	0.4074847533935059
27718.29373	0.4077166011334508
27730.303379999998	0.4079597223106528
27742.313039999997	0.4082236906999334
27754.322699999997	0.4084937555739228
27766.332360000004	0.4087730982353001
27778.342020000004	0.4090554599077597
27790.35168	0.4093860986623045
27802.361340000003	0.4096812810536928
27814.371000000003	0.4099742315504534
27826.380660000003	0.410264104848254
27838.39032	0.4105478538674653
27850.39998	0.4109104411814157
27862.40964	0.4111892780975119
27874.4193	0.4114600881724733
27886.428959999997	0.4117219617425774
27898.43862	0.4119713854614744
27910.448270000004	0.4123066340640159
27922.45793	0.4125328661366214
27934.46759	0.4127457813048675
27946.47725	0.4129395801703692
27958.486910000003	0.41311977929008
27970.49657	0.4133756574541161
27982.50623	0.4135189251852176
27994.51589	0.4136447612075669
28006.525550000002	0.413754470627125
28018.53521	0.4138502651682709
28030.544869999998	0.4139958123807986
28042.55453	0.4140559954045666
28054.56419	0.414100298889359
28066.573849999997	0.4141335133644909
28078.583509999997	0.4141541501688732
28090.59316	0.4141883340593303
28102.602820000004	0.4141781628111058
28114.61248	0.4141577393075235
28126.62214	0.4141308310850521
28138.6318	0.4140960577300296
28150.641460000003	0.4140257870772383
28162.65112	0.413971042617389
28174.66078	0.4139160293210862
28186.670439999998	0.4138586192191484
28198.6801	0.4138047378047974
28210.689759999997	0.4136650795649188
28222.699419999997	0.4136856151603121
28234.70908	0.4137104944799312
28246.718740000004	0.41374140691805
28258.72839	0.4137781865076539
28270.73805	0.4137639183702916
28282.74771	0.4138072475505095
28294.75737	0.4138572926615605
28306.76703	0.4139192295234852
28318.77669	0.4139891242146367
28330.78635	0.4139807798699132
28342.79601	0.4140657159349856
28354.80567	0.4141635937927265
28366.81533	0.4142726910896647
28378.82499	0.4143927874567646
28390.834650000004	0.4144218338938841
28402.84431	0.4145653700949424
28414.85397	0.4147212419415722
28426.86363	0.4148875984121208
28438.873279999996	0.4150661638545693
28450.88294	0.415156296926261
28462.8926	0.4153577406672146
28474.902259999995	0.4155700382362095
28486.91192	0.4157928449183087
28498.921580000002	0.4160217093049358
28510.93124	0.4161876316623261
28522.9409	0.4164387276738489
28534.950560000005	0.4166989165043837
28546.96022	0.4169663001960556
28558.96988	0.4172400673760889
28570.97954	0.4174812795571424
28582.989200000004	0.4177719631694352
28594.99886	0.418068520428443
28607.00852	0.4183681283650935
28619.018170000003	0.4186710220791318
28631.02783	0.4189772173860674
28643.037490000002	0.4192930657321271
28655.047150000002	0.4196108936727682
28667.056810000002	0.4199307919641925
28679.066469999998	0.4202496626039836
28691.07613	0.4206068509450748
28703.08579	0.4209312433070374
28715.095449999997	0.4212560173228952
28727.10511	0.4215782759786495
28739.11477	0.4218982459288583
28751.12443	0.4222745034287055
28763.134090000003	0.4225896094252241
28775.14375	0.4228995428975298
28787.15341	0.4232032280036081
28799.163060000003	0.4234986206974406
28811.17272	0.4238560833285631
28823.18238	0.4241347214458262
28835.19204	0.4244023057082762
28847.2017	0.4246591039327322
28859.211359999998	0.4249032259975231
28871.221019999997	0.4251952161319096
28883.23068	0.4254073628262061
28895.24034	0.425604562979399
28907.250000000004	0.4257841689850781
28919.259659999996	0.425947762050135
28931.26932	0.4261261458288439
28943.27898	0.4262475145806527
28955.288640000002	0.4263474599296691
28967.298300000002	0.4264273844666282
28979.307950000002	0.4264865748388617
28991.317610000002	0.4265160668722102
29003.327269999998	0.4265263816570636
29015.336929999998	0.4265152428630357
29027.34659	0.4264807685751924
29039.35625	0.4264258696861601
29051.36591	0.4262866281823058
29063.375569999997	0.4261810670133037
29075.385230000004	0.426054455693028
29087.39489	0.425908198695982
29099.40455	0.4257422826379458
29111.41421	0.4254402509774014
29123.423870000002	0.4252317610585422
29135.433530000002	0.4250079070138072
29147.443189999998	0.424769516408656
29159.452839999998	0.424519535908674
29171.462499999998	0.4240909539029275
29183.472159999998	0.4238163492289722
29195.48182	0.4235372489015748
29207.49148	0.4232548911266591
29219.501140000004	0.4229714385800134
29231.510799999996	0.4224825898685256
29243.52046	0.4221966493802023
29255.53012	0.4219155838720072
29267.539780000003	0.4216415318637911
29279.549440000003	0.4213760096563832
29291.5591	0.4208967367624969
29303.56876	0.4206517117341604
29315.57842	0.4204192381944495
29327.58808	0.4202017771298572
29339.59773	0.4200014268955508
29351.60739	0.419598318275481
29363.61705	0.4194376921686713
29375.626709999997	0.419297703768718
29387.63637	0.4191783227290006
29399.64603	0.4190802837520564
29411.65569	0.4188419257490758
29423.665350000003	0.4188283624508451
29435.67501	0.4188374760095918
29447.68467	0.418869442947807
29459.694330000002	0.4189230291623319
29471.703989999998	0.418876970944422
29483.713649999998	0.4189800707157153
29495.723309999998	0.4191022894614444
29507.732959999998	0.4192423511534588
29519.742619999997	0.4193989304268454
29531.75228	0.4195064633985409
29543.76194	0.4197003576310421
29555.771599999996	0.419905912933126
29567.78126	0.4201223782573009
29579.79092	0.4203470373850708
29591.80058	0.4205790964029923
29603.810239999995	0.4208245168476677
29615.8199	0.421072508605781
29627.82956	0.4213217510525589
29639.839219999998	0.4215712650632783
29651.848879999994	0.421887765279495
29663.858540000005	0.4221410869118515
29675.8682	0.4223883283675188
29687.87785	0.4226293536118968
29699.887509999997	0.4228636439372825
29711.89717	0.4232216731250448
29723.90683	0.423448176380934
29735.91649	0.4236642264531519
29747.926149999996	0.4238713308751785
29759.93581	0.4240690566027731
29771.94547	0.424443241980325
29783.95513	0.4246298833573714
29795.96479	0.4248081618345181
29807.97445	0.4249785399408572
29819.98411	0.4251428540437957
29831.99377	0.4255238291255542
29844.00343	0.4256814460670993
29856.01309	0.4258333500641356
29868.02274	0.4259839579504308
29880.0324	0.4263742744387765
29892.042059999996	0.4265254123022559
29904.05172	0.4266762713014781
29916.061380000003	0.4268309287131657
29928.071040000003	0.4269889206090947
29940.0807	0.4274001414272531
29952.090360000002	0.4275714655302025
29964.10002	0.4277509675849943
29976.10968	0.4279394111941482
29988.119339999997	0.4281409294082333
30000.129	0.4283664058714622
30012.13866	0.4286258234494688
30024.14832	0.4288991960001262
30036.157979999996	0.4291867930679288
30048.16763	0.4294881800608132
30060.177290000003	0.430013574979869
30072.186950000003	0.4303386034165064
30084.19661	0.4306761339956474
30096.20627	0.4310265329073088
30108.215930000002	0.4313872572416237
30120.225590000002	0.4319228217134801
30132.235249999998	0.4322950876644302
30144.24491	0.4326763540964761
30156.25457	0.4330618303784911
30168.26423	0.4334524110554105
30180.273889999997	0.4339538037946983
30192.28355	0.4343384791486423
30204.29321	0.4347210632789954
30216.30287	0.4351008167548
30228.31252	0.4354717435384458
30240.32218	0.4358882560304465
30252.331840000003	0.4362302252210718
30264.341500000002	0.4365602765634233
30276.35116	0.4368745839177085
30288.36082	0.4371716601443486
30300.37048	0.4374500244504526
30312.380139999997	0.4376999300812731
30324.389799999997	0.4379312299638139
30336.399459999997	0.4381414676955497
30348.40912	0.4383306813471277
30360.418779999996	0.4384510177892681
30372.428439999996	0.4385886135409396
30384.438100000003	0.4387023933887461
30396.447760000003	0.4387956903958366
30408.45741	0.4388658575933248
30420.46707	0.438840406757101
30432.476730000002	0.4388646658002674
30444.486390000002	0.438872324004807
30456.496049999998	0.4388634994401406
30468.505709999998	0.4388418705595766
30480.515369999997	0.438716144206979
30492.52503	0.4386705207545419
30504.534690000004	0.4386184736103357
30516.54435	0.438560999087035
30528.55401	0.4385035733165088
30540.563670000003	0.4383552883266481
30552.573330000003	0.4383043149585589
30564.58299	0.4382567857222391
30576.592640000003	0.4382194718658609
30588.602299999995	0.4381913288888095
30600.61196	0.4381031949225432
30612.621619999998	0.4381149237931181
30624.63128	0.4381450040429459
30636.640940000005	0.438193138451174
30648.6506	0.4382616622407645
30660.66026	0.4383105389753093
30672.66992	0.4384257305851818
30684.679580000004	0.4385621748901203
30696.68924	0.4387162800493515
30708.6989	0.4388912052204451
30720.70856	0.4390762510860948
30732.718220000002	0.4392887865310342
30744.72788	0.4395090839455985
30756.73753	0.4397371106012784
30768.747190000002	0.4399657702544876
30780.756849999998	0.4402280581541237
30792.76651	0.440450943385512
30804.77617	0.4406547687249378
30816.78583	0.4408309052293591
30828.795490000004	0.4409672631048859
30840.80515	0.4411347729202871
30852.81481	0.4411693280448692
30864.82447	0.441131828560934
30876.834130000003	0.4410031153764826
30888.84379	0.4407709091384054
30900.85345	0.4405237052560012
30912.86311	0.4400236269151275
30924.87277	0.4393601650886274
30936.88242	0.4385083744918008
30948.89208	0.437445050924689
30960.90174	0.4362886236435552
30972.911399999997	0.4347325015392179
30984.92106	0.4328803087171844
30996.93072	0.4307156667805772
31008.94038	0.4282081622321375
31020.950039999996	0.4254870714575618
31032.9597	0.4222058569918505
31044.96936	0.418504345079452
31056.97902	0.4143542788907776
31068.98868	0.4097288312066371
31080.99834	0.4047863068911048
31093.008	0.3991812324891727
31105.01766	0.3930599300945965
31117.027309999998	0.3864225832379894
31129.03697	0.3792756939662393
31141.04663	0.3717684581426115
31153.056289999997	0.3636047316245062
31165.065949999997	0.3549659766782789
31177.07561	0.3458748214498764
31189.08527	0.3363497906424572
31201.094929999996	0.3265640319480496
31213.104589999995	0.3162994103443532
31225.114250000002	0.305725843125778
31237.123910000002	0.294893268154518
31249.13357	0.2838573721784459
31261.143229999998	0.2727694074323837
31273.15289	0.2614749225194014
31285.16255	0.2501390616182416
31297.172199999997	0.2388198947965642
31309.181859999997	0.2275662211002971
31321.19152	0.2164968505723594
31333.20118	0.2055236905711812
31345.210840000003	0.1947658870072152
31357.2205	0.1842610930527651
31369.230160000003	0.1740474225683913
31381.239820000003	0.1642027399047473
31393.249480000002	0.1546606279002769
31405.25914	0.1454901204005078
31417.2688	0.1367079521333639
31429.27846	0.1283270753856172
31441.28812	0.1203751747180324
31453.297779999997	0.1128040240618712
31465.30744	0.1056416020703226
31477.317090000004	0.0988803176707273
31489.32675	0.0925135989708587
31501.33641	0.0865411091583479
31513.34607	0.0809264407331414
31525.355730000003	0.07566768370392
31537.36539	0.0707510699737862
31549.37505	0.0661598245824069
31561.38471	0.0618820353815831
31573.39437	0.0578887799326645
31585.404029999998	0.0541691916307186
31597.413689999998	0.0507098685363021
31609.42335	0.0474919938211291
31621.43301	0.0445043969182971
31633.442669999997	0.0417239540200029
31645.452329999996	0.0391396654340211
31657.46198	0.0367403678533627
31669.471640000003	0.0345103019948901
31681.4813	0.0324405959317317
31693.49096	0.0305141996627782
31705.50062	0.0287244012988052
31717.510280000002	0.0270602227591261
31729.51994	0.0255125365821699
31741.529599999998	0.024073813757823
31753.539259999998	0.0227324692364712
31765.54892	0.0214849954007602
31777.558579999997	0.0203223490603921
31789.568239999997	0.0192389963851127
31801.5779	0.0182280255209459
31813.587560000004	0.017283662104556
31825.59721	0.0164022831904459
31837.60687	0.0155771850136011
31849.61653	0.0148066633293327
31861.62619	0.0140843605246368
31873.63585	0.0134078434233463
31885.64551	0.0127735369594333
31897.655169999998	0.0121778684518688
31909.664829999998	0.0116196931398868
31921.674489999998	0.011094187894974
31933.68415	0.0106010397122236
31945.69381	0.010136103080252
31957.703470000004	0.0096983311653441
31969.71313	0.009285494551922
31981.72279	0.0088948838567039
31993.732450000003	0.0085262197597333
32005.7421	0.0081750571802648
32017.75176	0.007842621275829
32029.76142	0.0075264275591282
32041.771079999995	0.007225735248522
32053.780740000006	0.0069399684375849
32065.7904	0.0066666389056931
32077.80006	0.0064070728493465
32089.80972	0.006158641347981
32101.819380000004	0.005922312999367
32113.82904	0.0056957937510357
32125.8387	0.0054780617802224
32137.84836	0.0052703458387042
32149.858020000003	0.0050698699007121
32161.86768	0.004877921190553
32173.87734	0.0046921281816877
32185.886990000003	0.0045127729514464
32197.89665	0.0043401480812631
32209.906310000002	0.0041731373905939
32221.915970000002	0.0040128219232105
32233.92563	0.0038566130101822
32245.93529	0.0037059311274445
32257.94495	0.0035599637196357
32269.95461	0.0034185221009099
32281.96427	0.0032819824034712
32293.97393	0.0031485782012007
32305.98359	0.0030201839276478
32317.99325	0.0028949806406509
32330.00291	0.002773395198905
32342.01257	0.002656044677286
32354.02223	0.0025413733020219
32366.031880000002	0.0024311223609934
32378.04154	0.0023235955581515
32390.051199999998	0.0022195741818427
32402.06086	0.0021187949270079
32414.07052	0.0020209683722687
32426.080179999997	0.0019271654572606
32438.089839999997	0.0018354196788884
32450.0995	0.0017475771760745
32462.10916	0.0016631210317383
32474.118819999996	0.0015817924728272
32486.12848	0.0015040142859481
32498.13814	0.0014282464928337
32510.147800000002	0.0013558755320955
32522.157460000002	0.0012859535626574
32534.167120000006	0.0012192955554891
32546.176770000002	0.001155742868717
32558.18643	0.0010939712963108
32570.196089999998	0.0010355097467824
32582.205749999997	0.0009792378782661
32594.21541	0.0009257779726204
32606.22507	0.0008749050425469
32618.234730000004	0.0008261666379378
32630.244389999996	0.0007803788256034
32642.254050000003	0.0007357919999022
32654.263710000003	0.0006934738356533
32666.27337	0.0006531802392944
32678.28303	0.0006145148875056
32690.29269	0.0005785857397381
32702.30235	0.0005440895036803
32714.312009999998	0.0005118009566931
32726.321659999998	0.0004810404417272
32738.33132	0.0004518036322597
32750.340979999997	0.0004250177536515
32762.35064	0.0003991874087429
32774.3603	0.0003756661527865
32786.36996	0.0003534807865529
32798.37962	0.000332005573982
32810.38928	0.0003125086792684
32822.39894	0.0002936461022233
32834.408599999995	0.0002763960272798
32846.41826	0.0002599055672171
32858.42792	0.0002445185775056
32870.43758	0.0002308953762907
32882.44724	0.0002174459066032
32894.45689	0.0002055313972545
32906.466550000005	0.0001941296357187
32918.47621	0.0001834670650799
32930.485870000004	0.0001740309539628
32942.49553	0.000164557914432
32954.50519	0.0001560008236457
32966.51485	0.0001475695965312
32978.524509999996	0.0001395527917826
32990.53417	0.0001324614133551
33002.54383	0.0001251532632786
33014.55349	0.0001185727434946
33026.56315	0.0001122920930002
33038.57281	0.0001063483945904
33050.58247	0.0001014274410229
33062.59213	9.63752311692582e-05
33074.60178	9.1981024511003e-05
33086.61144	8.78410491661221e-05
33098.621100000004	8.390768236491712e-05
33110.63076	8.069304072112047e-05
33122.640419999996	7.731059401323796e-05
33134.65008	7.45245839573448e-05
33146.65974	7.192892700291469e-05
33158.6694	6.935710792009156e-05
33170.67906	6.765516358460577e-05
33182.68872	6.565667842481627e-05
33194.69838	6.382682549808548e-05
33206.70804	6.203624433332594e-05
33218.7177	6.032287737930924e-05
33230.72736	5.950683553171773e-05
33242.73702	5.820322767215529e-05
33254.74667	5.657651279630388e-05
33266.75633	5.51216128989576e-05
33278.76599	5.379941843602136e-05
33290.77565	5.29947840804047e-05
33302.78531	5.2081332589608745e-05
33314.794969999995	5.065645316333607e-05
33326.80463	4.928535582131794e-05
33338.814289999995	4.765884181808739e-05
33350.82395	4.6410539306567765e-05
33362.83361	4.483875156871812e-05
33374.843270000005	4.317708577096325e-05
33386.85293	4.181880521773145e-05
33398.86259	4.043577388054614e-05
33410.87225	3.97337008375989e-05
33422.881910000004	3.90079866717257e-05
33434.89156	3.78812818065762e-05
33446.90122	3.710775636666698e-05
33458.910879999996	3.637451603187838e-05
33470.92054	3.558234779101399e-05
33482.9302	3.4746669439154835e-05
33494.93986	3.37192053845966e-05
33506.94952	3.3011391640701416e-05
33518.959180000005	3.234164234254283e-05
33530.96884	3.1869039049822006e-05
33542.9785	3.1539128161901445e-05
33554.98816	3.09912759953924e-05
33566.997820000004	3.051196667399935e-05
33579.00748	3.0002006270303668e-05
33591.017139999996	2.9367766718360915e-05
33603.0268	2.889381815842037e-05
33615.03645	2.836352438093868e-05
33627.04611	2.8019234742903457e-05
33639.05577	2.783723814370299e-05
33651.06543	2.7585961568239e-05
33663.075090000006	2.7618220215724937e-05
33675.08475	2.793862383626772e-05
33687.09441	2.8219358382869505e-05
33699.10407	2.8411252131916876e-05
33711.113730000005	2.8205818310219836e-05
33723.12339	2.795738115188389e-05
33735.13305	2.7810118142521665e-05
33747.14271	2.7802759834890573e-05
33759.15237	2.78892023086314e-05
33771.16203	2.7870166553932368e-05
33783.171689999996	2.7846834183746117e-05
33795.18134	2.8276306334200975e-05
33807.191	2.8911261439633656e-05
33819.20066	2.9470397921715124e-05
33831.21032	2.9789634567164147e-05
33843.21998	2.976325990719084e-05
33855.22964	2.982263062300243e-05
33867.2393	2.9968527591552516e-05
33879.24896	3.023200279708741e-05
33891.25862	3.0408916983941864e-05
33903.268280000004	3.020934438301939e-05
33915.27794	3.002999684323348e-05
33927.287599999996	3.047246810660963e-05
33939.29726	3.113114359927257e-05
33951.30692	3.180245633090521e-05
33963.316580000006	3.2422246940970224e-05
33975.32623	3.318596198978317e-05
33987.33589	3.410358923132203e-05
33999.34555	3.529571640776625e-05
34011.35521	3.662826595086862e-05
34023.36487	3.75131154192905e-05
34035.37453	3.821114689175194e-05
34047.38419	3.8928847136158846e-05
34059.39385	3.9631917999371175e-05
34071.40351	4.0139022135734275e-05
34083.41317	4.081162104716451e-05
34095.42283	4.183286040164189e-05
34107.43249	4.286546674523324e-05
34119.44215	4.4408028636061654e-05
34131.45181	4.62761937556583e-05
34143.46146	4.7731134697395674e-05
34155.47112	4.8813969147280346e-05
34167.48078	4.9919964984992366e-05
34179.49044	5.082914525243235e-05
34191.5001	5.1818239179744536e-05
34203.50976	5.271823624919698e-05
34215.51942	5.307880162764287e-05
34227.52908	5.336003400641662e-05
34239.538739999996	5.404404925380385e-05
34251.5484	5.537638245783219e-05
34263.55806	5.6411506264589366e-05
34275.56772	5.669690282224937e-05
34287.577379999995	5.6716153757593006e-05
34299.58704	5.66942702928029e-05
34311.5967	5.735182232094658e-05
34323.60635	5.8460411385581145e-05
34335.61601	5.882944998291765e-05
34347.62567	5.8782127120491475e-05
34359.63533	5.9205716424516486e-05
34371.64499	5.966072785968433e-05
34383.65465	6.020565926020888e-05
34395.66431	6.081492773005447e-05
34407.67397	6.063628503236978e-05
34419.68363	6.0550519259368835e-05
34431.693289999996	6.0943027318356835e-05
34443.70295	6.150634464546633e-05
34455.71261	6.19603837287398e-05
34467.72227	6.219836567888885e-05
34479.731929999994	6.289627521830209e-05
34491.74159	6.373090854293198e-05
34503.75124	6.400719961578431e-05
34515.7609	6.429234954525715e-05
34527.77056	6.386168765973061e-05
34539.78022	6.294994899961419e-05
34551.789880000004	6.272568339816192e-05
34563.79954	6.239972377068344e-05
34575.809199999996	6.156523182351579e-05
34587.81886	6.097349429404497e-05
34599.82852	6.037181237173655e-05
34611.83818	5.991368371051246e-05
34623.847839999995	6.025409656115254e-05
34635.8575	6.042499621373886e-05
34647.86716	6.0897194690795695e-05
34659.87682	6.165195601734544e-05
34671.88648	6.190554898304763e-05
34683.89613	6.212412540374341e-05
34695.905790000004	6.212770174498682e-05
34707.91545	6.182295294180428e-05
34719.92511	6.166493679561439e-05
34731.93477	6.128445076486857e-05
34743.94443	6.041909288453506e-05
34755.95409	5.937871637716108e-05
34767.963749999995	5.80087835397011e-05
34779.97341	5.6972417742925385e-05
34791.98307	5.630531731998029e-05
34803.992730000005	5.53535060750413e-05
34816.00239	5.481211236955227e-05
34828.012050000005	5.427358243629349e-05
34840.02171	5.381403391817139e-05
34852.031370000004	5.411008821956788e-05
34864.04102	5.38421027563686e-05
34876.05068	5.311798546012948e-05
34888.06034	5.270910394206309e-05
34900.07	5.164827964501059e-05
34912.07966	5.08416410550097e-05
34924.08932	5.069088290337976e-05
34936.09898	4.972039469300829e-05
34948.10864	4.9093286416918095e-05
34960.1183	4.938955686528376e-05
34972.12796	4.936996142009318e-05
34984.13762	4.9888703105803926e-05
34996.14728	5.038061728172519e-05
35008.15694	4.95312506106944e-05
35020.1666	4.9053573176047294e-05
35032.17626	4.884167525995839e-05
35044.18591	4.793002878617464e-05
35056.19557	4.768905866774885e-05
35068.20523	4.7397874828265846e-05
35080.21489	4.700727746989618e-05
35092.224550000006	0.0
35104.23421000001	0.0
