26470.623870000007	0.0
26484.13619	0.0
26497.64851	3.559492129487509e-06
26511.160829999997	3.47496053824174e-06
26524.67314	6.49452233752042e-06
26538.18546	5.327429149994649e-06
26551.69777	2.272869896242617e-06
26565.210080000004	4.305076755252702e-06
26578.722400000002	9.134847062474715e-06
26592.234709999997	1.089326910572496e-05
26605.747030000006	1.0108281738203504e-05
26619.259339999997	1.3342670889088384e-05
26632.77166	1.625691220117556e-05
26646.28397	1.5635077403259876e-05
26659.79629	1.749498194160642e-05
26673.3086	1.7610811549866922e-05
26686.82091	1.890560039792537e-05
26700.33323	2.3591518136749128e-05
26713.845540000002	2.5231546091960907e-05
26727.35786	2.5195081910994984e-05
26740.87017	2.652143080753359e-05
26754.38249	3.116531585710839e-05
26767.894800000002	3.552941146838202e-05
26781.40711	3.847248399010508e-05
26794.919429999998	4.075451409325336e-05
26808.43174	3.933591576037469e-05
26821.94406	4.382629766510385e-05
26835.456370000004	4.863946207698646e-05
26848.96869	5.393657582005892e-05
26862.481	5.59942010281595e-05
26875.993319999994	6.315491605131045e-05
26889.505629999996	6.520887652256951e-05
26903.017939999998	6.766731432037053e-05
26916.53026	7.239634795388401e-05
26930.04257	7.985104350623139e-05
26943.55489	8.214837949483523e-05
26957.0672	8.511605476693547e-05
26970.579520000003	8.96662532278044e-05
26984.091830000005	9.402838252653072e-05
26997.60414	0.0001008755444301
27011.11646	0.000105537531388
27024.62877	0.0001090690758017
27038.14109	0.0001146520750959
27051.653400000003	0.0001199629265777
27065.16572	0.0001271711304286
27078.67803	0.0001320524334949
27092.190350000004	0.0001377717640423
27105.702660000003	0.0001434463333582
27119.214969999997	0.0001538301773206
27132.72729	0.0001622648324815
27146.2396	0.0001676355301865
27159.75192	0.0001752259252772
27173.264229999997	0.0001855717976263
27186.77655	0.0001971135346172
27200.28886	0.0002067658482101
27213.801170000002	0.0002196800965844
27227.31349	0.0002331010968677
27240.8258	0.0002478701722938
27254.338120000004	0.0002628937809709
27267.85043	0.0002757126366012
27281.362750000004	0.0002946096238873
27294.87506	0.0003171516676045
27308.38738	0.0003405377076114
27321.899690000002	0.0003653919688959
27335.412000000004	0.0003916455612314
27348.924320000002	0.000421683226841
27362.436630000004	0.0004597425838039
27375.948949999998	0.000493608576397
27389.461259999996	0.0005350074221917
27402.973579999998	0.0005829944545626
27416.48589	0.0006384162338265
27429.998209999998	0.0006967575083237
27443.51052	0.0007605292340503
27457.022829999998	0.0008336120365973
27470.535150000003	0.0009152642317111
27484.04746	0.0010054147090458
27497.55978	0.0011011111178567
27511.072089999998	0.0012091346714804
27524.584410000003	0.0013251225621245
27538.09672	0.0014508532952246
27551.609030000003	0.0015948394651918
27565.121349999998	0.0017504120916355
27578.63366	0.0019179750138758
27592.145979999998	0.0020980376538184
27605.65829	0.0022980386550114
27619.17061	0.0025164514403565
27632.68292	0.0027481845952489
27646.19524	0.0030027725966519
27659.707549999996	0.0032795659306599
27673.219859999997	0.0035778156225557
27686.73218	0.0038942901796061
27700.24449	0.0042343505989595
27713.75681	0.0046007539246777
27727.26912	0.0049886965703429
27740.781440000002	0.0054012355652718
27754.293750000004	0.0058426941432087
27767.80606	0.0063251191071465
27781.318379999997	0.0068378274859862
27794.83069	0.0073835424223223
27808.34301	0.0079741614432429
27821.855320000002	0.0086111951680225
27835.36764	0.0092960916007162
27848.879950000002	0.0100384255707543
27862.392269999997	0.0108511026494641
27875.90458	0.0117353638710401
27889.41689	0.0126979013503464
27902.929210000002	0.01375653939257
27916.44152	0.0149225142172073
27929.95384	0.0162064870218274
27943.466149999997	0.0176294239794329
27956.978470000002	0.0192031697498758
27970.49078	0.0209599112902508
27984.003090000002	0.0229113292072135
27997.51541	0.0250929518547619
28011.027720000002	0.0275352495856067
28024.540040000004	0.0302682649287805
28038.05235	0.033327483107694
28051.564670000003	0.0367581857193093
28065.076979999998	0.0406103650559503
28078.5893	0.0449382594890144
28092.10161	0.0498049507220827
28105.61392	0.0552559682702491
28119.12624	0.0613609828505104
28132.638550000003	0.0681848742135522
28146.15087	0.0758072988971342
28159.663179999996	0.0842726128647279
28173.1755	0.0936219962254334
28186.68781	0.1039357187666988
28200.200129999997	0.1152008802577234
28213.71244	0.1274324467335504
28227.22475	0.1406299392854962
28240.737070000003	0.1547001484472696
28254.24938	0.1695758282279554
28267.7617	0.1850869568121203
28281.27401	0.2010319205338622
28294.786330000003	0.2172891485307409
28308.29864	0.2336314687994726
28321.810949999996	0.2497256732431247
28335.32327	0.2654747556241277
28348.83558	0.2806693527887139
28362.347899999997	0.295094953098229
28375.86021	0.3086484347540659
28389.37253	0.3212483534752658
28402.88484	0.3327818595474034
28416.39716	0.3434188538703515
28429.909469999995	0.3530027673377184
28443.42178	0.361574059695875
28456.9341	0.3693796272185494
28470.44641	0.3762850487980614
28483.95873	0.3824620993957849
28497.47104	0.3879890004933352
28510.983360000002	0.3928269410985031
28524.495670000004	0.3971946639426376
28538.007980000006	0.401075835538791
28551.5203	0.4044532952198403
28565.03261	0.4074845741733626
28578.544929999996	0.4101142483644452
28592.05724	0.4124086666833366
28605.56956	0.4144531726457569
28619.08187	0.4162137419843368
28632.59419	0.4177354917658676
28646.106499999998	0.4190339078859008
28659.61881	0.4201438728442174
28673.131129999998	0.4210995019639524
28686.64344	0.4218870406081155
28700.155759999998	0.4226011732931546
28713.66807	0.4231533031925782
28727.18039	0.4236178390475376
28740.6927	0.42405463258109
28754.205009999998	0.424366933922251
28767.71733	0.4246538044797355
28781.22964	0.424968123037944
28794.741960000003	0.4252081012833423
28808.254270000005	0.4254260687851978
28821.766590000003	0.4257127978551787
28835.278899999998	0.4259225568092338
28848.791219999996	0.4261281247152954
28862.303529999997	0.4264270493533643
28875.81584	0.4266667618875424
28889.32816	0.426913574120115
28902.840470000003	0.4272125301174391
28916.35279	0.4274567299480171
28929.8651	0.4277104253326478
28943.377420000004	0.4279935776492254
28956.88973	0.4282552519087048
28970.402049999997	0.4285096492448486
28983.91436	0.4287407002338019
28997.42667	0.4289625959648961
29010.938990000002	0.4291407016632527
29024.451300000004	0.4293214655695354
29037.96362	0.4294787130736706
29051.47593	0.4295734251606039
29064.988250000002	0.4297002745921119
29078.50056	0.4297963926692759
29092.01287	0.4297755125943737
29105.52519	0.4298321086029151
29119.0375	0.4298928307634587
29132.549820000004	0.4297951340419612
29146.06213	0.4298324438281569
29159.57445	0.4298584137769161
29173.086760000002	0.4296976036497801
29186.59908	0.429709297582487
29200.111390000002	0.4295316005373242
29213.623700000004	0.4295630314548563
29227.136019999998	0.4295953960515271
29240.64833	0.4294161822772451
29254.160649999998	0.4294448497329763
29267.67296	0.4294801698902525
29281.18528	0.4293071033846741
29294.697590000003	0.4293629779768391
29308.209899999998	0.4294359223393049
29321.722220000003	0.4292704932156744
29335.234529999998	0.4293430345545371
29348.74685	0.4294106227848137
29362.259159999998	0.4292498196822895
29375.77148	0.429318149481216
29389.28379	0.4293806686677004
29402.79611	0.429241556091548
29416.308419999998	0.4293270313927896
29429.82073	0.4294063531768624
29443.333049999997	0.4293244470860687
29456.845360000003	0.4293851751736849
29470.35768	0.4293179918149604
29483.86999	0.4293652040992619
29497.38231	0.4293983166277247
29510.894620000003	0.429333727532533
29524.406939999997	0.4293671911489553
29537.91925	0.4293869094030034
29551.43156	0.4293709652927382
29564.94388	0.4294014517444234
29578.45619	0.4294400164088924
29591.968510000002	0.4294909162661376
29605.480819999997	0.4295545547692274
29618.993139999995	0.4296356957173688
29632.505449999997	0.4297771087739591
29646.01776	0.4299095717569363
29659.53008	0.4300676334438394
29673.042390000002	0.4303577571662484
29686.55471	0.4305767075082393
29700.067020000002	0.4309478027739253
29713.579340000004	0.431230259257626
29727.091650000002	0.4315559850082254
29740.60397	0.4320884425444194
29754.11628	0.4324915450481355
29767.62859	0.4329353988055785
29781.140910000002	0.4335938903799154
29794.653219999997	0.4340958977207128
29808.16554	0.4346161579861295
29821.67785	0.4353825360683615
29835.190169999998	0.4359524719225901
29848.70248	0.4365429346448227
29862.214789999998	0.4373818229680468
29875.72711	0.437986151809203
29889.23942	0.4386035845052088
29902.751740000003	0.4394602812437647
29916.264049999998	0.440063456616091
29929.77637	0.4406551804841205
29943.28868	0.4414986138340442
29956.801	0.4420580660080579
29970.31331	0.4428543786101405
29983.825620000003	0.4433762774149109
29997.337940000005	0.4438728225577215
30010.85025	0.4443904243278228
30024.362569999998	0.4448841641442133
30037.87488	0.4453601357702159
30051.387199999997	0.4460229432799684
30064.89951	0.4464347093396262
30078.41182	0.4468133790564524
30091.924140000003	0.4473771061169977
30105.43645	0.4477107242727685
30118.94877	0.4480399718217052
30132.461079999997	0.4485112923948632
30145.9734	0.4487925749521614
30159.48571	0.4490569886519866
30172.99803	0.4494497936533036
30186.51034	0.4496968465310017
30200.02265	0.4500283393882768
30213.53497	0.4502534844364478
30227.047280000003	0.4504765861853532
30240.5596	0.4507522576356026
30254.071910000002	0.4509540830090208
30267.584230000004	0.4511534522749173
30281.096539999995	0.4513608079030611
30294.60886	0.4515506208209576
30308.12117	0.4517352438218563
30321.63348	0.4519000281287835
30335.1458	0.4520544895110658
30348.65811	0.452205883522308
30362.170430000002	0.4522950663849587
30375.682740000004	0.4524156203559836
30389.195060000002	0.4525194187635498
30402.707369999996	0.4525413473142157
30416.21968	0.4526075826102567
30429.732	0.4526560956916655
30443.244310000002	0.4526016930383889
30456.75663	0.4526102467124456
30470.26894	0.4525101858902302
30483.78126	0.4524859837488174
30497.293570000005	0.4524530730452296
30510.80589	0.4523090768291595
30524.318199999998	0.4522552871130784
30537.83051	0.4521881072121482
30551.342829999998	0.4520331396325361
30564.85514	0.4519714379647349
30578.36746	0.4519197686061709
30591.87977	0.451793454379521
30605.392089999998	0.4517685111941784
30618.9044	0.4517581028506915
30632.41671	0.4517172870573643
30645.929030000003	0.4517626193365652
30659.44134	0.4518428447608573
30672.95366	0.4519161747169402
30686.465969999997	0.4520646729803786
30699.97829	0.4522448889642755
30713.4906	0.4524496724155586
30727.00292	0.4526965138527094
30740.51523	0.4529868775749274
30754.027540000003	0.4533100463423851
30767.539860000004	0.4536566861884111
30781.052169999995	0.4540630219435373
30794.564489999997	0.4544629796574436
30808.0768	0.4548745107783247
30821.589119999997	0.4553519606189365
30835.10143	0.4557657598465361
30848.61374	0.4561725394099775
30862.126060000002	0.4566659029935062
30875.638370000004	0.4570511724228959
30889.15069	0.4574123619529158
30902.662999999997	0.4578506656204089
30916.175320000002	0.4581523815513459
30929.68763	0.4584027558382814
30943.199950000002	0.4587605608642564
30956.71226	0.4589298009358971
30970.22457	0.4592152638960128
30983.736890000004	0.4592990711284672
30997.249200000002	0.4593547035052788
31010.76152	0.4595418356739207
31024.273830000002	0.4595413659221573
31037.78615	0.4595272054115504
31051.298459999998	0.4596878033757404
31064.81078	0.4596685534088984
31078.323089999998	0.4596726515140152
31091.8354	0.4598752873832735
31105.347719999998	0.4599290326621307
31118.86003	0.460015153907144
31132.37235	0.4603432948756788
31145.884660000003	0.4605225468462011
31159.39698	0.4607444240001497
31172.909289999996	0.4611899481589083
31186.421599999998	0.4614598763874748
31199.93392	0.4617093274075173
31213.44623	0.4621034261042928
31226.95855	0.4622168324391931
31240.47086	0.4623796017302105
31253.98318	0.4621395526055923
31267.495489999998	0.4616235812223382
31281.007810000003	0.4608722759463575
31294.520119999997	0.4594598560176302
31308.03243	0.4574873388890941
31321.544749999997	0.4548550918946188
31335.05706	0.4512946554910058
31348.56938	0.446692470239617
31362.081690000003	0.4411678355135653
31375.594009999997	0.4343360269284461
31389.10632	0.4261893311424386
31402.61863	0.4169488157931553
31416.130950000002	0.4060942538713145
31429.64326	0.3940882832291384
31443.15558	0.3808505326401548
31456.667889999997	0.3664407946691554
31470.180210000002	0.3511558188044076
31483.69252	0.3348973769591383
31497.20484	0.3181539951863823
31510.71715	0.3009350035895257
31524.229460000002	0.283549234221999
31537.74178	0.2662017231448746
31551.254090000002	0.2490767319648001
31564.766409999997	0.2323796169263339
31578.27872	0.2161570551391569
31591.791039999996	0.2006572799804436
31605.30335	0.1858911184846601
31618.81566	0.1719466566788436
31632.327980000002	0.1588870367709106
31645.840289999996	0.146672674224743
31659.35261	0.1353380126872304
31672.86492	0.1248607505442566
31686.37724	0.1151954233671802
31699.88955	0.1063032186897875
31713.40187	0.0981564919992556
31726.91418	0.0906881555948088
31740.42649	0.0838619569299853
31753.938810000003	0.0776261731075971
31767.451119999998	0.0719266099269598
31780.96344	0.0667324219103912
31794.47575	0.0619869669403192
31807.98807	0.0576507143448798
31821.50038	0.0536941998108174
31835.012700000003	0.0500733517032904
31848.52501	0.0467677818970368
31862.03732	0.0437399653254641
31875.549639999997	0.04096317620574
31889.06195	0.0384212576156409
31902.57427	0.0360832450799063
31916.086580000003	0.0339344815436068
31929.5989	0.031959423164755
31943.111210000003	0.030135910177835
31956.623519999997	0.0284567063765505
31970.13584	0.0269066800255578
31983.648149999997	0.0254664885141049
31997.16047	0.0241314917465095
32010.67278	0.022893077231124
32024.185100000002	0.02174238558918
32037.69741	0.0206733370214476
32051.209730000002	0.0196750880855845
32064.72204	0.0187394954118249
32078.23435	0.0178620205095387
32091.74667	0.0170375395534457
32105.258980000002	0.0162674468995733
32118.7713	0.0155433525270145
32132.283610000002	0.0148559973830307
32145.79593	0.0142090082491973
32159.30824	0.0135960248507148
32172.82055	0.0130126315312711
32186.332870000002	0.012460101442054
32199.845180000004	0.0119349939851909
32213.357500000002	0.0114316159304776
32226.86981	0.0109471983923411
32240.382129999995	0.0104815158883628
32253.894439999996	0.0100352935708997
32267.406759999998	0.0096079392077471
32280.91907	0.0091959520122669
32294.43138	0.0088018526395294
32307.9437	0.0084209508953619
32321.45601	0.0080545875993972
32334.96833	0.0077045654713117
32348.480639999998	0.007364363514984
32361.992959999996	0.0070334931788945
32375.505269999998	0.0067088519341946
32389.01759	0.0063912977394517
32402.5299	0.0060853035563098
32416.04221	0.0057909804144172
32429.55453	0.0055063511761406
32443.06684	0.005228595693996
32456.579160000005	0.0049590035216442
32470.091470000003	0.0047000552859001
32483.60379	0.0044495691946132
32497.1161	0.0042054483793773
32510.62841	0.0039695700746967
32524.14073	0.0037441934561822
32537.653039999997	0.0035299993638019
32551.16536	0.0033263102101202
32564.67767	0.0031274359793501
32578.18999	0.0029333032031209
32591.7023	0.0027494917581535
32605.214620000002	0.0025755918116219
32618.72693	0.0024133595700208
32632.23924	0.002260163802116
32645.751559999997	0.0021100443117781
32659.26387	0.00196439031032
32672.77619	0.0018286907961191
32686.288500000002	0.0017016835350993
32699.80082	0.0015819476114424
32713.313130000002	0.0014708936648506
32726.825439999997	0.0013689502206482
32740.33776	0.001271392060408
32753.850069999997	0.0011784526297448
32767.36239	0.0010942264813148
32780.8747	0.0010160389911393
32794.38702	0.0009406114441766
32807.89933	0.0008711983478095
32821.41165	0.0008085044887874
32834.92396	0.0007470726227092
32848.436270000006	0.00069024403328
32861.94859	0.0006395600951885
32875.460900000005	0.0005918661798761
32888.97322	0.0005465072505432
32902.48553	0.0005051328878645
32915.99785	0.0004670091176585
32929.51016	0.0004306986204661
32943.02247	0.0003979699302757
32956.534790000005	0.0003679061052451
32970.047099999996	0.0003385807104505
32983.559420000005	0.0003123283177543
32997.071729999996	0.0002908757816726
33010.58405	0.0002689538422467
33024.096359999996	0.0002488656734326
33037.60868	0.000231562346803
33051.12099	0.0002129704981999
33064.6333	0.0001948232826018
33078.145619999996	0.0001787735082808
33091.65793	0.0001660448226646
33105.170249999996	0.0001542359319391
33118.68256	0.0001417485349127
33132.19488	0.0001302245808416
33145.70719	0.000121521017066
33159.21951	0.0001133560800506
33172.73182	0.0001032550735816
33186.24413	9.539211320893344e-05
33199.75645	9.067205460754706e-05
33213.26876	8.738699418509191e-05
33226.78108	8.153841347771816e-05
33240.29339	7.740074540472408e-05
33253.80571	7.387696444489669e-05
33267.31802	6.97114466327025e-05
33280.83033	6.763412056642301e-05
33294.34265	6.498659518352317e-05
33307.85496	6.145522500281368e-05
33321.36728	5.733591512610646e-05
33334.879590000004	5.2764338539557714e-05
33348.39191	5.00080199899884e-05
33361.904220000004	5.067649061751275e-05
33375.41654	4.927387783902389e-05
33388.928850000004	4.5421805146688075e-05
33402.44116	4.215850893526746e-05
33415.95348	3.912831272693637e-05
33429.46579	3.809678399215401e-05
33442.978110000004	3.810954145276961e-05
33456.490419999995	3.98563351024357e-05
33470.00274	4.104259746425359e-05
33483.51505	4.166778322508495e-05
33497.02736	4.252142996248008e-05
33510.53968	0.0
33524.052	0.0
