22963.553049999995	0.0
22979.63397	0.0
22995.71489	7.222730997421457e-07
23011.79581	1.2878903623177252e-06
23027.876729999996	7.688693759399596e-07
23043.95765	2.2701407249501677e-07
23060.038570000004	1.3993155478018122e-07
23076.11949	2.5825422062716636e-07
23092.20041	8.990873839181122e-07
23108.281329999998	3.804069156610929e-06
23124.36225	1.8378970598555997e-06
23140.44317	1.2756995510736155e-06
23156.524089999995	1.865647230719858e-06
23172.605010000003	4.564273321112668e-06
23188.68592	1.4173923861019915e-05
23204.766840000004	1.301205422838934e-05
23220.84776	1.2843650787366485e-05
23236.92868	1.4327511442517494e-05
23253.009599999998	2.0939719135354348e-05
23269.09052	2.7759060130373743e-05
23285.171440000002	3.730427487707177e-05
23301.252360000002	4.9389001273643427e-05
23317.33328	5.3115931039281704e-05
23333.4142	4.884466898845306e-05
23349.49512	4.526929361751182e-05
23365.576039999996	5.990778089072223e-05
23381.65696	9.033363340421614e-05
23397.73788	0.0001329609165708
23413.818799999997	9.962446609901418e-05
23429.899719999998	8.663898324687017e-05
23445.980639999998	9.356124087643044e-05
23462.061560000002	0.0001238142833043
23478.142480000002	0.0001856199097213
23494.223400000003	0.0001846941563571
23510.304310000003	0.0001782700644142
23526.38523	0.00018174408546
23542.46615	0.0002219803764745
23558.54707	0.00027210141205
23574.627989999997	0.0003368886060445
23590.70891	0.0003971035826063
23606.789829999998	0.0004606974856642
23622.87075	0.0005417642271386
23638.95167	0.0006245640100069
23655.03259	0.0007499376234584
23671.113510000003	0.0009648763541034
23687.19443	0.0012164036225879
23703.27535	0.0015081601871871
23719.35627	0.0017738205948522
23735.437189999997	0.0021107090219088
23751.518110000005	0.0026112204403019
23767.59903	0.0032491606598525
23783.67995	0.0040389717264385
23799.760870000002	0.0048735017248665
23815.84179	0.0058902560737832
23831.92271	0.0071603550897924
23848.00362	0.0087745328252147
23864.084539999996	0.0107513997198097
23880.165459999997	0.0130189744442628
23896.24638	0.01564798407308
23912.3273	0.0188153050616085
23928.40822	0.0222629916402318
23944.48914	0.0263106651544541
23960.57006	0.0310055325197632
23976.650980000002	0.0359676861769944
23992.7319	0.0417504974804658
24008.81282	0.0481043798445019
24024.893740000003	0.0548760683984859
24040.97466	0.062599614863317
24057.05558	0.0709739208496439
24073.136499999997	0.0802495436338498
24089.21742	0.0906829809524435
24105.29834	0.10162558438706
24121.37926	0.1136920283464916
24137.46018	0.1270313191950763
24153.5411	0.140533325550957
24169.62201	0.1553834999457292
24185.702930000003	0.1711392868115911
24201.783850000003	0.1860728867027549
24217.86477	0.2022563459540994
24233.94569	0.2181481276634042
24250.02661	0.2329335287130515
24266.107529999997	0.2488333350203501
24282.188449999998	0.2632863257024498
24298.269369999995	0.2770035939849283
24314.350290000002	0.2921320900216527
24330.431210000002	0.3050039323238443
24346.51213	0.317908947247561
24362.59305	0.3322305312395129
24378.673970000003	0.3431823805363412
24394.75489	0.3549382487277183
24410.83581	0.3671711092562127
24426.916729999997	0.3754349624114468
24442.997649999998	0.3843094170928788
24459.078570000005	0.3924373456252448
24475.159490000002	0.3977079163339987
24491.2404	0.4030982176548243
24507.321320000003	0.4069760519806932
24523.40224	0.4088595028971413
24539.48316	0.4109744024547225
24555.56408	0.4122638034238975
24571.645	0.4128609809360827
24587.725919999997	0.4136820249368257
24603.80684	0.4140303206777739
24619.88776	0.4144186127816024
24635.96868	0.4145815897121894
24652.0496	0.4146716388995946
24668.13052	0.4149512102782409
24684.211440000003	0.4150045983038682
24700.29236	0.4152384674383989
24716.37328	0.4156857825807001
24732.4542	0.4159075981178911
24748.53512	0.4160926310229259
24764.61604	0.4162617967923421
24780.69696	0.4164318159009703
24796.77788	0.4167913357478257
24812.858790000002	0.4169199653573086
24828.939710000002	0.4172760469901657
24845.02063	0.4176022311283547
24861.10155	0.4177068739618013
24877.182469999996	0.4180374728968589
24893.263390000004	0.4181105506303808
24909.344310000004	0.4184079580523356
24925.42523	0.418703476168099
24941.50615	0.4189360134596182
24957.587069999998	0.4191711661436006
24973.667989999998	0.4194062254009943
24989.748910000002	0.4195328270974745
24997.78162	0.4114987236278834
25011.293930000003	0.4115957504280492
25024.806239999998	0.4116093704298038
25038.318559999996	0.4116246336105508
25051.830869999998	0.4116342635802801
25065.34319	0.411592688762482
25078.8555	0.4115274694525732
25092.36782	0.4114423449070441
25105.88013	0.4113513810638037
25119.39244	0.4112480286571214
25132.904760000005	0.411168678720441
25146.41707	0.4110743618883133
25159.92939	0.4110088751483283
25173.4417	0.4109930520565293
25186.954019999997	0.4109859531010808
25200.466330000003	0.4110214470943323
25213.97865	0.4110935567090319
25227.49096	0.4111777581281998
25241.00327	0.4112923979801109
25254.51559	0.4115106992824581
25268.0279	0.4117004688488022
25281.540220000003	0.4119714380981535
25295.05253	0.4122489675098074
25308.56485	0.4125236309822764
25322.077159999997	0.4127784816039704
25335.58948	0.4131551474023532
25349.10179	0.4135151089812778
25362.614100000003	0.4136947504081777
25376.12642	0.4141228137539205
25389.638730000002	0.4143741800094376
25403.151050000004	0.414586986834634
25416.663359999995	0.4146348511728483
25430.175679999997	0.4145746640079892
25443.68799	0.4147228674977051
25457.2003	0.4147518013349931
25470.71262	0.4145032509104487
25484.22493	0.4142802284060334
25497.737250000002	0.4140908864062563
25511.249560000004	0.4136477306121445
25524.76188	0.4131265084698545
25538.27419	0.4128895775419854
25551.78651	0.412543435352088
25565.29882	0.4119565643271018
25578.811130000002	0.4113897790260031
25592.32345	0.4107467398691239
25605.835759999998	0.4096211665219051
25619.348080000003	0.4088275830379452
25632.86039	0.4083931579131538
25646.37271	0.4079050833899323
25659.88502	0.4078994070709628
25673.39733	0.4074999118043467
25686.909649999998	0.4068785590680521
25700.421959999996	0.4063914329772578
25713.934279999998	0.406715145225291
25727.44659	0.4060950432251708
25740.958909999998	0.4062614114974249
25754.47122	0.4068101874514381
25767.98354	0.4066402066185299
25781.49585	0.4076514629159601
25795.008160000005	0.4082535180260822
25808.520480000003	0.4084726426471632
25822.032789999997	0.4095288535834406
25835.54511	0.4097862829543617
25849.05742	0.4113883715953471
25862.56974	0.4126867958953524
25876.08205	0.4136249128512035
25889.594370000003	0.4151707831559672
25903.106679999997	0.4167925783013221
25916.61899	0.4180571970906082
25930.13131	0.4191691473930728
25943.64362	0.4187068132350905
25957.155939999997	0.4210053996003868
25970.66825	0.4236454820081523
25984.18057	0.4250309526869831
25997.692880000002	0.4261594864977623
26011.20519	0.426578838979559
26024.71751	0.4270291943515794
26038.22982	0.427195719228163
26051.742140000002	0.4264070664162213
26065.254450000004	0.4272993813028082
26078.766770000002	0.4274899875553679
26092.279079999997	0.4269965786032405
26105.791400000002	0.4270859743207483
26119.30371	0.4269216272008848
26132.81602	0.4259009007420017
26146.32834	0.4249307360956367
26159.840650000002	0.4240990021742658
26173.35297	0.4236599771161284
26186.86528	0.4242699763195054
26200.377600000003	0.4231264604042522
26213.889909999998	0.4234528039816664
26227.40222	0.4235071501196267
26240.91454	0.4230681772472671
26254.42685	0.422329785415802
26267.93917	0.4212908296336434
26281.451480000003	0.4215915006379926
26294.9638	0.4205752543162155
26308.47611	0.4198579700052358
26321.98843	0.4205435471735895
26335.500740000003	0.4199720593749002
26349.01305	0.4199445805020952
26362.52537	0.419981062061575
26376.03768	0.4198779962124382
26389.549999999996	0.4198421717367141
26403.062309999998	0.4198545276338221
26416.57463	0.4197937372612524
26430.08694	0.4200097198386195
26443.599250000003	0.4201799487515383
26457.11157	0.420133547078754
26470.623879999996	0.4208050805719966
26484.1362	0.4212257629319409
26497.64851	0.4216114955625441
26511.160829999997	0.4209431007165554
26524.67314	0.420783655696469
26538.18546	0.4215996457070678
26551.69777	0.421586126644203
26565.210080000004	0.4221227334204219
26578.722400000002	0.4225331480106544
26592.234709999997	0.4222440492798016
26605.747030000006	0.4226331166426578
26619.259339999997	0.4229217741679242
26632.77166	0.4228918108357848
26646.28397	0.4219512302420538
26659.79629	0.4220206032071772
26673.3086	0.4220059746114343
26686.82091	0.422884255323988
26700.33323	0.4210650334379198
26713.845540000002	0.4220762810104989
26727.35786	0.4228876480335216
26740.87017	0.4225141517380321
26754.38249	0.4218495783315583
26767.894800000002	0.4214154689441081
26781.40711	0.4215334959208819
26794.919429999998	0.4213190325705345
26808.43174	0.4219462506792983
26821.94406	0.4215873393985264
26835.456370000004	0.4210836955940812
26848.96869	0.421116223216219
26862.481	0.4206956879328844
26875.993319999994	0.4207399117291127
26889.505629999996	0.4205766775808213
26903.017939999998	0.4205498150274288
26916.53026	0.4203395226769215
26930.04257	0.4196016600531035
26943.55489	0.4194873624324576
26957.0672	0.4198718855773048
26970.579520000003	0.4203434418701409
26984.091830000005	0.4205075565908635
26997.60414	0.4205296222723541
27011.11646	0.4212800291567914
27024.62877	0.4218263189809871
27038.14109	0.4221932416295747
27051.653400000003	0.4225309708966908
27065.16572	0.4228058281092094
27078.67803	0.4228073411414574
27092.190350000004	0.4227924368467429
27105.702660000003	0.4226435368745053
27119.214969999997	0.423514149001169
27132.72729	0.424551945915877
27146.2396	0.4247850449252335
27159.75192	0.4249840578920667
27173.264229999997	0.4251176371162502
27186.77655	0.4252968547548408
27200.28886	0.4243938897929225
27213.801170000002	0.4250455209800012
27227.31349	0.4259453847435995
27240.8258	0.425325906077851
27254.338120000004	0.4258317574046995
27267.85043	0.4265376141453798
27281.362750000004	0.4268178548473774
27294.87506	0.4268372546511739
27308.38738	0.426754744946894
27321.899690000002	0.4267944105016282
27335.412000000004	0.4265507320469788
27348.924320000002	0.4259008291805868
27362.436630000004	0.426412638186004
27375.948949999998	0.4261375956199005
27389.461259999996	0.4250655938820949
27402.973579999998	0.4248055899985191
27416.48589	0.4251542492578389
27429.998209999998	0.4256199955584296
27443.51052	0.4256979050960232
27457.022829999998	0.4254638648936135
27470.535150000003	0.4254374930366466
27484.04746	0.4252850912488117
27497.55978	0.4252068747181188
27511.072089999998	0.4243815450606674
27524.584410000003	0.4236722507845296
27538.09672	0.4227362025807506
27551.609030000003	0.4205188081425484
27565.121349999998	0.4205704543904525
27578.63366	0.4207049313511092
27592.145979999998	0.4196824773947508
27605.65829	0.4191092483786303
27619.17061	0.4181587086819576
27632.68292	0.4176708491123493
27646.19524	0.4181149577316537
27659.707549999996	0.4182714162557867
27673.219859999997	0.4181293960049058
27686.73218	0.4185084564388103
27700.24449	0.418611461423467
27713.75681	0.4190119465067699
27727.26912	0.4197115187285028
27740.781440000002	0.4203584078044732
27754.293750000004	0.4207601069052761
27767.80606	0.4211200857890027
27781.318379999997	0.4217115625688754
27794.83069	0.4222634005518564
27808.34301	0.4227337547924034
27821.855320000002	0.4233893037593682
27835.36764	0.4240687352263389
27848.879950000002	0.4246769174830767
27862.392269999997	0.4249291151308491
27875.90458	0.4254412099495104
27889.41689	0.4264115439961216
27902.929210000002	0.4272645429053809
27916.44152	0.4278111422478349
27929.95384	0.4283002956563644
27943.466149999997	0.4289414951564256
27956.978470000002	0.4294419300811001
27970.49078	0.4300008098143312
27984.003090000002	0.4304475940061542
27997.51541	0.4308435323053909
28011.027720000002	0.4311300923420226
28024.540040000004	0.4310104831144218
28038.05235	0.4313938907420929
28051.564670000003	0.4320857605657352
28065.076979999998	0.4324589406862266
28078.5893	0.4326633089564344
28092.10161	0.4328203216083389
28105.61392	0.4330175226047926
28119.12624	0.4331274329057214
28132.638550000003	0.4331622771179834
28146.15087	0.4331473367902358
28159.663179999996	0.4332487482736183
28173.1755	0.4332648790348306
28186.68781	0.4331321287195565
28200.200129999997	0.4330044788740644
28213.71244	0.4330786018512923
28227.22475	0.4332346983319757
28240.737070000003	0.4332752787319162
28254.24938	0.4332999900608294
28267.7617	0.4333100723101959
28281.27401	0.4333093988837491
28294.786330000003	0.4334123458784664
28308.29864	0.4334689725649159
28321.810949999996	0.433409304868682
28335.32327	0.4334095712769456
28348.83558	0.4334791769021495
28362.347899999997	0.4334992274886273
28375.86021	0.4336124242903902
28389.37253	0.433790197867939
28402.88484	0.4338600277404826
28416.39716	0.4339943236417882
28429.909469999995	0.4341648976319652
28443.42178	0.4342459683207268
28456.9341	0.4344321260145464
28470.44641	0.4344935078488352
28483.95873	0.4346369829276296
28497.47104	0.4348129524034235
28510.983360000002	0.4350125046289472
28524.495670000004	0.435230725842451
28538.007980000006	0.4353674717389052
28551.5203	0.4355486569514378
28565.03261	0.4358270688388005
28578.544929999996	0.4360531421163166
28592.05724	0.4362085816868742
28605.56956	0.4363961293194264
28619.08187	0.4366177399266387
28632.59419	0.4368094022800624
28646.106499999998	0.4369919277471172
28659.61881	0.4371276790173787
28673.131129999998	0.4372914207148207
28686.64344	0.4374830487615467
28700.155759999998	0.4376445128102387
28713.66807	0.4377140278128223
28727.18039	0.4378606024898603
28740.6927	0.4380645421551701
28754.205009999998	0.4381620981149063
28767.71733	0.4382230603299745
28781.22964	0.4383661278338422
28794.741960000003	0.4384386721293842
28808.254270000005	0.4384998353809152
28821.766590000003	0.4386432542156044
28835.278899999998	0.4386615314019861
28848.791219999996	0.438678967377912
28862.303529999997	0.4387657816504421
28875.81584	0.4387873163488099
28889.32816	0.4388316208797379
28902.840470000003	0.4389096026850622
28916.35279	0.4389360528680844
28929.8651	0.4389474253098618
28943.377420000004	0.4390186224576222
28956.88973	0.4390480716156091
28970.402049999997	0.4391010966779428
28983.91436	0.4391483982981643
28997.42667	0.4391247270149799
29010.938990000002	0.4391185573001146
29024.451300000004	0.4392380699158765
29037.96362	0.4393091328676187
29051.47593	0.4393039127584953
29064.988250000002	0.4393954368147749
29078.50056	0.4394968009922507
29092.01287	0.4394794861804493
29105.52519	0.4395666831085651
29119.0375	0.4396504326225521
29132.549820000004	0.4395833002857023
29146.06213	0.439689030276733
29159.57445	0.4397970157175863
29173.086760000002	0.4397104461328359
29186.59908	0.4397848596082142
29200.111390000002	0.4396966920557947
29213.623700000004	0.4397703768313256
29227.136019999998	0.4398331763242789
29240.64833	0.4397098344577488
29254.160649999998	0.4398103729502608
29267.67296	0.4398890617700257
29281.18528	0.4397034243964604
29294.697590000003	0.4397718406642789
29308.209899999998	0.4398100905663992
29321.722220000003	0.4396106029580622
29335.234529999998	0.4396400588314478
29348.74685	0.4396217923750408
29362.259159999998	0.4393823785240319
29375.77148	0.4393727220738472
29389.28379	0.4393800962666844
29402.79611	0.4391366495421695
29416.308419999998	0.4391177689663198
29429.82073	0.4390509573374319
29443.333049999997	0.4388581977214556
29456.845360000003	0.4388316015702395
29470.35768	0.4386486454321444
29483.86999	0.4386465125271255
29497.38231	0.4385811479021497
29510.894620000003	0.438411853677896
29524.406939999997	0.4383302176549542
29537.91925	0.4382561844343232
29551.43156	0.438157081554357
29564.94388	0.4381198751607885
29578.45619	0.4380751897681324
29591.968510000002	0.4380114498432784
29605.480819999997	0.4379787466860752
29618.993139999995	0.4379294367921033
29632.505449999997	0.4379505177187084
29646.01776	0.4379426202886901
29659.53008	0.4379769671300469
29673.042390000002	0.4381145166162214
29686.55471	0.4381407116594746
29700.067020000002	0.4382980755211847
29713.579340000004	0.4383530913712819
29727.091650000002	0.4384643430446481
29740.60397	0.4387556795531903
29754.11628	0.4389227658288037
29767.62859	0.4390781903648109
29781.140910000002	0.4394510513517904
29794.653219999997	0.4396502015927908
29808.16554	0.4398835342292269
29821.67785	0.4403799581889321
29835.190169999998	0.4406908933602799
29848.70248	0.4410121544980362
29862.214789999998	0.4415481847851144
29875.72711	0.4418834520432817
29889.23942	0.4422415145145897
29902.751740000003	0.4428901487199931
29916.264049999998	0.4432794154608631
29929.77637	0.4437004814183248
29943.28868	0.4443886313812922
29956.801	0.4448154724776779
29970.31331	0.4454723663232293
29983.825620000003	0.4458997602923916
29997.337940000005	0.4463669973860904
30010.85025	0.4468638665551998
30024.362569999998	0.4473687686883532
30037.87488	0.4478575765321505
30051.387199999997	0.4485719972399708
30064.89951	0.4490309300856623
30078.41182	0.4494871778974934
30091.924140000003	0.4501300896257731
30105.43645	0.4505827168193296
30118.94877	0.4510215732194276
30132.461079999997	0.4515979669280086
30145.9734	0.451984670337356
30159.48571	0.452341573597247
30172.99803	0.4528113024582041
30186.51034	0.4531361009492034
30200.02265	0.4535602259027351
30213.53497	0.4538336248439332
30227.047280000003	0.4540890564326589
30240.5596	0.4543864787175275
30254.071910000002	0.4545971222822141
30267.584230000004	0.4547412872262424
30281.096539999995	0.4548949924462039
30294.60886	0.4550136921847548
30308.12117	0.4551187744878626
30321.63348	0.4551790569340005
30335.1458	0.4552366059545468
30348.65811	0.45527714920807
30362.170430000002	0.4552375012121207
30375.682740000004	0.455231229517786
30389.195060000002	0.4551917790090607
30402.707369999996	0.4550904366009649
30416.21968	0.4550401728101743
30429.732	0.4549928563257773
30443.244310000002	0.4548202780419798
30456.75663	0.4547413261972353
30470.26894	0.4545550649290369
30483.78126	0.4544838524312681
30497.293570000005	0.4544024500780001
30510.80589	0.4542339184570196
30524.318199999998	0.4541577317438745
30537.83051	0.4540916539904147
30551.342829999998	0.4539224807565206
30564.85514	0.453895402816971
30578.36746	0.4538652087711828
30591.87977	0.4537490403325581
30605.392089999998	0.4537237903285268
30618.9044	0.453720784341847
30632.41671	0.4536816194580292
30645.929030000003	0.4537255887165143
30659.44134	0.4537769897662095
30672.95366	0.4537936682579456
30686.465969999997	0.4538946684049009
30699.97829	0.4540089353008372
30713.4906	0.454136180298321
30727.00292	0.4542613512216841
30740.51523	0.4544467906059891
30754.027540000003	0.4546434126929563
30767.539860000004	0.454859684091815
30781.052169999995	0.4551173629038099
30794.564489999997	0.4553717453252598
30808.0768	0.4556078646474118
30821.589119999997	0.4559438813706596
30835.10143	0.4562276731722153
30848.61374	0.4565349776907055
30862.126060000002	0.4569392157111019
30875.638370000004	0.4572955532571369
30889.15069	0.4576352256779161
30902.662999999997	0.4581258992507122
30916.175320000002	0.4585111109996245
30929.68763	0.4588847714431281
30943.199950000002	0.4593578115911275
30956.71226	0.45973675018511
30970.22457	0.4602682354890401
30983.736890000004	0.460653127427321
30997.249200000002	0.4610301589002071
31010.76152	0.4615939817712672
31024.273830000002	0.4619691741396302
31037.78615	0.4623445945591542
31051.298459999998	0.4628727126078759
31064.81078	0.4632413560149653
31078.323089999998	0.4636218574183604
31091.8354	0.4641798623655838
31105.347719999998	0.4645030206288086
31118.86003	0.4648454836459061
31132.37235	0.4653705436895108
31145.884660000003	0.4656906663446108
31159.39698	0.466004351299471
31172.909289999996	0.4665230728463196
31186.421599999998	0.4668361516618449
31199.93392	0.4671415529414596
31213.44623	0.4675968386367196
31226.95855	0.4678717102851144
31240.47086	0.468308693501232
31253.98318	0.4685789285208248
31267.495489999998	0.4688304817502454
31281.007810000003	0.4692557432886194
31294.520119999997	0.4695014333439378
31308.03243	0.4697471191983864
31321.544749999997	0.4701220617474758
31335.05706	0.470348372167852
31348.56938	0.4705511310264619
31362.081690000003	0.4709060709826028
31375.594009999997	0.4711226286634576
31389.10632	0.4713396221865016
31402.61863	0.4716666964360733
31416.130950000002	0.4718971781056369
31429.64326	0.4721069490763723
31443.15558	0.4724258624450457
31456.667889999997	0.4726134535298435
31470.180210000002	0.4729188929431728
31483.69252	0.4731522821826768
31497.20484	0.4733948589893166
31510.71715	0.4736788789039305
31524.229460000002	0.4739128186707119
31537.74178	0.4741430847624136
31551.254090000002	0.4744478539627196
31564.766409999997	0.4746864169201015
31578.27872	0.4749519078302444
31591.791039999996	0.4752368566291906
31605.30335	0.4755064623784862
31618.81566	0.4757712221742226
31632.327980000002	0.476084457010286
31645.840289999996	0.4763505823986969
31659.35261	0.4766364120410856
31672.86492	0.4769471617864212
31686.37724	0.4772437085292152
31699.88955	0.4775295886271099
31713.40187	0.4778619868356892
31726.91418	0.4781463906329676
31740.42649	0.4784186986677643
31753.938810000003	0.4786945320973265
31767.451119999998	0.4789832071123043
31780.96344	0.4792754340963986
31794.47575	0.4795639440151258
31807.98807	0.4798526478899647
31821.50038	0.4801402335920282
31835.012700000003	0.4804320801288133
31848.52501	0.4807092347136383
31862.03732	0.4809763736787696
31875.549639999997	0.4812186633811826
31889.06195	0.4814779449421846
31902.57427	0.4817287441554544
31916.086580000003	0.4819835062715693
31929.5989	0.4822248761619555
31943.111210000003	0.482480972290879
31956.623519999997	0.4826896980646806
31970.13584	0.4829059794456508
31983.648149999997	0.4831027828074178
31997.16047	0.4833158008870517
32010.67278	0.4835059483194294
32024.185100000002	0.483693695564375
32037.69741	0.4838902676557882
32051.209730000002	0.4840729680809656
32064.72204	0.484218026066163
32078.23435	0.4843778809520863
32091.74667	0.4845209982572159
32105.258980000002	0.4846569622057758
32118.7713	0.4847930341982223
32132.283610000002	0.4849043297810703
32145.79593	0.4850293490966352
32159.30824	0.485152706470852
32172.82055	0.4852647100236587
32186.332870000002	0.4853531041069931
32199.845180000004	0.4854740073645179
32213.357500000002	0.4855582977938559
32226.86981	0.4856617789182791
32240.382129999995	0.4857327297728712
32253.894439999996	0.4858465436437639
32267.406759999998	0.4859502501424697
32280.91907	0.4860292217199279
32294.43138	0.4861255291566681
32307.9437	0.4862443757168232
32321.45601	0.4863372356710808
32334.96833	0.4864558885526465
32348.480639999998	0.4865950780792464
32361.992959999996	0.4866795647174642
32375.505269999998	0.4868130572193413
32389.01759	0.4869387887850422
32402.5299	0.4870513412873237
32416.04221	0.4872161091497971
32429.55453	0.4873809061223753
32443.06684	0.487469792549912
32456.579160000005	0.4876525445147996
32470.091470000003	0.4877559438573794
32483.60379	0.4879427968422055
32497.1161	0.4881474668033088
32510.62841	0.4882884088249805
32524.14073	0.4885119515822526
32537.653039999997	0.488718460935894
32551.16536	0.4888749362976371
32564.67767	0.4890954673616901
32578.18999	0.489347441075955
32591.7023	0.4895185796935289
32605.214620000002	0.4897777509703531
32618.72693	0.4900250214998797
32632.23924	0.4902323553952297
32645.751559999997	0.4905295525077532
32659.26387	0.4908130244289976
32672.77619	0.491020529895308
32686.288500000002	0.4913028803031264
32699.80082	0.4916066603157426
32713.313130000002	0.491827451927425
32726.825439999997	0.4921412614785301
32740.33776	0.4923944694722704
32753.850069999997	0.4927202415871189
32767.36239	0.4930355284015033
32780.8747	0.4932929487278656
32794.38702	0.4935728345379233
32807.89933	0.4938762062786341
32821.41165	0.4941632303976281
32834.92396	0.4944696515901
32848.436270000006	0.4948025444674103
32861.94859	0.4951093192011906
32875.460900000005	0.4954266465989628
32888.97322	0.4956997122659837
32902.48553	0.4959782769796297
32915.99785	0.4962511560861028
32929.51016	0.4965399672222255
32943.02247	0.496850206212668
32956.534790000005	0.4971412042865825
32970.047099999996	0.4974689706137511
32983.559420000005	0.4977299372142022
32997.071729999996	0.4980081205867261
33010.58405	0.4983291555545024
33024.096359999996	0.4986029203208034
33037.60868	0.4988624088826953
33051.12099	0.4992180480011523
33064.6333	0.4995053903338468
33078.145619999996	0.4997754292757604
33091.65793	0.500140436048697
33105.170249999996	0.5004077460074019
33118.68256	0.5006810466197169
33132.19488	0.5010472046820547
33145.70719	0.501316843257879
33159.21951	0.501582403439
33172.73182	0.5020082602805669
33186.24413	0.5022941290846954
33199.75645	0.5025773507746547
33213.26876	0.5030172750056862
33226.78108	0.5032771133162145
33240.29339	0.5037229009255387
33253.80571	0.5040093743950322
33267.31802	0.5043236736531916
33280.83033	0.5048121319480872
33294.34265	0.5051460641367052
33307.85496	0.5054938734984382
33321.36728	0.5059869908638499
33334.879590000004	0.5063206431984206
33348.39191	0.5066476748574178
33361.904220000004	0.5071669629664267
33375.41654	0.507492574760485
33388.928850000004	0.5078555604846646
33402.44116	0.5084251028669206
33415.95348	0.5088170879343035
33429.46579	0.5092042158446722
33442.978110000004	0.509763244936126
33456.490419999995	0.5101536958503037
33470.00274	0.5107295334309041
33483.51505	0.5111465476380279
33497.02736	0.5115603331827154
33510.53968	0.5121726675359869
33524.05199	0.5126202370920709
33537.56431	0.5130656407500942
33551.07662	0.5136971532383559
33564.588939999994	0.5141251426811155
33578.10125	0.5145619299489929
33591.61357	0.5151564244861436
33605.12588	0.5155935040279982
33618.638190000005	0.5160397770917112
33632.15051	0.5166455325096693
33645.66282	0.5171031715365995
33659.17514000001	0.5175476681676398
33672.68745	0.5181614451570579
33686.19977	0.5185940303265875
33699.71208	0.5190320360374276
33713.22439	0.5196184079086144
33726.73671	0.5200392966004597
33740.24902	0.5206072679080497
33753.761340000005	0.5210207001419693
33767.27365	0.5214626749234916
33780.78597	0.5220182581837075
33794.298279999995	0.5224407462770313
33807.8106	0.5228539240355881
33821.32291	0.5233625245171605
33834.83522	0.5237570852808513
33848.34754	0.524131931433069
33861.85985	0.524624186161996
33875.37217	0.5249863176088393
33888.88448	0.5253368813622935
33902.3968	0.5257767439732959
33915.90911	0.5261043395256795
33929.42143	0.5264284757757147
33942.93373999999	0.5267854065550093
33956.44605	0.5270604534791532
33969.95837	0.5273164109481498
33983.47068	0.5276223463464156
33996.983	0.5278503466502321
34010.49531	0.5281269293961566
34024.00763	0.5283535065301131
34037.519940000006	0.5285490321101896
34051.03225	0.5287864773559106
34064.54457	0.5289566562668582
34078.05688	0.5291155911171848
34091.5692	0.529328371146427
34105.08151	0.529469195054258
34118.59383	0.5296308921066883
34132.10614	0.5298285127390615
34145.61846	0.5299597352077419
34159.13077	0.5300854281512691
34172.643079999994	0.53024576642943
34186.155399999996	0.530369479459061
34199.66771	0.5304774447663756
34213.180029999996	0.5306427146482896
34226.69234	0.5307547717230218
34240.20466	0.5309278379361211
34253.71697	0.5310725384625744
34267.22928	0.5311958199331239
34280.7416	0.5313859009711274
34294.25391	0.5315238616669806
34307.76623	0.5316909012124964
34321.27854	0.531940699668823
34334.79086	0.5321271622499628
34348.30317	0.5323349495984899
34361.81549	0.5325686597750612
34375.3278	0.5327297398628896
34388.840110000005	0.5328946727280871
34402.35243	0.5331283292010227
34415.864740000005	0.5333135529062787
34429.377060000006	0.5334901858916261
34442.88937	0.5337726032642822
34456.40169	0.5339942875102226
34469.914	0.5342237882822274
34483.42631	0.534558399831467
34496.93863	0.5348021963479808
34510.45094	0.535159616186416
34523.963260000004	0.5354299399993042
34537.475569999995	0.5357011853960372
34550.98789	0.536077485319421
34564.5002	0.5363558458333404
34578.012520000004	0.5366708233323205
34591.52483	0.5370939663931291
34605.03714	0.5374380359310762
34618.54946	0.537792205431167
34632.06177	0.538231831881083
34645.57409	0.5385922455679072
34659.0864	0.5389428995537264
34672.59872	0.5394019395017405
34686.11103	0.539760961058944
34699.62335	0.5401151348437816
34713.13566	0.5405980317911887
34726.64797	0.540970810801008
34740.16029	0.5414738589741296
34753.6726	0.5418698270191482
34767.18492	0.5422532095923992
34780.69723	0.5427671938020744
34794.20955	0.5431664506118482
34807.721860000005	0.5435662120769607
34821.234169999996	0.5440668717324477
34834.746490000005	0.5444525368921479
34848.258799999996	0.5448514658837089
34861.77112	0.5453434846820097
34875.28343	0.5457411952638163
34888.79575	0.5461383065704577
34902.30806	0.5466188225973407
34915.820380000005	0.54700108266835
34929.332689999996	0.5473629427730367
34942.845	0.5478253440981878
34956.35732	0.5481806720757019
34969.86963	0.5485192782911839
34983.381949999995	0.5489612079561145
34996.89426	0.5492832311309888
35010.40658	0.5497015803908527
35023.91889	0.5500246631530996
35037.4312	0.5503323795794364
35050.94352	0.5507320222441725
35064.45583	0.551024734442956
35077.96815	0.5513192764370267
35091.48046	0.5516831771108729
35104.99278	0.5519338615651704
35118.50509	0.5521805935547783
35132.01741	0.5525051675961024
35145.52972	0.5528078572653141
35159.04203	0.553118295586205
35172.55435	0.5534226253342039
35186.066660000004	0.5536278159962665
35199.57898	0.5538137094684424
35213.091290000004	0.5540656683656167
35226.60361	0.554258236345579
35240.11592	0.5544662264923291
35253.62824	0.5546290444168036
35267.14055	0.5547842540544662
35280.65286	0.5549711332469964
35294.16518	0.5551209357742899
35307.677489999995	0.5552490092106657
35321.18981	0.5554551666881068
35334.70212	0.5556046261456511
35348.21444	0.5557456848178515
35361.72675	0.5559349365761593
35375.23906	0.5560533246443409
35388.75138	0.556179691197906
35402.26369	0.556353346257668
35415.776009999994	0.5564682262624998
35429.28832	0.5565999208598971
35442.80064	0.5567666490757922
35456.31295	0.556896129216063
35469.82527	0.557028609814314
35483.33758	0.5571817552873081
35496.84989	0.557306870134799
35510.36221	0.5574623558314834
35523.87452	0.5575849553688736
35537.38684	0.5577219464883086
35550.89915	0.5578755356311009
35564.41147	0.5580108319051942
35577.923780000005	0.5581615214064275
35591.43609	0.5583433282857618
35604.948410000005	0.558501177019326
35618.460719999995	0.5586535767594639
35631.97304	0.5588537003328211
35645.485349999995	0.5590322815745232
35658.99767	0.5591973219337597
35672.50998	0.559410408564846
35686.022300000004	0.5595791262385136
35699.53461	0.5597581151192399
35713.04692	0.5600039878030567
35726.55924	0.5602024985111481
35740.07155	0.5604528408648198
35753.58387	0.5606626007083123
35767.09618	0.5608609024106126
35780.6085	0.5611285950815228
35794.12081	0.5613429715915561
35807.63312	0.5615580946052044
35821.14544	0.5618370466183938
35834.65775	0.5620638133974546
35848.17007	0.5623137073453148
35861.682380000006	0.5626272178141671
35875.1947	0.5628818704279616
35888.70701	0.563150438721595
35902.21932999999	0.5634626169811187
35915.73164	0.5637128226920728
35929.24395	0.5639663030004329
35942.75627	0.5642671105842009
35956.26858	0.5645304428064516
35969.7809	0.5648013329057333
35983.29321	0.5651308136092223
35996.80553	0.5654060254156822
36010.317839999996	0.5657343090662397
36023.83016	0.566007099981076
36037.342469999996	0.5662712445785432
36050.85478	0.5665474568162427
36064.3671	0.5667790826783088
36077.87941	0.5670021143501216
36091.39173	0.5672714368201071
36104.90404	0.5675309608469059
36118.416359999996	0.5677849987201611
36131.92867	0.5680837373325189
36145.44098	0.5683359455506772
36158.9533	0.5685763495317439
36172.46561	0.5688713215415546
36185.97793	0.5690980261137942
36199.49024	0.5693105157963194
36213.00256	0.5695864919680622
36226.51487	0.5698005726318304
36240.02719	0.5700778848717826
36253.5395	0.5703123115857841
36267.051810000004	0.5705292655451262
36280.56413	0.5708096326582839
36294.07644	0.5710320954521313
36307.58876	0.57122766979773
36321.10107	0.5714821961927787
36334.61339	0.5716670188389854
36348.1257	0.5718456817756352
36361.63801	0.572102073283248
36375.150330000004	0.5723051159221266
36388.662639999995	0.5725092283781581
36402.17496	0.5727665105316704
36415.68727	0.5729575939705447
36429.19959	0.5731497776825033
36442.7119	0.5733820830102918
36456.224220000004	0.5735520271086103
36469.73653	0.5737212711473791
36483.24884	0.5739208654264123
36496.76116	0.5740843775311404
36510.27347	0.5743127282736978
36523.78579	0.5744785534240442
36537.2981	0.5746534653938201
36550.81042	0.5748762247883956
36564.32273	0.5750393718989997
36577.835040000005	0.5752031203769405
36591.34736	0.5753890181480448
36604.85967	0.5755231950895788
36618.37199	0.5756626675069765
36631.8843	0.5758258169947682
36645.39662	0.575965855290576
36658.90893	0.5761268526738632
36672.42125	0.5763112602846328
36685.933560000005	0.5764701793542399
36699.445869999996	0.576625878199078
36712.95819	0.5767859640984728
36726.4705	0.5769207046801326
36739.98282	0.5770438919575366
36753.49513	0.5771746048649296
36767.007450000005	0.5772952305988762
36780.519759999996	0.5774444934565595
36794.032080000004	0.5775766922647201
36807.54439	0.5777189388536712
36821.0567	0.5778632909860112
36834.56902	0.5779929322161859
36848.08133	0.578130712874144
36861.59365	0.5782601414534532
36875.10596	0.5783709896235454
36888.618279999995	0.5784767505964752
36902.13059	0.5785833356348111
36915.6429	0.5786896278292085
36929.15522	0.5788052383551748
36942.66753	0.5789423788921138
36956.17985	0.5790745518325029
36969.69216	0.579189981281429
36983.20448	0.579319678685159
36996.71679	0.5794397750755111
37010.22911	0.5795554872586344
37023.74142	0.5796425211281423
37037.253730000004	0.5797368029985903
37050.76605	0.5798405546674599
37064.278360000004	0.5799324282599257
37077.79068	0.5800367734057266
37091.30299	0.5801558531225648
37104.81531	0.5802611330319456
37118.32762	0.580364967170316
37131.83993	0.580483451948415
37145.35225	0.5805839244080693
37158.864559999995	0.580672505257201
37172.37688	0.5807758120353362
37185.88919	0.5808588844092533
37199.401509999996	0.5809356734184139
37212.91382	0.5810479214026791
37226.42614	0.5811516384596203
37239.93845	0.5812523135949982
37253.45076	0.5813903336934503
37266.96308	0.5815033779720553
37280.47539	0.5816299942408703
37293.98771	0.5817220540463668
37307.50002	0.581813601533681
37321.01234	0.5819330022092711
37334.52465	0.582030264775082
37348.036960000005	0.5821283202061451
37361.54928	0.5822620532784295
37375.06159	0.5823835568898321
37388.57391	0.582506369216236
37402.08622	0.5826616953453034
37415.59854	0.5827930090214057
37429.11085	0.582916020637041
37442.62317	0.583066350599609
37456.135480000004	0.5831822786661611
37469.647789999995	0.5832950688278473
37483.16011	0.5834560772229459
37496.67242	0.5835913450836161
37510.18474	0.583760132897494
37523.69705	0.5838967562019249
37537.209370000004	0.5840517307241009
37550.72168	0.584242192952691
37564.234000000004	0.5843937336976579
37577.74631	0.5845501906421819
37591.25862	0.5847398153462222
37604.77094	0.5848885945963018
37618.28325	0.585031186493286
37631.79557	0.5852070378382607
37645.30788	0.5853611229384215
37658.8202	0.5855275137139275
37672.33251	0.5857334339625044
37685.84482	0.585916853320932
37699.35714	0.5861013608614984
37712.86945	0.5863067957021173
37726.38177	0.5864818181053102
37739.89408	0.5866592386972457
37753.4064	0.586860611208649
37766.91871	0.5870336301300365
37780.43103	0.5872345455398049
37793.94334	0.5873976513321628
37807.45565	0.5875723794555275
37820.96797	0.5877760478081129
37834.48028	0.5879484225775382
37847.992600000005	0.5881350943733341
37861.504909999996	0.5883441031735541
37875.01723	0.5885167009217529
37888.52954	0.5886920173915119
37902.04185	0.588874698551781
37915.55417	0.5890240814838429
37929.06648	0.5891826921213428
37942.5788	0.58935156564569
37956.09111	0.5895069380123152
37969.603429999996	0.5896776202234864
37983.11574	0.5898421564515419
37996.62806	0.5899915953514783
38010.14037	0.5901593438022281
38023.65268	0.5902947627817678
38037.165	0.590412851038435
38050.67731	0.5905444175589922
38064.18963	0.5906643286771525
38077.70194	0.5907797248806412
38091.21426	0.5908923593124449
38104.72657	0.5909934227910991
38118.23889	0.59109269139043
38131.7512	0.5911895764810817
38145.26351	0.5912909115357331
38158.77583	0.5913890366548732
38172.28814	0.5914638839327035
38185.80046	0.5915369987570298
38199.31277	0.5916003136856361
38212.82509	0.5916394775432849
38226.337400000004	0.5916942312545727
38239.849709999995	0.591742837131211
38253.36203	0.5917618198811985
38266.87434	0.5917955590932347
38280.38666	0.591789208201755
38293.89897	0.5918290153317081
38307.411290000004	0.5918593092030199
38320.9236	0.5918334906900917
38334.43592	0.591843297577356
38347.94823	0.5918307237714188
38361.46054	0.591770870347646
38374.97286	0.5917709592205826
38388.48517	0.5917479760383662
38401.99749	0.5916708073543151
38415.5098	0.5916532777699971
38429.02212	0.5916264340972381
38442.53443	0.5915473168748964
38456.04674	0.5915152770111175
38469.55906	0.5914650125920484
38483.07137	0.5913603444451362
38496.58369	0.5913051409434873
38510.096	0.5911971187547598
38523.60832	0.5911216434126447
38537.120630000005	0.5910475662904731
38550.63295	0.5909243028984363
38564.14526	0.590839192190463
38577.65757	0.5907657310106398
38591.16989	0.5906446774524287
38604.6822	0.5905498368526012
38618.194520000005	0.5904695854203393
38631.706829999996	0.5903450475895702
38645.219150000004	0.5902518535377619
38658.73146	0.5901678105244241
38672.24377	0.5900354389887467
38685.75609	0.5899354264154674
38699.2684	0.5898433146497526
38712.78072	0.5897123084830018
38726.29303	0.5896084508984776
38739.805349999995	0.5895079814973225
38753.31766	0.5893820965978859
38766.82998	0.5892894439842029
38780.34229	0.5891743344094605
38793.8546	0.5890992975293174
38807.36692	0.5890077953151651
38820.87923	0.5888922462793047
38834.39155	0.5888162456282235
38847.90386	0.588733724906505
38861.41618	0.5886476127726967
38874.92849	0.58859920487495
38888.44081	0.5885435914069302
38901.95312	0.5884778476883492
38915.465430000004	0.588444401666443
38928.97775	0.5884147194088349
38942.49006	0.5883766389216238
38956.00238	0.5883630693640036
38969.514689999996	0.5883508742441281
38983.02701	0.5883346642216187
38996.53932	0.5883496575833238
39010.05163	0.5883731729957695
39023.56395	0.588409232260599
39037.07626	0.5884713922074465
39050.588579999996	0.5885404861000918
39064.10089	0.5886095438462362
39077.61321	0.5886965285875196
39091.12552	0.5887999728386845
39104.63784	0.5888936276534075
39118.15015	0.5890029232819836
39131.66246	0.5891512751294199
39145.17478	0.5892883812759853
39158.68709	0.5894377105491686
39172.19941	0.5896224615303278
39185.71172	0.5897703755192594
39199.22404	0.5899228030828769
39212.73635	0.5901103699292103
39226.24866	0.5902690199211467
39239.76098	0.5904316339366753
39253.27329	0.5906307161404349
39266.78561	0.5907914066107196
39280.29792	0.5909713228038432
39293.81024	0.5911236854874528
39307.322550000004	0.5912678417269532
39320.83487	0.591419494438641
39334.34718	0.5915216282952871
39347.85949	0.5915793528570995
39361.37181	0.591620595477268
39374.88412	0.5915842043016593
39388.396440000004	0.591505793806441
39401.90875	0.5914156827818263
39415.421070000004	0.5912311045644342
39428.93338	0.5909911938957595
39442.44569	0.5907131261392312
39455.95801	0.5903075407820709
39469.47032	0.5898086619630303
39482.98264	0.5892303292415139
39496.49495	0.5884924670096889
39510.007269999995	0.5876878333573956
39523.51958	0.5866954898897039
39537.0319	0.5855494774966683
39550.54421	0.5843028544524941
39564.05652	0.5828480014767597
39577.56884	0.5811949305996373
39591.08115	0.5793914811631365
39604.59347	0.5773310070674549
39618.10578	0.5750395337609285
39631.6181	0.5725697250552204
39645.13041	0.5698152952647061
39658.64273	0.5668039185222709
39672.15504	0.5635802863025678
39685.66735	0.5600585755426188
39699.179670000005	0.5562568751398078
39712.691979999996	0.5521787576149607
39726.2043	0.5477362985006181
39739.71661	0.5429926394331981
39753.22893	0.5379775513526407
39766.74124	0.5326177348891147
39780.25355	0.5269912116759229
39793.76587	0.5210035777397499
39807.27818	0.5147069131718978
39820.790499999996	0.5081640981869859
39834.30281	0.5012373983403466
39847.81513	0.4939664876589156
39861.32744	0.4864555449403807
39874.83976	0.4786116756050744
39888.35207	0.4704874427676115
39901.86438	0.4621483336176655
39915.3767	0.4535423660669873
39928.88901	0.4446948316998094
39942.40133	0.435670129167825
39955.91364	0.4263875274533022
39969.42596	0.4169128379393272
39982.93827	0.407319166813452
39996.45058	0.3975782177289808
40009.9629	0.3877209927008918
40023.47521	0.3777663745112541
40036.98753	0.3677424416592997
40050.499840000004	0.3576965769807961
40064.012160000006	0.3475384234675984
40077.52447	0.3374127344372989
40091.03679	0.3273325759614139
40104.5491	0.3172705805165285
40118.06141	0.3072806125355102
40131.573730000004	0.2974100757815171
40145.08604	0.2876243524501118
40158.598359999996	0.2779234235040145
40172.11067	0.2683795547479918
40185.62299	0.2589659969937736
40199.1353	0.2497001656215911
40212.64761	0.240631731247266
40226.159929999994	0.2317455757256066
40239.67224	0.2230344922731343
40253.18456	0.214529966312258
40266.69687	0.2062465698399294
40280.20919	0.1981534861158928
40293.72150000001	0.1902715273219157
40307.233819999994	0.182636902459305
40320.74613	0.1752331227732823
40334.25844	0.1680202829705043
40347.77076	0.1610400858228842
40361.283070000005	0.1543130637087173
40374.79538999999	0.1477491110370998
40388.3077	0.1414177978448619
40401.82002	0.1353301870164108
40415.33233	0.129437792749628
40428.84465	0.123742745767778
40442.356960000005	0.1182898699141499
40455.86927	0.1130409580763799
40469.38159	0.1079499486803173
40482.893899999995	0.1030897259465736
40496.406220000004	0.0984162625023849
40509.91853	0.0939082421801504
40523.430850000004	0.0895786467515105
40536.943159999995	0.0854510330168738
40550.45547	0.0814835567298576
40563.96779	0.0776445099111262
40577.4801	0.0739964369962757
40590.992419999995	0.0705034569567582
40604.50472999999	0.0671341343923265
40618.017049999995	0.0639107977134859
40631.52936	0.0608718254285307
40645.04168	0.0579231746904459
40658.55399	0.0550999569654582
40672.066300000006	0.0524352573959536
40685.57862000001	0.0498753023607828
40699.090930000006	0.0474114193442649
40712.60325	0.0450747649683422
40726.11556	0.0428689181060123
40739.62788	0.0407171806671473
40753.140190000006	0.0386821525116448
40766.6525	0.0367556155070391
40780.16482	0.0349149153971588
40793.67713	0.033135652256271
40807.18945	0.0314680112811895
40820.70176	0.0298937323603964
40834.214080000005	0.0283523799564835
40847.726389999996	0.0269042150013135
40861.23871	0.0255435817848487
40874.75102	0.0242345960974535
40888.26333	0.0229638555577871
40901.77565	0.0218034511646827
40915.28796	0.0206809321374281
40928.800279999996	0.0195889300597617
40942.31259	0.01856940258391
40955.82491	0.0176190249901738
40969.33722	0.0166988985649716
40982.84953	0.0158126381893181
40996.36185000001	0.0150140319980277
41009.87416	0.0142335009916257
41023.38648	0.0134769168224677
41036.89878999999	0.0127646697442246
41050.411109999994	0.0121196992164448
41063.92342000001	0.0114654067237902
41077.43573999999	0.0108501718547315
41090.94805	0.010294740392007
41104.46036	0.0097548658400962
41117.97268	0.0092233491253195
41131.484990000004	0.0087381387072701
41144.99731	0.008303139605284
41158.509620000004	0.0078454813039453
41172.021940000006	0.0074250859781738
41185.53425	0.0070434804677225
41199.04657	0.0066800575838589
41212.55888	0.0062989429444547
41226.07119	0.0059779630337608
41239.583510000004	0.0056758762910594
41253.09582	0.0053653506351019
41266.608140000004	0.0050710763458039
41280.12045	0.0048227038526857
41293.632770000004	0.0045795076307733
41307.145079999995	0.0043161362293116
41320.65739	0.004099592463825
41334.16971	0.0038949623155616
41347.68202	0.0036834774989759
41361.19434	0.0034718085009229
41374.70664999999	0.0033180077034502
41388.218969999994	0.0031405080611126
41401.73128000001	0.0029611265385183
41415.2436	0.0028065772176649
41428.75591	0.0026810600016337
41442.26821999999	0.0025232701095579
41455.78053999999	0.0023766466641065
41469.292850000005	0.0022704030768078
41482.80517	0.0021588559904257
41496.31748	0.0020327056055663
41509.8298	0.0019247973156626
41523.342110000005	0.0018503452409902
41536.854419999996	0.0017379091176758
41550.36674	0.0016399548954397
41563.879049999996	0.0015662441293112
41577.39136999999	0.0015024559066782
41590.90368	0.0013947865041933
41604.416000000005	0.001330642681337
41617.928309999996	0.0012796520066787
41631.44063	0.0012126216988888
41644.95294	0.0011257727729748
41658.46525	0.0010816213714574
41671.97757	0.0010351224792338
41685.489879999994	0.0009642628925901
41699.0022	0.00090928872928
41712.51451	0.0008817797720963
41726.02683	0.0008392654925125
41739.53914	0.0007707139746476
41753.051459999995	0.0007421967161696
41766.56377000001	0.0007144670684162
41780.07608	0.0006683101108139
41793.5884	0.0006138535542895
41807.10071	0.0006106106163802
41820.61303	0.000576498242546
41834.125340000006	0.0005320558060094
41847.63765999999	0.0005005174416179
41861.14997	0.0005063869735757
41874.66228	0.0004625706165431
41888.1746	0.0004259933272864
41901.686910000004	0.0004098134789699
41915.19923	0.0004002001565467
41928.711540000004	0.0003531822450296
41942.223860000006	0.000335793067943
41955.73617	0.0003371948418941
41969.248490000005	0.0003178301615672
41982.7608	0.0002773352944917
41996.27311	0.0002643355723248
42009.785429999996	0.0002634689438191
42023.29774	0.000228906885149
42036.81006	0.0002054134682888
42050.32237	0.0002098002864763
42063.83469	0.0002113957180334
42077.346999999994	0.0001671582845453
42090.85931	0.0001593668293837
42104.37163	0.0001644707897954
42117.88394	0.0001522775648143
42131.39626	0.0001100446094179
42144.90856999999	0.0001246885376473
42158.420889999994	0.0001316622061028
42171.93320000001	0.0001088364287428
42185.44552	8.604087249768869e-05
42198.95783	0.0001017299782246
42212.47013999999	9.362533224059497e-05
42225.98246000001	7.354888504367964e-05
42239.49477	6.165331345444847e-05
42253.00709	7.976060244443187e-05
42266.5194	6.433768050911334e-05
42280.03171999999	4.982320988137343e-05
42293.544030000005	4.903233469149888e-05
42307.056339999996	6.417384835666521e-05
42320.56866	4.998240773821511e-05
42334.08097000001	4.62472689499964e-05
42347.593290000004	5.0550898728523014e-05
42361.1056	5.543768250950445e-05
42374.617920000004	4.120166601322508e-05
42388.130229999995	3.853625693201206e-05
42401.64255	4.2214493346369385e-05
42415.15486	4.1181339610822745e-05
42428.66717	3.332991849719115e-05
42442.17949	3.583888011714946e-05
42455.6918	3.918988987817213e-05
42469.20412000001	3.300377663329225e-05
42482.71643	2.7088121251977573e-05
42496.22875	3.5348479778110735e-05
42512.309669999995	0.0
42528.39059	0.0
