31470.18022	0.0
31483.692529999997	0.0
31497.20484	6.145328112308564e-06
31510.71715	7.183597974434498e-06
31524.229460000002	6.624610529230226e-06
31537.74178	8.22727658177572e-06
31551.254090000002	7.710432663746443e-06
31564.766409999997	8.568069188851127e-06
31578.27872	1.0220501599995943e-05
31591.791039999996	1.1277181134607754e-05
31605.30335	1.0675089641601191e-05
31618.81566	9.999359724153992e-06
31632.327980000002	1.2310148549857364e-05
31645.840289999996	1.549701659453599e-05
31659.35261	2.1007088314349913e-05
31672.86492	2.3333567211459484e-05
31686.37724	3.314376706293131e-05
31699.88955	4.0060488309656185e-05
31713.40187	5.181865323086011e-05
31726.91418	5.3699019761407167e-05
31740.42649	6.06772457439859e-05
31753.938810000003	5.851826958955339e-05
31767.451119999998	6.757123303181208e-05
31780.96344	6.088831253374745e-05
31794.47575	6.947419056421808e-05
31807.98807	6.158038728456756e-05
31821.50038	7.157695125870914e-05
31835.012700000003	7.110584450600288e-05
31848.52501	9.320400935096928e-05
31862.03732	0.0001081765097292
31875.549639999997	0.0001488723947218
31889.06195	0.0001816289008193
31902.57427	0.0002324764214747
31916.086580000003	0.0002728717077228
31929.5989	0.0003328266366609
31943.111210000003	0.0004018024657674
31956.623519999997	0.0005022993854305
31970.13584	0.0006348723360321
31983.648149999997	0.000814853589264
31997.16047	0.0010731618126265
32010.67278	0.0014212703217168
32024.185100000002	0.0019334540575746
32037.69741	0.0026537447351443
32051.209730000002	0.0037475820117486
32064.72204	0.0053857027435814
32078.23435	0.00801327893519
32091.74667	0.0122141945881325
32105.258980000002	0.0193582027796014
32118.7713	0.0315343980769284
32132.283610000002	0.0523649705920707
32145.79593	0.0860303439835829
32159.30824	0.1347723539131365
32172.82055	0.1930222446396229
32186.332870000002	0.2424610112283877
32199.845180000004	0.2734982791982605
32213.357500000002	0.2839230257094293
32226.86981	0.2826145628888012
32240.382129999995	0.2793224912039921
32253.894439999996	0.2787965404766789
32267.406759999998	0.2826243452692061
32280.91907	0.2901638161218713
32294.43138	0.3001266473542654
32307.9437	0.3103624557221832
32321.45601	0.3189193866375374
32334.96833	0.3241351902276671
32348.480639999998	0.3257953362340475
32361.992959999996	0.3245461809261321
32375.505269999998	0.3213741012477988
32389.01759	0.3177470703787959
32402.5299	0.3148573904714272
32416.04221	0.3136780377565369
32429.55453	0.3143588387182348
32443.06684	0.3161907842458529
32456.579160000005	0.3178469618755413
32470.091470000003	0.3165483723412783
32483.60379	0.3098995661161822
32497.1161	0.2943176314446304
32510.62841	0.269751006799527
32524.14073	0.2383802667780754
32537.653039999997	0.2021596516628686
32551.16536	0.1655625077714274
32564.67767	0.1319858174740822
32578.18999	0.1029927845129841
32591.7023	0.0792080433475931
32605.214620000002	0.0605100159629316
32618.72693	0.0460493162522187
32632.23924	0.035033877191018
32645.751559999997	0.0267062014889866
32659.26387	0.0204027781112952
32672.77619	0.0156698750167757
32686.288500000002	0.0120655297455574
32699.80082	0.0093550736177834
32713.313130000002	0.0072700785715886
32726.825439999997	0.0056990122610291
32740.33776	0.0044774886797979
32753.850069999997	0.0035536760253377
32767.36239	0.0028359048660746
32780.8747	0.0022750077559204
32794.38702	0.001843495196871
32807.89933	0.001490340291182
32821.41165	0.0012252316635592
32834.92396	0.000995262656003
32848.436270000006	0.0008281199697328
32861.94859	0.0006804105970887
32875.460900000005	0.0005735965676706
32888.97322	0.0004776806819335
32902.48553	0.0004030758159458
32915.99785	0.0003431203584118
32929.51016	0.0002869458966735
32943.02247	0.0002522054998204
32956.534790000005	0.0002140958363889
32970.047099999996	0.0001975251858876
32983.559420000005	0.0001668835689727
32997.071729999996	0.0001525567031345
33010.58405	0.000132153640754
33024.096359999996	0.0001205436014215
33037.60868	0.0001133786797517
33051.12099	0.0001012115022734
33064.6333	9.788800214348084e-05
33078.145619999996	8.233599954520518e-05
33091.65793	7.972838905736707e-05
33105.170249999996	6.878961371066606e-05
33118.68256	7.042168731484157e-05
33132.19488	6.331766532208786e-05
33145.70719	5.739915437531724e-05
33159.21951	5.378491408116368e-05
33172.73182	4.708016214042769e-05
33186.24413	4.703613294022119e-05
33199.75645	3.9073764120054974e-05
33213.26876	4.2001319175440695e-05
33226.78108	3.3204994340090696e-05
33240.29339	3.0927810610519556e-05
33253.80571	2.6643730429381447e-05
33267.31802	2.647511377938566e-05
33280.83033	2.5517637916048076e-05
33294.34265	2.0601395693779576e-05
33307.85496	2.35915253129407e-05
33321.36728	1.646902494745789e-05
33334.879590000004	2.048327355419315e-05
33348.39191	1.779473343114748e-05
33361.904220000004	1.9892254454147143e-05
33375.41654	1.9926916959102305e-05
33388.928850000004	1.8411139076815697e-05
33402.44116	2.455050927592889e-05
33415.95348	2.3739116997329757e-05
33429.46579	2.949720900522356e-05
33442.978110000004	2.345820742643954e-05
33456.490419999995	2.2211811974494255e-05
33470.00274	2.0042957235915024e-05
33483.51505	2.0450829608023916e-05
33497.02736	2.1756457917204328e-05
33510.539670000006	0.0
33524.051980000004	0.0
