29470.357689999997	0.0
29483.87	0.0
29497.38231	1.0160835601920916e-05
29510.894620000003	1.0933610807591482e-05
29524.406939999997	1.3584444813196514e-05
29537.91925	1.4913525993129651e-05
29551.43156	1.4815590613682852e-05
29564.94388	1.373883569119178e-05
29578.45619	1.4708123974415956e-05
29591.968510000002	1.809083146116342e-05
29605.480819999997	1.88900398246654e-05
29618.993139999995	1.967702018766197e-05
29632.505449999997	1.992807739304937e-05
29646.01776	2.25871455601998e-05
29659.53008	2.413014460178083e-05
29673.042390000002	2.622948248867056e-05
29686.55471	2.6920970550470876e-05
29700.067020000002	2.8940401254335846e-05
29713.579340000004	2.7999526190603585e-05
29727.091650000002	2.9018264126874857e-05
29740.60397	3.068164220468834e-05
29754.11628	3.4908256062633986e-05
29767.62859	3.554387673982203e-05
29781.140910000002	3.9483677908096575e-05
29794.653219999997	4.230672521456561e-05
29808.16554	4.3842461542844645e-05
29821.67785	4.7304235618799434e-05
29835.190169999998	4.767050387839151e-05
29848.70248	4.991817987900179e-05
29862.214789999998	5.0139825669408674e-05
29875.72711	5.325804411385458e-05
29889.23942	5.6797370527649624e-05
29902.751740000003	6.102508958608481e-05
29916.264049999998	6.585886238043173e-05
29929.77637	7.202560847791824e-05
29943.28868	7.722084397425157e-05
29956.801	7.812339323954867e-05
29970.31331	8.304700773641255e-05
29983.825620000003	8.751160650573539e-05
29997.337940000005	9.229518209051063e-05
30010.85025	9.801737085952292e-05
30024.362569999998	0.0001058820621423
30037.87488	0.0001090355602613
30051.387199999997	0.0001079691856227
30064.89951	0.0001018599601503
30078.41182	0.0001067774756104
30091.924140000003	0.0001161274769906
30105.43645	0.0001183468931804
30118.94877	0.0001199479335018
30132.461079999997	0.0001236895266577
30145.9734	0.0001254503495954
30159.48571	0.0001220617574468
30172.99803	0.000122926292086
30186.51034	0.0001232825263835
30200.02265	0.0001207586780506
30213.53497	0.0001169702451286
30227.047280000003	0.0001184867452319
30240.5596	0.0001162402245779
30254.071910000002	0.0001218076869556
30267.584230000004	0.000128171725796
30281.096539999995	0.0001341029817328
30294.60886	0.0001415430271628
30308.12117	0.0001467665813182
30321.63348	0.000149620112572
30335.1458	0.0001522917341138
30348.65811	0.0001563798266476
30362.170430000002	0.0001623958111745
30375.682740000004	0.0001696473951177
30389.195060000002	0.0001730951252535
30402.707369999996	0.000180650570355
30416.21968	0.0001855582362395
30429.732	0.0001957715394851
30443.244310000002	0.0002035439162419
30456.75663	0.0002159132317215
30470.26894	0.0002271630799431
30483.78126	0.0002414650441762
30497.293570000005	0.0002517774126116
30510.80589	0.0002642963694918
30524.318199999998	0.0002788665222074
30537.83051	0.0002953356717473
30551.342829999998	0.0003121413634841
30564.85514	0.000326949918078
30578.36746	0.0003437129753922
30591.87977	0.0003634542806416
30605.392089999998	0.0003855129952165
30618.9044	0.000407174159691
30632.41671	0.0004328118810063
30645.929030000003	0.0004596820091583
30659.44134	0.0004884313868968
30672.95366	0.0005133965855315
30686.465969999997	0.0005425719410857
30699.97829	0.0005688762258042
30713.4906	0.0006017499890383
30727.00292	0.0006354529006277
30740.51523	0.0006724604864881
30754.027540000003	0.0007063162835044
30767.539860000004	0.0007492485722284
30781.052169999995	0.0007896177821546
30794.564489999997	0.0008348790034586
30808.0768	0.0008803029031597
30821.589119999997	0.0009290203495066
30835.10143	0.0009758010210071
30848.61374	0.0010337345584875
30862.126060000002	0.0010920261137466
30875.638370000004	0.0011533354816524
30889.15069	0.0012140169080437
30902.662999999997	0.0012844775312504
30916.175320000002	0.0013580675610873
30929.68763	0.0014400065036386
30943.199950000002	0.0015218563449817
30956.71226	0.0016111557884071
30970.22457	0.0017081526957005
30983.736890000004	0.0018179200377945
30997.249200000002	0.0019401863729085
31010.76152	0.0020704567139072
31024.273830000002	0.002202011172064
31037.78615	0.0023507290858517
31051.298459999998	0.0025125766154592
31064.81078	0.0026857839691672
31078.323089999998	0.0028793229865463
31091.8354	0.0030952324749817
31105.347719999998	0.0033311191471719
31118.86003	0.003588404782477
31132.37235	0.0038720963444566
31145.884660000003	0.0041949736874189
31159.39698	0.0045537296609615
31172.909289999996	0.0049519799242078
31186.421599999998	0.0053889755847513
31199.93392	0.0058750430991849
31213.44623	0.0064228156900287
31226.95855	0.0070356392399039
31240.47086	0.007720720630785
31253.98318	0.0084911980234678
31267.495489999998	0.0093540321786497
31281.007810000003	0.0103258049813022
31294.520119999997	0.0114119657366828
31308.03243	0.012635178484568
31321.544749999997	0.0140217888984863
31335.05706	0.0155844941111217
31348.56938	0.0173417882910874
31362.081690000003	0.0193354545046629
31375.594009999997	0.0215764186008961
31389.10632	0.0241112037685304
31402.61863	0.026970749743966
31416.130950000002	0.03019118271567
31429.64326	0.033811284879097
31443.15558	0.0378946266686773
31456.667889999997	0.0424523364521395
31470.180210000002	0.0475502637980719
31483.69252	0.0531943488925352
31497.20484	0.0594492671774228
31510.71715	0.0663098412073641
31524.229460000002	0.0737980635597799
31537.74178	0.0818995172012744
31551.254090000002	0.0906054398711787
31564.766409999997	0.0998718596677193
31578.27872	0.109593191255122
31591.791039999996	0.1197565531451665
31605.30335	0.1302343085656648
31618.81566	0.1409322755618528
31632.327980000002	0.1518658690917344
31645.840289999996	0.1627630082683364
31659.35261	0.1737474568903761
31672.86492	0.1846830500969934
31686.37724	0.1955319478492911
31699.88955	0.2063550628989565
31713.40187	0.217024371537322
31726.91418	0.2276544130527411
31740.42649	0.2382119679778397
31753.938810000003	0.2486637839967437
31767.451119999998	0.2591036180027736
31780.96344	0.2693963024580657
31794.47575	0.2796209648187907
31807.98807	0.2897387234553686
31821.50038	0.299664640673372
31835.012700000003	0.3094635019508401
31848.52501	0.3190067428165225
31862.03732	0.3283127327344696
31875.549639999997	0.3373869971817326
31889.06195	0.3460839613353172
31902.57427	0.3544917639851533
31916.086580000003	0.3625602123872179
31929.5989	0.3702341224856993
31943.111210000003	0.377583417182299
31956.623519999997	0.3845248416221233
31970.13584	0.3911059557911034
31983.648149999997	0.3973600875384109
31997.16047	0.4031956825330807
32010.67278	0.4087258868315129
32024.185100000002	0.4139224222848636
32037.69741	0.4187556878074722
32051.209730000002	0.4233054761496905
32064.72204	0.4275476662420606
32078.23435	0.4314944731230553
32091.74667	0.4351921523749375
32105.258980000002	0.4385983635758749
32118.7713	0.4417654681444021
32132.283610000002	0.4447277944806705
32145.79593	0.4474402515048628
32159.30824	0.449973250965466
32172.82055	0.4522977348751014
32186.332870000002	0.4544306723048767
32199.845180000004	0.4564025721045752
32213.357500000002	0.4582280560797585
32226.86981	0.4599100978336764
32240.382129999995	0.461455020755415
32253.894439999996	0.4628762618909705
32267.406759999998	0.464161993112947
32280.91907	0.4653246941085339
32294.43138	0.4664194044764227
32307.9437	0.4674182872772463
32321.45601	0.4682943584635676
32334.96833	0.4691300042327403
32348.480639999998	0.4698889517001231
32361.992959999996	0.4705596649249529
32375.505269999998	0.471191432371733
32389.01759	0.4717721119321294
32402.5299	0.4722406267506431
32416.04221	0.4727169275866745
32429.55453	0.473146002473725
32443.06684	0.4734888743610504
32456.579160000005	0.4738496802553689
32470.091470000003	0.4741083003193875
32483.60379	0.4743922191617619
32497.1161	0.4746204546926621
32510.62841	0.4747655875567942
32524.14073	0.4749672875559526
32537.653039999997	0.475167343865491
32551.16536	0.4752703037587442
32564.67767	0.4754344700226739
32578.18999	0.4755772658310622
32591.7023	0.4756573804787562
32605.214620000002	0.4757990363069297
32618.72693	0.4759271401888352
32632.23924	0.4759788206504391
32645.751559999997	0.4760930028122615
32659.26387	0.4762172844957671
32672.77619	0.4762774077899221
32686.288500000002	0.4764163240999814
32699.80082	0.4765559610853676
32713.313130000002	0.4766549795939324
32726.825439999997	0.4768050190838102
32740.33776	0.476908630748199
32753.850069999997	0.4770780054065865
32767.36239	0.4772657112030809
32780.8747	0.4774261590240389
32794.38702	0.4776406239709666
32807.89933	0.4778640317659534
32821.41165	0.4780509483156765
32834.92396	0.4782810209331786
32848.436270000006	0.4785088888974004
32861.94859	0.4787455504381964
32875.460900000005	0.4789987457601889
32888.97322	0.4792584516420916
32902.48553	0.4795239431238344
32915.99785	0.4797983471307918
32929.51016	0.4800740163893311
32943.02247	0.480357194196884
32956.534790000005	0.480625253451325
32970.047099999996	0.4809119026589471
32983.559420000005	0.4811871588846921
32997.071729999996	0.4814421660044693
33010.58405	0.4817318304367203
33024.096359999996	0.4819672306228774
33037.60868	0.4822063965521698
33051.12099	0.4825133746002332
33064.6333	0.4827317482306618
33078.145619999996	0.4829457905844466
33091.65793	0.4832343274599159
33105.170249999996	0.4834376519128718
33118.68256	0.4836362924410077
33132.19488	0.4839552119733773
33145.70719	0.4841568369503997
33159.21951	0.484350436581603
33172.73182	0.4846732728528269
33186.24413	0.4848594870011576
33199.75645	0.485046956302552
33213.26876	0.485357730281787
33226.78108	0.4855355742483846
33240.29339	0.4858796768104351
33253.80571	0.4860844190287496
33267.31802	0.4863022225741084
33280.83033	0.486690961690441
33294.34265	0.4869121533910144
33307.85496	0.487129340178639
33321.36728	0.487523738322702
33334.879590000004	0.4877697718775929
33348.39191	0.488043573534188
33361.904220000004	0.488498562619141
33375.41654	0.4887879280480398
33388.928850000004	0.489096124637016
33402.44116	0.4895918293706367
33415.95348	0.4899233190803032
33429.46579	0.4902470750775674
33442.978110000004	0.49077528702712
33456.490419999995	0.4911415673567369
33470.00274	0.4917071262391429
33483.51505	0.4920992903453188
33497.02736	0.4924937770274381
33510.53968	0.4930772843371029
33524.05199	0.4934743832261169
33537.56431	0.493881505600073
33551.07662	0.4944563274569241
33564.588939999994	0.4948501012440265
33578.10125	0.4952446882771263
33591.61357	0.4958114094606154
33605.12588	0.4962140602341578
33618.638190000005	0.4965990445029123
33632.15051	0.4971312631030329
33645.66282	0.4974794822276035
33659.17514000001	0.4978152674342219
33672.68745	0.4982966354336472
33686.19977	0.4986109738419042
33699.71208	0.4989177418426221
33713.22439	0.4993552248526677
33726.73671	0.499635382372754
33740.24902	0.5000273827153155
33753.761340000005	0.5002660712176671
33767.27365	0.5004896337119761
33780.78597	0.5008246933038435
33794.298279999995	0.5010307724553642
33807.8106	0.5012318977340703
33821.32291	0.5015476354312255
33834.83522	0.5017508532949735
33848.34754	0.5019603763606868
33861.85985	0.5022609233389006
33875.37217	0.5024499425936175
33888.88448	0.5026430585123258
33902.3968	0.5029199512502107
33915.90911	0.5031164808901902
33929.42143	0.5033175969040149
33942.93373999999	0.5036020985183876
33956.44605	0.5038103971498863
33969.95837	0.5040133313814237
33983.47068	0.5042925875576718
33996.983	0.5045103062634224
34010.49531	0.5048214907884214
34024.00763	0.5050817817093429
34037.519940000006	0.5053509593128733
34051.03225	0.5056970833190604
34064.54457	0.5059960552342228
34078.05688	0.506319847759512
34091.5692	0.5067118129533515
34105.08151	0.5070588795819082
34118.59383	0.5074218583741369
34132.10614	0.5078426332698577
34145.61846	0.5082196857838088
34159.13077	0.5085950127611364
34172.643079999994	0.5090242442356496
34186.155399999996	0.5094087568639136
34199.66771	0.5097849082770577
34213.180029999996	0.5102058986247964
34226.69234	0.5105686820011718
34240.20466	0.5109671056840183
34253.71697	0.5112950610990238
34267.22928	0.5116035414115068
34280.7416	0.5119630949137127
34294.25391	0.51225618663694
34307.76623	0.5125531066094513
34321.27854	0.5129298880087158
34334.79086	0.5132383738080714
34348.30317	0.5134744970689159
34361.81549	0.5136598110532895
34375.3278	0.5136973507314663
34388.840110000005	0.5137100879394291
34402.35243	0.5137695574226151
34415.864740000005	0.5137469833244129
34429.377060000006	0.5137042812261113
34442.88937	0.5137110360055832
34456.40169	0.5136327725784828
34469.914	0.5135260886522267
34483.42631	0.5134850229208072
34496.93863	0.513367403033653
34510.45094	0.5133293011382658
34523.963260000004	0.5132189998622548
34537.475569999995	0.5131137795012187
34550.98789	0.513119816530722
34564.5002	0.5130735524277353
34578.012520000004	0.5130629558235192
34591.52483	0.5131848248276822
34605.03714	0.5132534918885301
34618.54946	0.5133828478107458
34632.06177	0.5136684007820929
34645.57409	0.5139211322641883
34659.0864	0.5142493138666291
34672.59872	0.5147448314809122
34686.11103	0.515219914880876
34699.62335	0.5157671449759526
34713.13566	0.5164913477488882
34726.64797	0.5171953922315767
34740.16029	0.518059873501482
34753.6726	0.5188834167290142
34767.18492	0.5197551358723014
34780.69723	0.5207737437499924
34794.20955	0.5217242280045594
34807.721860000005	0.5226828815175844
34821.234169999996	0.523749832013637
34834.746490000005	0.5246672482081978
34848.258799999996	0.5255166154465682
34861.77112	0.5263778839663811
34875.28343	0.5269905499278699
34888.79575	0.5274416679429412
34902.30806	0.5277507309413897
34915.820380000005	0.5276900621867912
34929.332689999996	0.5273434085371452
34942.845	0.5267476333272498
34956.35732	0.5256825310922912
34969.86963	0.5241712985123321
34983.381949999995	0.5222601976986436
34996.89426	0.5196979382332612
35010.40658	0.5166375847168879
35023.91889	0.5128997054766125
35037.4312	0.5085329444673097
35050.94352	0.5035842375532442
35064.45583	0.4979062108359238
35077.96815	0.4915341972344785
35091.48046	0.484478595904131
35104.99278	0.4766750873925451
35118.50509	0.4682040590934323
35132.01741	0.4592125819246189
35145.52972	0.4496205954744681
35159.04203	0.4395841275336469
35172.55435	0.4292261574375063
35186.066660000004	0.4183847685278967
35199.57898	0.4071690742607131
35213.091290000004	0.395687911013473
35226.60361	0.3839314274776119
35240.11592	0.3720586735315465
35253.62824	0.3600472132493074
35267.14055	0.3480277947782454
35280.65286	0.3360634874958152
35294.16518	0.3241247507451704
35307.677489999995	0.3123484151482049
35321.18981	0.300787300703041
35334.70212	0.289424682901842
35348.21444	0.2783219057705747
35361.72675	0.2675210883187667
35375.23906	0.2570174581359176
35388.75138	0.2468176072422577
35402.26369	0.2369678283460879
35415.776009999994	0.2274492453368363
35429.28832	0.2182613198611235
35442.80064	0.2094461010569778
35456.31295	0.2009516736602497
35469.82527	0.1927906397132303
35483.33758	0.1849786356107442
35496.84989	0.1774564201502307
35510.36221	0.1702654966489433
35523.87452	0.1633592457388381
35537.38684	0.1567240793380725
35550.89915	0.1503828757935677
35564.41147	0.1442809213785516
35577.923780000005	0.1384283669121839
35591.43609	0.1328250975330134
35604.948410000005	0.1274251450805969
35618.460719999995	0.1222435761050958
35631.97304	0.1172573547165147
35645.485349999995	0.1124416293768119
35658.99767	0.1078118800059223
35672.50998	0.1033438093109369
35686.022300000004	0.0990324648729364
35699.53461	0.0948703123910228
35713.04692	0.0908466142971188
35726.55924	0.086956392782112
35740.07155	0.083192627867451
35753.58387	0.0795484172731595
35767.09618	0.0760289262371694
35780.6085	0.0726123641184826
35794.12081	0.0693042891993591
35807.63312	0.0660977818390069
35821.14544	0.0629969784209991
35834.65775	0.0600055285563767
35848.17007	0.0571071933135483
35861.682380000006	0.0543124161785612
35875.1947	0.0516124700784387
35888.70701	0.0490024607099964
35902.21932999999	0.0465021336784146
35915.73164	0.0440894584613739
35929.24395	0.0417687706397994
35942.75627	0.0395549781274237
35956.26858	0.0374200732684175
35969.7809	0.0353823547661424
35983.29321	0.0334436542085394
35996.80553	0.0315827635879346
36010.317839999996	0.0298172724646963
36023.83016	0.0281320260765694
36037.342469999996	0.0265315054947982
36050.85478	0.0250202681146162
36064.3671	0.0235782608745793
36077.87941	0.0222202885486079
36091.39173	0.0209415257725717
36104.90404	0.0197215034675939
36118.416359999996	0.0185804796980323
36131.92867	0.0175065659470347
36145.44098	0.0164929261907001
36158.9533	0.0155449732796401
36172.46561	0.014649355953428
36185.97793	0.0138105570968989
36199.49024	0.0130246839043333
36213.00256	0.012280514529611
36226.51487	0.0115861961360996
36240.02719	0.0109347272086803
36253.5395	0.0103235314917704
36267.051810000004	0.0097593304724458
36280.56413	0.0092196344278979
36294.07644	0.0087121864074616
36307.58876	0.0082454846564111
36321.10107	0.007802871865092
36334.61339	0.0073924350708404
36348.1257	0.007007712919601
36361.63801	0.0066406484192854
36375.150330000004	0.0062989806839007
36388.662639999995	0.0059779341214877
36402.17496	0.0056826930744645
36415.68727	0.0054099218552839
36429.19959	0.0051432613561168
36442.7119	0.0048946939691375
36456.224220000004	0.0046649628896324
36469.73653	0.0044443635183441
36483.24884	0.004242320917476
36496.76116	0.0040489809709602
36510.27347	0.0038632479232881
36523.78579	0.0036967463614273
36537.2981	0.0035347258016919
36550.81042	0.0033832451727773
36564.32273	0.0032459469615032
36577.835040000005	0.003108286288931
36591.34736	0.0029819361922558
36604.85967	0.0028676307751646
36618.37199	0.0027552544026374
36631.8843	0.0026515810721842
36645.39662	0.0025506013813453
36658.90893	0.0024521770874409
36672.42125	0.002364647949777
36685.933560000005	0.002278382987352
36699.445869999996	0.0021969539240579
36712.95819	0.0021246371235472
36726.4705	0.0020502473230467
36739.98282	0.0019801108958576
36753.49513	0.0019149816092492
36767.007450000005	0.0018486449113805
36780.519759999996	0.0017915435890566
36794.032080000004	0.001737867184796
36807.54439	0.0016826118029638
36821.0567	0.0016352400656152
36834.56902	0.0015868571966352
36848.08133	0.0015399593726124
36861.59365	0.0015012750416349
36875.10596	0.0014536573907847
36888.618279999995	0.0014057186675957
36902.13059	0.0013681891197655
36915.6429	0.0013307733009616
36929.15522	0.0012972094137428
36942.66753	0.0012657308762447
36956.17985	0.0012300479593337
36969.69216	0.0011989629242412
36983.20448	0.0011682495443342
36996.71679	0.0011339020796917
37010.22911	0.0011044968714385
37023.74142	0.0010751910860411
37037.253730000004	0.0010451348018062
37050.76605	0.0010195018596898
37064.278360000004	0.0009925532934069
37077.79068	0.0009665851904104
37091.30299	0.0009429516910067
37104.81531	0.0009148968787037
37118.32762	0.0008878149756392
37131.83993	0.0008628024702219
37145.35225	0.0008358811637557
37158.864559999995	0.0008137767603681
37172.37688	0.0007938466254306
37185.88919	0.0007706419882558
37199.401509999996	0.0007492104888756
37212.91382	0.0007278877645805
37226.42614	0.0007063826012463
37239.93845	0.0006865083001115
37253.45076	0.0006626373840159
37266.96308	0.000639251336276
37280.47539	0.0006200719579004
37293.98771	0.0005978982113535
37307.50002	0.0005766550423078
37321.01234	0.0005579125496607
37334.52465	0.0005360152888123
37348.036960000005	0.0005168901323438
37361.54928	0.0004992321581911
37375.06159	0.0004778172507281
37388.57391	0.0004605111088166
37402.08622	0.0004443394270498
37415.59854	0.0004233744104484
37429.11085	0.0004048755330122
37442.62317	0.0003873656844737
37456.135480000004	0.0003692149514162
37469.647789999995	0.0003551452836786
37483.16011	0.000338785439905
37496.67242	0.0003207667064662
37510.18474	0.0003081167139187
37523.69705	0.0002943606300639
37537.209370000004	0.0002798453813359
37550.72168	0.0002688177884704
37564.234000000004	0.000254005955341
37577.74631	0.0002385455064221
37591.25862	0.0002285754397756
37604.77094	0.0002173311571572
37618.28325	0.0002057275915385
37631.79557	0.0001966845555669
37645.30788	0.0001861448851706
37658.8202	0.0001774092130402
37672.33251	0.0001707967117064
37685.84482	0.0001604859979967
37699.35714	0.0001511627243609
37712.86945	0.0001451847672312
37726.38177	0.0001378864730437
37739.89408	0.0001323554719839
37753.4064	0.0001284973340807
37766.91871	0.0001215464695177
37780.43103	0.0001154288605226
37793.94334	0.0001082802627604
37807.45565	0.0001008623724857
37820.96797	9.792170864981014e-05
37834.48028	9.72677264521563e-05
37847.992600000005	9.388546906549002e-05
37861.504909999996	9.107130662205164e-05
37875.01723	8.826480848283619e-05
37888.52954	8.304023338999672e-05
37902.04185	8.051828435053928e-05
37915.55417	7.856923121944588e-05
37929.06648	7.304637138829753e-05
37942.5788	7.040796754624278e-05
37956.09111	7.006844840093637e-05
37969.603429999996	6.765013904206559e-05
37983.11574	6.8932273562457e-05
37996.62806	7.051950318323285e-05
38010.14037	6.712188541313355e-05
38023.65268	6.595176521003639e-05
38037.165	6.492257383338081e-05
38050.67731	6.255402081487326e-05
38064.18963	6.39382903254504e-05
38077.70194	6.24557327914708e-05
38091.21426	5.7251427398387086e-05
38104.72657	5.662835086838292e-05
38118.23889	5.63958294400502e-05
38131.7512	5.390850925502584e-05
38145.26351	5.2522321585524536e-05
38158.77583	5.0627576681035066e-05
38172.28814	4.833720566291163e-05
38185.80046	4.7923078587288e-05
38199.31277	4.74675886353333e-05
38212.82509	4.641807579079187e-05
38226.337400000004	4.648313049980716e-05
38239.849709999995	4.759860437021379e-05
38253.36203	4.780270350356927e-05
38266.87434	4.962117723495285e-05
38280.38666	5.109031699703675e-05
38293.89897	5.0086820796706394e-05
38307.411290000004	4.9629733907395565e-05
38320.9236	4.9158410302776326e-05
38334.43592	4.788660120887532e-05
38347.94823	5.018381709298884e-05
38361.46054	5.045386714037198e-05
38374.97286	4.491678142507214e-05
38388.48517	4.215978257856486e-05
38401.99749	4.199926863836774e-05
38415.5098	4.121935854035932e-05
38429.02212	4.362383416334101e-05
38442.53443	4.292194704756066e-05
38456.04674	3.928981326645274e-05
38469.55906	3.863405429141814e-05
38483.07137	3.792671685473221e-05
38496.58369	3.700820048931324e-05
38510.096	3.8454136762267765e-05
38523.60832	4.03673783729455e-05
38537.120630000005	3.6987193091943385e-05
38550.63295	3.6599529337834815e-05
38564.14526	3.846703930501603e-05
38577.65757	3.8631580639054066e-05
38591.16989	3.8216082618466343e-05
38604.6822	3.9054121103740035e-05
38618.194520000005	3.557283603558858e-05
38631.706829999996	3.569582321931709e-05
38645.219150000004	3.8785142713727285e-05
38658.73146	3.8401602053146656e-05
38672.24377	3.820450186411065e-05
38685.75609	3.898781914248821e-05
38699.2684	3.7599386780143134e-05
38712.78072	3.658988964913302e-05
38726.29303	3.654600643824464e-05
38739.805349999995	3.511122702821277e-05
38753.31766	3.471725975303486e-05
38766.82998	3.534426872875145e-05
38780.34229	3.328240892714142e-05
38793.8546	3.090599762227494e-05
38807.36692	3.340290456187233e-05
38820.87923	3.565271755055057e-05
38834.39155	3.471420879859016e-05
38847.90386	3.3823861295696315e-05
38861.41618	3.101583818916794e-05
38874.92849	2.786119209609604e-05
38888.44081	2.7278336682394507e-05
38901.95312	2.8746130449014796e-05
38915.465430000004	3.065034463590016e-05
38928.97775	3.4082450493226236e-05
38942.49006	3.817595004077066e-05
38956.00238	3.879933780200472e-05
38969.514689999996	3.8949812171318286e-05
38983.02701	3.801697337395831e-05
38996.53932	3.548315288388918e-05
39010.05163	0.0
39023.56394	0.0
