29889.239409999995	0.0
29902.751729999996	0.0
29916.264049999998	0.0001133932694872
29929.77637	0.000122126260463
29943.28868	0.0001315792938569
29956.801	0.0001409972298141
29970.31331	0.0001506735370425
29983.825620000003	0.0001615559687174
29997.337940000005	0.0001731814521411
30010.85025	0.0001858869807646
30024.362569999998	0.0001993039069414
30037.87488	0.0002131894441308
30051.387199999997	0.0002278253220246
30064.89951	0.0002439027892358
30078.41182	0.0002616005015041
30091.924140000003	0.0002803195432619
30105.43645	0.0002997869949586
30118.94877	0.0003206132702591
30132.461079999997	0.0003431057240572
30145.9734	0.0003671344288597
30159.48571	0.0003934136672471
30172.99803	0.0004207374867939
30186.51034	0.0004496321471364
30200.02265	0.0004805009975752
30213.53497	0.0005136360781382
30227.047280000003	0.0005485689273413
30240.5596	0.0005859870686821
30254.071910000002	0.0006259671312658
30267.584230000004	0.0006679286493312
30281.096539999995	0.0007132873127923
30294.60886	0.000762725030863
30308.12117	0.0008155154202106
30321.63348	0.000871792189562
30335.1458	0.000932533483435
30348.65811	0.0009975982953715
30362.170430000002	0.00106724054805
30375.682740000004	0.0011428090018018
30389.195060000002	0.0012244543910802
30402.707369999996	0.0013120442276278
30416.21968	0.0014070999203328
30429.732	0.0015097795616686
30443.244310000002	0.0016211078260611
30456.75663	0.0017418958695225
30470.26894	0.0018726191603573
30483.78126	0.002014389594326
30497.293570000005	0.0021682802185943
30510.80589	0.0023341789232841
30524.318199999998	0.0025151551895223
30537.83051	0.0027120463225048
30551.342829999998	0.0029257077465098
30564.85514	0.003159194104676
30578.36746	0.0034134497359546
30591.87977	0.0036899759057959
30605.392089999998	0.0039921211012888
30618.9044	0.0043217421791356
30632.41671	0.00468076575898
30645.929030000003	0.0050734021134272
30659.44134	0.0055015591723339
30672.95366	0.005968895169031
30686.465969999997	0.0064805555467645
30699.97829	0.007039982951006
30713.4906	0.0076517446815311
30727.00292	0.0083220852849597
30740.51523	0.0090557369817112
30754.027540000003	0.0098588590928697
30767.539860000004	0.0107375873448565
30781.052169999995	0.0117008094787557
30794.564489999997	0.0127543189317937
30808.0768	0.0139073185429987
30821.589119999997	0.0151707087597933
30835.10143	0.0165509013617796
30848.61374	0.0180604771080316
30862.126060000002	0.0197151239508559
30875.638370000004	0.0215192900026821
30889.15069	0.0234887564749534
30902.662999999997	0.0256445442152659
30916.175320000002	0.027990032029299
30929.68763	0.0305464451651642
30943.199950000002	0.0333396977371578
30956.71226	0.0363677377135335
30970.22457	0.0396710355412627
30983.736890000004	0.0432447231864575
30997.249200000002	0.0471192894165352
31010.76152	0.0513324295592009
31024.273830000002	0.055867281642039
31037.78615	0.0607607407267124
31051.298459999998	0.0660595018013244
31064.81078	0.0717313227949181
31078.323089999998	0.0778183943744352
31091.8354	0.0843692923490193
31105.347719999998	0.0913336592292068
31118.86003	0.0987554338169907
31132.37235	0.1066860569095157
31145.884660000003	0.11504694171792
31159.39698	0.1238738191707376
31172.909289999996	0.1332204632068006
31186.421599999998	0.1429642950148418
31199.93392	0.153145008373319
31213.44623	0.1637969058928977
31226.95855	0.1747697856168299
31240.47086	0.1861564856031276
31253.98318	0.1977768718581962
31267.495489999998	0.2096570666233082
31281.007810000003	0.2218119290137305
31294.520119999997	0.2340497468095373
31308.03243	0.2463759799063755
31321.544749999997	0.2588179518317114
31335.05706	0.2711526808007409
31348.56938	0.2833919918710502
31362.081690000003	0.29556726993208
31375.594009999997	0.3074325742652051
31389.10632	0.3190266891782612
31402.61863	0.3303549680080953
31416.130950000002	0.3412137127223709
31429.64326	0.351629369726158
31443.15558	0.3616201255379658
31456.667889999997	0.3710090346983722
31470.180210000002	0.3798888340002443
31483.69252	0.3881192693761746
31497.20484	0.3957448178558831
31510.71715	0.4028170483118664
31524.229460000002	0.4092236522149788
31537.74178	0.4150224520222036
31551.254090000002	0.4202931941661493
31564.766409999997	0.4249548305032751
31578.27872	0.4290933298830857
31591.791039999996	0.432780454183332
31605.30335	0.4359694810163015
31618.81566	0.4387471638416131
31632.327980000002	0.4411759631556453
31645.840289999996	0.4432474870066846
31659.35261	0.445024373396708
31672.86492	0.4465687010949121
31686.37724	0.4478692937773405
31699.88955	0.4489782952004256
31713.40187	0.4499385357185871
31726.91418	0.4507515382172049
31740.42649	0.4514615774349666
31753.938810000003	0.4520759631287692
31767.451119999998	0.4526173272395226
31780.96344	0.4531105981054386
31794.47575	0.4535556647665385
31807.98807	0.4539735956411493
31821.50038	0.4543708851500544
31835.012700000003	0.4547475250862041
31848.52501	0.4551102998265072
31862.03732	0.4554706544568585
31875.549639999997	0.4558246207341004
31889.06195	0.4561729290570182
31902.57427	0.4565178765804997
31916.086580000003	0.456856388931746
31929.5989	0.4571971397270036
31943.111210000003	0.4575412214874591
31956.623519999997	0.4578809367303157
31970.13584	0.4582194918596943
31983.648149999997	0.4585527143995507
31997.16047	0.4588823429463796
32010.67278	0.4592163959676774
32024.185100000002	0.4595388391029507
32037.69741	0.45985675940441
32051.209730000002	0.4601686538464005
32064.72204	0.4604735269816247
32078.23435	0.4607673371573972
32091.74667	0.4610552282010044
32105.258980000002	0.4613336732676287
32118.7713	0.4616098536138621
32132.283610000002	0.4618780686264973
32145.79593	0.4621445465636536
32159.30824	0.4624057816008374
32172.82055	0.4626595764786866
32186.332870000002	0.4629241380158971
32199.845180000004	0.4631896714400813
32213.357500000002	0.4634443113828044
32226.86981	0.4637068662266228
32240.382129999995	0.463954085544869
32253.894439999996	0.4642199675146337
32267.406759999998	0.4644930829316979
32280.91907	0.4647383503478997
32294.43138	0.4650113566684278
32307.9437	0.4652836117100817
32321.45601	0.4655286013730496
32334.96833	0.4658103983000252
32348.480639999998	0.4660987674591609
32361.992959999996	0.4663466254203849
32375.505269999998	0.46664025187449
32389.01759	0.4669409797654159
32402.5299	0.4671961118884196
32416.04221	0.4675073187148434
32429.55453	0.4678187457811815
32443.06684	0.468076611669724
32456.579160000005	0.4683864063342497
32470.091470000003	0.468634971791899
32483.60379	0.4689380045211659
32497.1161	0.469242628572006
32510.62841	0.4694753290307845
32524.14073	0.4697725210574495
32537.653039999997	0.4700662799734921
32551.16536	0.4702894202128568
32564.67767	0.4705855367924104
32578.18999	0.4708809952621563
32591.7023	0.4711063624085005
32605.214620000002	0.4713971351385175
32618.72693	0.471685007901204
32632.23924	0.4718949310074333
32645.751559999997	0.4721781726432952
32659.26387	0.472454532304868
32672.77619	0.4726641800180947
32686.288500000002	0.4729393393813695
32699.80082	0.473211943653322
32713.313130000002	0.4734235994274464
32726.825439999997	0.4737011717055956
32740.33776	0.4739283066523698
32753.850069999997	0.4742105591126297
32767.36239	0.4744965365279321
32780.8747	0.4747351182699499
32794.38702	0.4750274464687294
32807.89933	0.4753219423715603
32821.41165	0.4755932517827664
32834.92396	0.4758999109181868
32848.436270000006	0.4762101844496543
32861.94859	0.4765101515847281
32875.460900000005	0.4768352264391939
32888.97322	0.4771716539822458
32902.48553	0.4775143212606704
32915.99785	0.4778707503850746
32929.51016	0.4782306910671908
32943.02247	0.4786233208703987
32956.534790000005	0.4790057416000969
32970.047099999996	0.4794300859255977
32983.559420000005	0.479828639999604
32997.071729999996	0.4802314777027172
33010.58405	0.4806964118637568
33024.096359999996	0.4811135720480883
33037.60868	0.4815389674274879
33051.12099	0.4820391284426311
33064.6333	0.4824792955588095
33078.145619999996	0.48292457431236
33091.65793	0.4834734609185766
33105.170249999996	0.4839369890357616
33118.68256	0.4844038769161918
33132.19488	0.4849910647131813
33145.70719	0.4854698669519307
33159.21951	0.4859519518466976
33172.73182	0.4865588300654835
33186.24413	0.4870381137863416
33199.75645	0.4875107122990978
33213.26876	0.4881287856843787
33226.78108	0.4885987420357341
33240.29339	0.4892205254255553
33253.80571	0.4896832290622417
33267.31802	0.490137099645352
33280.83033	0.4907607125060475
33294.34265	0.491208582412224
33307.85496	0.4916558840095784
33321.36728	0.4922509688190631
33334.879590000004	0.4926726368279851
33348.39191	0.4930879409399198
33361.904220000004	0.4936730010790048
33375.41654	0.4940809378335891
33388.928850000004	0.4944786437562938
33402.44116	0.4950548980242983
33415.95348	0.4954396240865129
33429.46579	0.4958202284449698
33442.978110000004	0.4963801908393316
33456.490419999995	0.4967489367546212
33470.00274	0.4972981508719201
33483.51505	0.4976527371623014
33497.02736	0.4980086147937251
33510.53968	0.4985418192272528
33524.05199	0.4988889875299647
33537.56431	0.4992308214787064
33551.07662	0.4997483806100097
33564.588939999994	0.5000849290689915
33578.10125	0.5004191972565745
33591.61357	0.5009285586633149
33605.12588	0.5012565603223149
33618.638190000005	0.5015868289729859
33632.15051	0.5020810057613813
33645.66282	0.5024093715933315
33659.17514000001	0.5027408456518156
33672.68745	0.5032273156468644
33686.19977	0.5035605718882387
33699.71208	0.5038948664266325
33713.22439	0.5043821146044567
33726.73671	0.5047237140239197
33740.24902	0.5052056983446784
33753.761340000005	0.5055531734818103
33767.27365	0.5059018567327671
33780.78597	0.506383247965926
33794.298279999995	0.5067403638685897
33807.8106	0.5071061237769299
33821.32291	0.5075882408938321
33834.83522	0.5079602430944112
33848.34754	0.508336960752676
33861.85985	0.5088153458100793
33875.37217	0.5091968937589585
33888.88448	0.5095750154429374
33902.3968	0.5100419368564832
33915.90911	0.5104112707807532
33929.42143	0.5107744500573874
33942.93373999999	0.5112123556484325
33956.44605	0.511558793896624
33969.95837	0.511901560324858
33983.47068	0.5123040685999943
33996.983	0.512628002294359
34010.49531	0.5130101596934646
34024.00763	0.5133185605082189
34037.519940000006	0.5136235323905186
34051.03225	0.5139794554216746
34064.54457	0.5142741807347269
34078.05688	0.5145610510770091
34091.5692	0.5148957773013829
34105.08151	0.5151705294754563
34118.59383	0.5154364293695642
34132.10614	0.5157486098145113
34145.61846	0.5160003115992292
34159.13077	0.5162479918323046
34172.643079999994	0.5165384273244572
34186.155399999996	0.5167732882554544
34199.66771	0.5170044595331904
34213.180029999996	0.5172772598092287
34226.69234	0.5174990450871986
34240.20466	0.5177646893448618
34253.71697	0.51797826345458
34267.22928	0.5181914432137861
34280.7416	0.5184562305782269
34294.25391	0.5186722020640875
34307.76623	0.5188832059239774
34321.27854	0.5191453987769836
34334.79086	0.5193408287931405
34348.30317	0.5195269650388818
34361.81549	0.5197695563696078
34375.3278	0.5199415587681281
34388.840110000005	0.5201086305712291
34402.35243	0.5203350580028299
34415.864740000005	0.5204941231272739
34429.377060000006	0.5206562965157987
34442.88937	0.5208933587229875
34456.40169	0.5210668532284983
34469.914	0.5212416202115728
34483.42631	0.5214974282854334
34496.93863	0.5216770683029918
34510.45094	0.5219391149938538
34523.963260000004	0.5221248363874778
34537.475569999995	0.5223120187390374
34550.98789	0.5225934839082199
34564.5002	0.522790380730924
34578.012520000004	0.5229886050362791
34591.52483	0.5232858455858265
34605.03714	0.5234909315037501
34618.54946	0.5236999973241441
34632.06177	0.5240089932807369
34645.57409	0.5242228913517928
34659.0864	0.524440166876599
34672.59872	0.5247586304683916
34686.11103	0.5249795949224219
34699.62335	0.5252010574157642
34713.13566	0.5255284477395822
34726.64797	0.5257550686828485
34740.16029	0.5260874354335408
34753.6726	0.5263204405561093
34767.18492	0.5265568025633216
34780.69723	0.5269017798634525
34794.20955	0.5271445790243618
34807.721860000005	0.5273883141662374
34821.234169999996	0.5277409444451903
34834.746490000005	0.5279877285880601
34848.258799999996	0.5282334708703964
34861.77112	0.528582015479057
34875.28343	0.5288226049086987
34888.79575	0.5290631870137524
34902.30806	0.5294009933422561
34915.820380000005	0.5296351728834601
34929.332689999996	0.5298681779115164
34942.845	0.5301931064400616
34956.35732	0.5304196632721028
34969.86963	0.5306419181674238
34983.381949999995	0.5309533014749364
34996.89426	0.5311735476110975
35010.40658	0.5314840223170341
35023.91889	0.5317075487615731
35037.4312	0.5319282220412855
35050.94352	0.5322299492799152
35064.45583	0.532444737706492
35077.96815	0.532656728745837
35091.48046	0.5329478761117791
35104.99278	0.5331635845127369
35118.50509	0.5333798634953473
35132.01741	0.5336614100000887
35145.52972	0.5338628260823354
35159.04203	0.5340611633573722
35172.55435	0.5343191006364143
35186.066660000004	0.5345109889441813
35199.57898	0.5346972598568598
35213.091290000004	0.5349249005654009
35226.60361	0.5350880831486191
35240.11592	0.5352983182938666
35253.62824	0.5354599277496234
35267.14055	0.5356246708508907
35280.65286	0.5358301848694134
35294.16518	0.535992201739349
35307.677489999995	0.5361552889988171
35321.18981	0.5363872653318502
35334.70212	0.5365679986294868
35348.21444	0.5367486788229321
35361.72675	0.5369770054816768
35375.23906	0.5371589161281629
35388.75138	0.5373404593474878
35402.26369	0.5375658554432277
35415.776009999994	0.5377497136254372
35429.28832	0.5379357017357722
35442.80064	0.5381643456950526
35456.31295	0.538356467761103
35469.82527	0.5385519349040406
35483.33758	0.5387855301297776
35496.84989	0.5389837321946462
35510.36221	0.5392200168526149
35523.87452	0.5394246408730916
35537.38684	0.5396337725432285
35550.89915	0.5398805307520664
35564.41147	0.5400958597264065
35577.923780000005	0.540316095157884
35591.43609	0.5405733946310122
35604.948410000005	0.5408013537809792
35618.460719999995	0.5410329387365116
35631.97304	0.5413005071245682
35645.485349999995	0.541536315158645
35658.99767	0.5417752828715438
35672.50998	0.5420546122398454
35686.022300000004	0.5423015879724178
35699.53461	0.5425515017367573
35713.04692	0.5428442952637166
35726.55924	0.5431000834127231
35740.07155	0.5433985421330586
35753.58387	0.5436573838991344
35767.09618	0.5439173403387482
35780.6085	0.5442231034948752
35794.12081	0.5444843448688115
35807.63312	0.5447458907422305
35821.14544	0.5450581897720992
35834.65775	0.5453225406382473
35848.17007	0.5455881795532554
35861.682380000006	0.5459077348392575
35875.1947	0.5461721721928485
35888.70701	0.5464347161242445
35902.21932999999	0.5467553856842869
35915.73164	0.5470183394030541
35929.24395	0.5472810355564557
35942.75627	0.5476056659906599
35956.26858	0.5478682074921966
35969.7809	0.5481308727859961
35983.29321	0.5484611283009857
35996.80553	0.5487279565791581
36010.317839999996	0.54903764796982
36023.83016	0.54927777416962
36037.342469999996	0.549516706405172
36050.85478	0.5498017414442775
36064.3671	0.5500403496070748
36077.87941	0.5502793359039768
36091.39173	0.550567250682753
36104.90404	0.5508053009453081
36118.416359999996	0.5510425173469281
36131.92867	0.551330438632293
36145.44098	0.5515669910485066
36158.9533	0.5518030287789468
36172.46561	0.5520919760907022
36185.97793	0.5523278405300356
36199.49024	0.5525630376815261
36213.00256	0.5528518127129933
36226.51487	0.5530891169311702
36240.02719	0.5533813874262412
36253.5395	0.5536205048361946
36267.051810000004	0.5538601689047721
36280.56413	0.5541521297136531
36294.07644	0.5543896985922347
36307.58876	0.5546268942696426
36321.10107	0.5549153842567625
36334.61339	0.5551502131309958
36348.1257	0.5553850215164371
36361.63801	0.5556733409567058
36375.150330000004	0.5559111703785229
36388.662639999995	0.5561496638316432
36402.17496	0.5564384180250579
36415.68727	0.5566765591148805
36429.19959	0.5569145219020094
36442.7119	0.5571992384473412
36456.224220000004	0.5574356959564435
36469.73653	0.5576708643100232
36483.24884	0.5579499970038451
36496.76116	0.5581849752586291
36510.27347	0.5584607708831604
36523.78579	0.5586918395290994
36537.2981	0.5589221497423698
36550.81042	0.5591889609062819
36564.32273	0.5594143029192957
36577.835040000005	0.5596388084477907
36591.34736	0.5598950980765474
36604.85967	0.5601116638214989
36618.37199	0.5603270637887677
36631.8843	0.5605734931919577
36645.39662	0.5607859311017767
36658.90893	0.560996064562066
36672.42125	0.5612322014995921
36685.933560000005	0.5614355651818516
36699.445869999996	0.5616355578905967
36712.95819	0.5618588494014722
36726.4705	0.5620516892370937
36739.98282	0.5622403297882403
36753.49513	0.5624503790975923
36767.007450000005	0.5626331272093652
36780.519759999996	0.562835257165152
36794.032080000004	0.5630137674574993
36807.54439	0.563189584352203
36821.0567	0.563384186652045
36834.56902	0.5635575415704364
36848.08133	0.5637272327865381
36861.59365	0.5639129123174799
36875.10596	0.5640780198556161
36888.618279999995	0.5642410416106245
36902.13059	0.5644222000926169
36915.6429	0.5645856817046022
36929.15522	0.5647468045458446
36942.66753	0.5649249943148837
36956.17985	0.5650850716411225
36969.69216	0.5652441896264486
36983.20448	0.5654217846669269
36996.71679	0.5655795003881161
37010.22911	0.5657530730215825
37023.74142	0.5659069210198733
37037.253730000004	0.566060586550942
37050.76605	0.5662354460153127
37064.278360000004	0.5663926442166881
37077.79068	0.5665500491164749
37091.30299	0.5667292900623291
37104.81531	0.5668887451105147
37118.32762	0.5670483442869192
37131.83993	0.5672320873315926
37145.35225	0.5673927217556378
37158.864559999995	0.5675510286546263
37172.37688	0.5677343686083851
37185.88919	0.5678931806407089
37199.401509999996	0.5680523168781344
37212.91382	0.568240766890163
37226.42614	0.568402654544022
37239.93845	0.5685641171931576
37253.45076	0.5687559250980666
37266.96308	0.5689177605223392
37280.47539	0.5691101995928072
37293.98771	0.5692714108896337
37307.50002	0.5694301435529869
37321.01234	0.5696212114657077
37334.52465	0.5697782561088709
37348.036960000005	0.5699320584609395
37361.54928	0.5701195700554756
37375.06159	0.5702690895128104
37388.57391	0.5704127432374894
37402.08622	0.5705892394376424
37415.59854	0.5707232359005072
37429.11085	0.5708497089523183
37442.62317	0.5710091894583292
37456.135480000004	0.57112356553189
37469.647789999995	0.5712305563977276
37483.16011	0.5713723089778182
37496.67242	0.5714684135788779
37510.18474	0.5715981602245274
37523.69705	0.5716817860500123
37537.209370000004	0.5717571003379457
37550.72168	0.5718641655949908
37564.234000000004	0.5719230227713136
37577.74631	0.5719721609010773
37591.25862	0.5720521683186268
37604.77094	0.5720836626651473
37618.28325	0.5721051830189432
37631.79557	0.5721578828426928
37645.30788	0.5721652076933165
37658.8202	0.5721647631344462
37672.33251	0.5721955297288768
37685.84482	0.5721828572231769
37699.35714	0.5721619931242234
37712.86945	0.5721692577217972
37726.38177	0.5721343139552408
37739.89408	0.5720912706344717
37753.4064	0.5720747470720645
37766.91871	0.5720211821142773
37780.43103	0.57199294305404
37793.94334	0.5719320019788361
37807.45565	0.5718698999062539
37820.96797	0.5718315205177017
37834.48028	0.5717666559691867
37847.992600000005	0.5717027388208649
37861.504909999996	0.5716596760146921
37875.01723	0.5715948727733651
37888.52954	0.5715308945933902
37902.04185	0.5714844126274353
37915.55417	0.571424834545043
37929.06648	0.5713714359332032
37942.5788	0.5713360217223664
37956.09111	0.5712969907608161
37969.603429999996	0.5712656850007495
37983.11574	0.5712472028509998
37996.62806	0.571231028709178
38010.14037	0.5712258848069376
38023.65268	0.57122498402065
38037.165	0.5712353131289876
38050.67731	0.5712524490370119
38064.18963	0.571281423136521
38077.70194	0.5713256507044441
38091.21426	0.5713762248812828
38104.72657	0.5714482221486225
38118.23889	0.5715364518003376
38131.7512	0.5716237269217712
38145.26351	0.5717363932287134
38158.77583	0.5718633764586888
38172.28814	0.5719814691524512
38185.80046	0.5721269111600766
38199.31277	0.5722836776047218
38212.82509	0.5724262475316834
38226.337400000004	0.572603358459348
38239.849709999995	0.5727934899672515
38253.36203	0.5729643914648485
38266.87434	0.5731725557818521
38280.38666	0.5733576383607979
38293.89897	0.5735807077818569
38307.411290000004	0.5738071809699723
38320.9236	0.5740012856037349
38334.43592	0.5742315075660365
38347.94823	0.5744600652959118
38361.46054	0.5746476980242566
38374.97286	0.5748709294188117
38388.48517	0.5750900743525007
38401.99749	0.57526394391848
38415.5098	0.5754729078271839
38429.02212	0.5756707832987513
38442.53443	0.5758141055579664
38456.04674	0.5759888748187609
38469.55906	0.5761476953654545
38483.07137	0.5762474393160266
38496.58369	0.5763710753150498
38510.096	0.5764278757454366
38523.60832	0.5765098584527135
38537.120630000005	0.5765705715508381
38550.63295	0.5765625442570231
38564.14526	0.5765758597064355
38577.65757	0.5765623700130416
38591.16989	0.576475475286143
38604.6822	0.5764039448003447
38618.194520000005	0.5763010557884163
38631.706829999996	0.5761227567341158
38645.219150000004	0.5759555995433241
38658.73146	0.575756708366673
38672.24377	0.5754844661713359
38685.75609	0.5752226132869211
38699.2684	0.5749323369428463
38712.78072	0.5745748590605853
38726.29303	0.5742265336660815
38739.805349999995	0.5738490971159143
38753.31766	0.5734058731986285
38766.82998	0.5729663876170885
38780.34229	0.5724690834509472
38793.8546	0.5719734236614675
38807.36692	0.5714513970292381
38820.87923	0.5708800881599971
38834.39155	0.5703121213320229
38847.90386	0.5697250186662446
38861.41618	0.5691023585603839
38874.92849	0.5684856340660553
38888.44081	0.567853869861515
38901.95312	0.5671948823326431
38915.465430000004	0.5665390673479175
38928.97775	0.5658708269780139
38942.49006	0.5651840593504436
38956.00238	0.5644986260880109
38969.514689999996	0.563803260171702
38983.02701	0.5630973786904212
38996.53932	0.5623914898974376
39010.05163	0.5616794601716029
39023.56395	0.5609662042857182
39037.07626	0.5602484903063298
39050.588579999996	0.5595275458295964
39064.10089	0.558796293375363
39077.61321	0.5580567304161561
39091.12552	0.5573130622639779
39104.63784	0.5565457146955004
39118.15015	0.555760515876933
39131.66246	0.5549658068080263
39145.17478	0.5541307856103588
39158.68709	0.5532648327016323
39172.19941	0.5523800269980423
39185.71172	0.5514328666969018
39199.22404	0.5504357143341074
39212.73635	0.5494019013378683
39226.24866	0.5482740304295679
39239.76098	0.5470670878603563
39253.27329	0.5457963253557463
39266.78561	0.5443956513494844
39280.29792	0.542910564165594
39293.81024	0.5412653727948815
39307.322550000004	0.5394750622297261
39320.83487	0.5375603388967425
39334.34718	0.5354405969239397
39347.85949	0.5331318353294232
39361.37181	0.530655619870539
39374.88412	0.5279264898588633
39388.396440000004	0.5249621943793502
39401.90875	0.5217878522178124
39415.421070000004	0.5183152501522003
39428.93338	0.5145592703990309
39442.44569	0.5105452029664199
39455.95801	0.5061845067140017
39469.47032	0.5015026038875402
39482.98264	0.496528484581222
39496.49495	0.4911782419563971
39510.007269999995	0.4855219636864545
39523.51958	0.4794769565952178
39537.0319	0.4730878575009181
39550.54421	0.466390070891357
39564.05652	0.4593048488229336
39577.56884	0.4518769532635474
39591.08115	0.4441500416528974
39604.59347	0.436060185653138
39618.10578	0.4276578083827114
39631.6181	0.4189935155892241
39645.13041	0.41001437014697
39658.64273	0.4007780697063177
39672.15504	0.3913418911385806
39685.66735	0.3816568677763718
39699.179670000005	0.3717811348331632
39712.691979999996	0.3617705392361373
39726.2043	0.351591976039969
39739.71661	0.3413025931129848
39753.22893	0.3309566642993249
39766.74124	0.320528406988836
39780.25355	0.3100985110401122
39793.76587	0.2996484851632935
39807.27818	0.2892259883785677
39820.790499999996	0.2788775922926299
39834.30281	0.2685848885836494
39847.81513	0.2583939784890419
39861.32744	0.2483454610442227
39874.83976	0.2384216744424703
39888.35207	0.2286617114403406
39901.86438	0.2191013516470156
39915.3767	0.2097237038079811
39928.88901	0.200560156007317
39942.40133	0.191636431881264
39955.91364	0.1829350797014861
39969.42596	0.174480121237604
39982.93827	0.1662906743724071
39996.45058	0.1583479646747409
40009.9629	0.1506697213841951
40023.47521	0.1432621801889005
40036.98753	0.136119526341801
40050.499840000004	0.129253312349857
40064.012160000006	0.1226515197538916
40077.52447	0.11631709969522
40091.03679	0.1102518756943368
40104.5491	0.1044438224119106
40118.06141	0.0988918771983421
40131.573730000004	0.0935949061359056
40145.08604	0.0885399390321025
40158.598359999996	0.083724225136133
40172.11067	0.0791440687742322
40185.62299	0.0747856310390301
40199.1353	0.0706447183216785
40212.64761	0.066715712070847
40226.159929999994	0.0629857809783114
40239.67224	0.059451228418661
40253.18456	0.0561054949412419
40266.69687	0.0529354970240686
40280.20919	0.0499391418512516
40293.72150000001	0.0471039376944676
40307.233819999994	0.0444244202895133
40320.74613	0.0418959354088931
40334.25844	0.0395060301154364
40347.77076	0.03724919910614
40361.283070000005	0.0351220020911383
40374.79538999999	0.0331145297071959
40388.3077	0.0312221001376623
40401.82002	0.0294396763766477
40415.33233	0.0277583982254724
40428.84465	0.0261741269387188
40442.356960000005	0.0246834709862741
40455.86927	0.0232789952639163
40469.38159	0.0219569735301356
40482.893899999995	0.0207132226640994
40496.406220000004	0.0195400703883299
40509.91853	0.0184361583106198
40523.430850000004	0.0173982115659559
40536.943159999995	0.016419912830105
40550.45547	0.0155011668039364
40563.96779	0.0146354329547119
40577.4801	0.0138201493531279
40590.992419999995	0.0130536452160647
40604.50472999999	0.0123313493902744
40618.017049999995	0.0116507439336564
40631.52936	0.0110109354132038
40645.04168	0.010407600063427
40658.55399	0.0098392354991108
40672.066300000006	0.0093044429202311
40685.57862000001	0.0088001408576019
40699.090930000006	0.0083257729598297
40712.60325	0.0078793231965355
40726.11556	0.0074578146337376
40739.62788	0.0070608675783518
40753.140190000006	0.0066878497144791
40766.6525	0.0063358021560271
40780.16482	0.0060057115826883
40793.67713	0.0056937150045929
40807.18945	0.0053988347285215
40820.70176	0.0051214672417855
40834.214080000005	0.0048594945054042
40847.726389999996	0.0046120911724726
40861.23871	0.0043783933648828
40874.75102	0.0041567441667237
40888.26333	0.0039465425684041
40901.77565	0.0037483470168534
40915.28796	0.0035611143874108
40928.800279999996	0.003384912478581
40942.31259	0.0032188300784412
40955.82491	0.003061680189791
40969.33722	0.0029137540945729
40982.84953	0.0027741695566857
40996.36185000001	0.002641513031346
41009.87416	0.0025161768799713
41023.38648	0.0023981719546667
41036.89878999999	0.0022854644853799
41050.411109999994	0.0021790857565901
41063.92342000001	0.0020779845992907
41077.43573999999	0.0019819938822959
41090.94805	0.0018911520964972
41104.46036	0.0018055327545671
41117.97268	0.0017246969413636
41131.484990000004	0.0016478781031064
41144.99731	0.0015747769482132
41158.509620000004	0.0015054481762729
41172.021940000006	0.0014396495783506
41185.53425	0.0013766820320067
41199.04657	0.0013174807087653
41212.55888	0.0012611681892354
41226.07119	0.001206965689977
41239.583510000004	0.0011553353198215
41253.09582	0.0011068550408582
41266.608140000004	0.0010603137322655
41280.12045	0.0010159423308052
41293.632770000004	0.0009737451680604
41307.145079999995	0.000933521282676
41320.65739	0.0008954210641478
41334.16971	0.0008595694469498
41347.68202	0.0008259765162837
41361.19434	0.0007936591889253
41374.70664999999	0.0007626700470416
41388.218969999994	0.0007335041059581
41401.73128000001	0.0007058819096698
41415.2436	0.0006783099773806
41428.75591	0.000651424680075
41442.26821999999	0.0006256656739453
41455.78053999999	0.0006012037551029
41469.292850000005	0.0005782512060635
41482.80517	0.0005570378770492
41496.31748	0.000536749964387
41509.8298	0.0005171842179841
41523.342110000005	0.0004993298071097
41536.854419999996	0.0004827790244413
41550.36674	0.0004663736527202
41563.879049999996	0.000449420601603
41577.39136999999	0.0004330812719262
41590.90368	0.0004175967972131
41604.416000000005	0.0004028464160188
41617.928309999996	0.0003885750397453
41631.44063	0.0003752015204581
41644.95294	0.0003620670864686
41658.46525	0.0003497297322389
41671.97757	0.0003386507110439
41685.489879999994	0.0003285189048408
41699.0022	0.0003184704441708
41712.51451	0.0003086410535614
41726.02683	0.0002994985475035
41739.53914	0.0002905241587838
41753.051459999995	0.0002815180328998
41766.56377000001	0.000273133219962
41780.07608	0.0002655851801348
41793.5884	0.0002579373226613
41807.10071	0.0002502614390451
41820.61303	0.0002427636512867
41834.125340000006	0.0002356411486512
41847.63765999999	0.0002286912370672
41861.14997	0.0002224989955523
41874.66228	0.0002166802069946
41888.1746	0.0002107987477218
41901.686910000004	0.0002046460089464
41915.19923	0.0001990738311629
41928.711540000004	0.00019406220754
41942.223860000006	0.000189110976136
41955.73617	0.0001840886243128
41969.248490000005	0.0001794986545829
41982.7608	0.0001749132283582
41996.27311	0.0001701568119051
42009.785429999996	0.0001656690600561
42023.29774	0.0001616027648379
42036.81006	0.0001576126614802
42050.32237	0.0001538018272653
42063.83469	0.000150669668097
42077.346999999994	0.0001478651153678
42090.85931	0.0001451264210291
42104.37163	0.0001427305912317
42117.88394	0.0001410240271826
42131.39626	0.0001393477873445
42144.90856999999	0.0001373171411339
42158.420889999994	0.0001349491480184
42171.93320000001	0.0001326954004301
42185.44552	0.0001303134966896
42198.95783	0.0001281205036044
42212.47013999999	0.0001260802620804
42225.98246000001	0.0001238781126281
42239.49477	0.0001211567060818
42253.00709	0.0001184938589893
42266.5194	0.0001162019859371
42280.03171999999	0.0001140199000126
42293.544030000005	0.0001119972785391
42307.056339999996	0.0001103853631676
42320.56866	0.0001090665752759
42334.08097000001	0.0001074792230187
42347.593290000004	0.0001057864234214
42361.1056	0.0001045850918829
42374.617920000004	0.0001035029767095
42388.130229999995	0.0001016971937263
42401.64255	9.885237033473946e-05
42415.15486	9.589586770191203e-05
42428.66717	9.306808586879718e-05
42442.17949	9.093533168875206e-05
42455.6918	8.96693251372711e-05
42469.20412000001	8.880158209136169e-05
42482.71643	8.775993050313193e-05
42496.22875	8.681291452820395e-05
42509.74105999999	8.630697283868073e-05
42523.253379999995	8.567945426630624e-05
42536.76569000001	8.42906873174894e-05
42550.278	8.223934434130022e-05
42563.79032	7.984237388446776e-05
42577.30263	7.725581742416219e-05
42590.81495	7.459735741400248e-05
42604.327260000005	7.244229353280669e-05
42617.83958	7.095003320957745e-05
42631.35189	6.981443038950156e-05
42644.864199999996	6.891856665930148e-05
42658.37652	6.855448054178931e-05
42671.88883	6.850874954595685e-05
42685.401150000005	0.0
42698.91347000001	0.0
