30970.22456000001	0.0
30983.73688000001	0.0
30997.249200000002	7.947692715269627e-06
31010.76152	1.1133488992061147e-05
31024.273830000002	1.2660010776803846e-05
31037.78615	1.1865388536748049e-05
31051.298459999998	1.042827864113828e-05
31064.81078	1.1038148631514863e-05
31078.323089999998	1.2032149319576809e-05
31091.8354	1.0830236175975511e-05
31105.347719999998	1.180329069305474e-05
31118.86003	1.5552324389178614e-05
31132.37235	1.472542744214614e-05
31145.884660000003	1.286844438037618e-05
31159.39698	1.2455725387447812e-05
31172.909289999996	1.3596340192310304e-05
31186.421599999998	1.5569568561941725e-05
31199.93392	1.3996510923924677e-05
31213.44623	1.2313692124977728e-05
31226.95855	1.660563700333247e-05
31240.47086	1.7225941326610188e-05
31253.98318	1.691470352477056e-05
31267.495489999998	1.5996204699068223e-05
31281.007810000003	1.6864708851662883e-05
31294.520119999997	2.110234796702584e-05
31308.03243	2.226021534206916e-05
31321.544749999997	2.362873237448691e-05
31335.05706	2.4938065925895376e-05
31348.56938	2.69519318936289e-05
31362.081690000003	2.9574330743993423e-05
31375.594009999997	2.797354236651071e-05
31389.10632	3.1058200592280375e-05
31402.61863	3.417767484004166e-05
31416.130950000002	3.5295707064981685e-05
31429.64326	3.622279140829424e-05
31443.15558	3.883264311374108e-05
31456.667889999997	4.060933635399815e-05
31470.180210000002	3.9651831130396904e-05
31483.69252	3.946305089246163e-05
31497.20484	4.290696604823183e-05
31510.71715	4.528525025946255e-05
31524.229460000002	4.581327481494759e-05
31537.74178	4.671498687929836e-05
31551.254090000002	4.993441637504822e-05
31564.766409999997	5.237214973115111e-05
31578.27872	5.310881357970818e-05
31591.791039999996	5.31736847914825e-05
31605.30335	5.555054934888853e-05
31618.81566	5.99419710952897e-05
31632.327980000002	6.0756775778935184e-05
31645.840289999996	6.085735987686463e-05
31659.35261	6.331884100462147e-05
31672.86492	6.695175673233233e-05
31686.37724	6.796799341378066e-05
31699.88955	7.077255199256641e-05
31713.40187	7.278698663017375e-05
31726.91418	7.179767090806542e-05
31740.42649	7.159527121873235e-05
31753.938810000003	7.235313526387884e-05
31767.451119999998	7.407460463757141e-05
31780.96344	7.826181888092942e-05
31794.47575	7.998631110996093e-05
31807.98807	7.860887673585971e-05
31821.50038	7.980824420153576e-05
31835.012700000003	8.16746682379979e-05
31848.52501	7.935722761063733e-05
31862.03732	7.55398498633753e-05
31875.549639999997	7.758396182574113e-05
31889.06195	7.999485897761536e-05
31902.57427	7.97723088570017e-05
31916.086580000003	7.84574504260189e-05
31929.5989	7.63237737039102e-05
31943.111210000003	7.901687791815785e-05
31956.623519999997	8.038524056852918e-05
31970.13584	8.109225167262591e-05
31983.648149999997	8.028364201790727e-05
31997.16047	7.653349582622869e-05
32010.67278	7.479131067726942e-05
32024.185100000002	7.637115674427722e-05
32037.69741	7.661120941527508e-05
32051.209730000002	7.508111058850117e-05
32064.72204	7.600417108467449e-05
32078.23435	7.92438501564457e-05
32091.74667	8.18581617222503e-05
32105.258980000002	8.333991061584148e-05
32118.7713	8.429951824498578e-05
32132.283610000002	8.248507776740654e-05
32145.79593	8.278015506772577e-05
32159.30824	8.316272205736227e-05
32172.82055	8.376463720725832e-05
32186.332870000002	8.479940104108309e-05
32199.845180000004	8.605290497636279e-05
32213.357500000002	8.674345355136337e-05
32226.86981	8.734479287145071e-05
32240.382129999995	8.705980103842025e-05
32253.894439999996	8.665898827083001e-05
32267.406759999998	8.725417310704274e-05
32280.91907	9.080343530319746e-05
32294.43138	9.661499816584086e-05
32307.9437	9.771349592925376e-05
32321.45601	9.749091090572592e-05
32334.96833	9.739883726272492e-05
32348.480639999998	9.9395997388664e-05
32361.992959999996	0.0001004637573503
32375.505269999998	0.0001031770899871
32389.01759	0.0001071204295805
32402.5299	0.0001099556414771
32416.04221	0.0001116694467149
32429.55453	0.0001127997584251
32443.06684	0.0001193967981703
32456.579160000005	0.0001245555487699
32470.091470000003	0.000127386754391
32483.60379	0.0001292249582598
32497.1161	0.0001304679417319
32510.62841	0.000136490015294
32524.14073	0.0001453144688791
32537.653039999997	0.0001516350463635
32551.16536	0.0001548936678011
32564.67767	0.0001605597053825
32578.18999	0.0001673616222139
32591.7023	0.0001729977060947
32605.214620000002	0.0001815002699835
32618.72693	0.0001932004565572
32632.23924	0.0002056872284121
32645.751559999997	0.0002179092054294
32659.26387	0.0002292937197325
32672.77619	0.0002398876837901
32686.288500000002	0.0002530629234848
32699.80082	0.0002699285650953
32713.313130000002	0.0002878200144093
32726.825439999997	0.0003044854894583
32740.33776	0.0003225920852527
32753.850069999997	0.0003453238985164
32767.36239	0.0003696884030969
32780.8747	0.000397335119549
32794.38702	0.0004277650705306
32807.89933	0.0004601559858821
32821.41165	0.0004972005132546
32834.92396	0.0005394524469228
32848.436270000006	0.0005855886333916
32861.94859	0.0006346022547972
32875.460900000005	0.0006893130123237
32888.97322	0.0007529482665915
32902.48553	0.0008252566015917
32915.99785	0.0009025386480811
32929.51016	0.0009867038400446
32943.02247	0.0010837162605097
32956.534790000005	0.0011908215925342
32970.047099999996	0.00130785411538
32983.559420000005	0.0014383957801086
32997.071729999996	0.0015820227240525
33010.58405	0.0017385150342333
33024.096359999996	0.0019088396698397
33037.60868	0.002094562017088
33051.12099	0.0022979051838593
33064.6333	0.0025146053243763
33078.145619999996	0.0027408414933375
33091.65793	0.0029832928244588
33105.170249999996	0.0032387867395444
33118.68256	0.0035019721012282
33132.19488	0.0037734240946369
33145.70719	0.0040502559745239
33159.21951	0.0043256814697073
33172.73182	0.0045986019424315
33186.24413	0.0048691214452155
33199.75645	0.0051352104317464
33213.26876	0.0053940042790886
33226.78108	0.0056344975595956
33240.29339	0.0058631921999992
33253.80571	0.0060766729305162
33267.31802	0.0062775952984408
33280.83033	0.0064679664143811
33294.34265	0.0066443222566379
33307.85496	0.0068096838590345
33321.36728	0.0069697142532179
33334.879590000004	0.0071216515459257
33348.39191	0.0072656296368178
33361.904220000004	0.0074055282907197
33375.41654	0.0075404211837885
33388.928850000004	0.0076796535050268
33402.44116	0.0078259638969355
33415.95348	0.0079747715819104
33429.46579	0.0081320455763619
33442.978110000004	0.0083008568065926
33456.490419999995	0.0084759430861267
33470.00274	0.0086620392042059
33483.51505	0.0088604050374433
33497.02736	0.0090773810686204
33510.53968	0.0093158834686234
33524.05199	0.0095708042943081
33537.56431	0.0098509166428309
33551.07662	0.0101557267323048
33564.588939999994	0.0104755032411973
33578.10125	0.0108212446158895
33591.61357	0.0112034565272861
33605.12588	0.011613622028911
33618.638190000005	0.0120574474186528
33632.15051	0.0125419675810501
33645.66282	0.0130635050580501
33659.17514000001	0.0136308953227466
33672.68745	0.0142536513949972
33686.19977	0.0149197580131602
33699.71208	0.0156408637664559
33713.22439	0.0164318127603337
33726.73671	0.0172845783708249
33740.24902	0.0182177420610589
33753.761340000005	0.019225868445012
33767.27365	0.0203219713549915
33780.78597	0.0215201805172061
33794.298279999995	0.0228208648883413
33807.8106	0.0242379994202769
33821.32291	0.0257931268363602
33834.83522	0.0274843861852624
33848.34754	0.029327759706022
33861.85985	0.0313488217130159
33875.37217	0.0335511428742555
33888.88448	0.0359654525593312
33902.3968	0.0386153001572026
33915.90911	0.0415063473144392
33929.42143	0.0446739272520943
33942.93373999999	0.0481582874559502
33956.44605	0.0519646458525074
33969.95837	0.0561239957772938
33983.47068	0.0606820332595267
33996.983	0.0656582867379387
34010.49531	0.0711097872347863
34024.00763	0.0770483808604411
34037.519940000006	0.083521624430633
34051.03225	0.0905881533999324
34064.54457	0.0982639186080569
34078.05688	0.1065948287323906
34091.5692	0.115627318008411
34105.08151	0.1253615516354548
34118.59383	0.1358332007943964
34132.10614	0.1470587076926532
34145.61846	0.1590004396250848
34159.13077	0.1716664056199484
34172.643079999994	0.1850405535082474
34186.155399999996	0.1990393727217019
34199.66771	0.2135655281203599
34213.180029999996	0.2285214909894093
34226.69234	0.243785608097233
34240.20466	0.2592663599343285
34253.71697	0.2747588961109417
34267.22928	0.2900736703600302
34280.7416	0.305010620636107
34294.25391	0.319440534331982
34307.76623	0.3332536110958324
34321.27854	0.3463725841297504
34334.79086	0.3586324001163495
34348.30317	0.3698602722341427
34361.81549	0.3801849217754534
34375.3278	0.3894727178202161
34388.840110000005	0.3977374832680886
34402.35243	0.4050578609882734
34415.864740000005	0.4113196210679584
34429.377060000006	0.4166936958373064
34442.88937	0.4213682304347038
34456.40169	0.4252968630719523
34469.914	0.4286266440467
34483.42631	0.4315089090225221
34496.93863	0.4338393612794449
34510.45094	0.4358959723250546
34523.963260000004	0.4375932555778997
34537.475569999995	0.4390666411457549
34550.98789	0.4404457877303143
34564.5002	0.4416284121288594
34578.012520000004	0.4427475543342928
34591.52483	0.4439027140055948
34605.03714	0.4449771663882759
34618.54946	0.4460684899852838
34632.06177	0.4472759449187307
34645.57409	0.4484720360919919
34659.0864	0.4497391293656717
34672.59872	0.4511809076394008
34686.11103	0.4526250151651689
34699.62335	0.4541610586897238
34713.13566	0.4558847669140068
34726.64797	0.4576048818183935
34740.16029	0.4595208279691887
34753.6726	0.4614268709800405
34767.18492	0.4634059318502579
34780.69723	0.4655554822418747
34794.20955	0.4676796499596996
34807.721860000005	0.4698828559021492
34821.234169999996	0.4722347817498051
34834.746490000005	0.4745323404652266
34848.258799999996	0.4768748833057935
34861.77112	0.4793395491957632
34875.28343	0.4817341155888926
34888.79575	0.4841278118247
34902.30806	0.4865969204058752
34915.820380000005	0.4889516391410068
34929.332689999996	0.4912553577700329
34942.845	0.4936055256711876
34956.35732	0.4958078698716519
34969.86963	0.4979413342428536
34983.381949999995	0.5000862437684167
34996.89426	0.5020344586240532
35010.40658	0.5039848446817379
35023.91889	0.505750221885041
35037.4312	0.5074088151265637
35050.94352	0.5090469233661945
35064.45583	0.5104854398421531
35077.96815	0.5118216058735836
35091.48046	0.5131046902035654
35104.99278	0.5141948164735302
35118.50509	0.5151715159987704
35132.01741	0.5160758259193824
35145.52972	0.5167913907671644
35159.04203	0.5173905209883369
35172.55435	0.5179434480128117
35186.066660000004	0.518349836320244
35199.57898	0.5186425316492455
35213.091290000004	0.5188929120743329
35226.60361	0.5190150718434097
35240.11592	0.5191181848183486
35253.62824	0.5191056955330418
35267.14055	0.5190120489127978
35280.65286	0.5188961333881816
35294.16518	0.518689751714899
35307.677489999995	0.5184232372726849
35321.18981	0.5181978818915077
35334.70212	0.5178983152350436
35348.21444	0.517579370241111
35361.72675	0.5172991271904217
35375.23906	0.5169620294871549
35388.75138	0.5166320542840647
35402.26369	0.5163483689636122
35415.776009999994	0.5160408126070218
35429.28832	0.515771423313973
35442.80064	0.5155691866568666
35456.31295	0.5153754481251978
35469.82527	0.5152263951013538
35483.33758	0.5151518810110656
35496.84989	0.5151017116839748
35510.36221	0.5151363575005481
35523.87452	0.5152027856881847
35537.38684	0.5153289126262973
35550.89915	0.5155402540176116
35564.41147	0.5157992578513039
35577.923780000005	0.5161282608693046
35591.43609	0.5165527458212018
35604.948410000005	0.5170159540791424
35618.460719999995	0.5175642819280613
35631.97304	0.5182232030080732
35645.485349999995	0.5189208145989959
35658.99767	0.5196739280029843
35672.50998	0.5205179133848848
35686.022300000004	0.5213653582074258
35699.53461	0.5222641526296242
35713.04692	0.5232560276989273
35726.55924	0.5242438215445832
35740.07155	0.5253090128874836
35753.58387	0.5263530805892184
35767.09618	0.5274127149853081
35780.6085	0.5285434945683689
35794.12081	0.5296235584326134
35807.63312	0.5307071108904472
35821.14544	0.5318386768876021
35834.65775	0.532899833615208
35848.17007	0.5339510062815718
35861.682380000006	0.5350304203940841
35875.1947	0.5360238492861376
35888.70701	0.5369845286315684
35902.21932999999	0.5379473342973188
35915.73164	0.5388036492197501
35929.24395	0.5395959993955481
35942.75627	0.5403776870400623
35956.26858	0.5410514985781154
35969.7809	0.5416508082812177
35983.29321	0.5422400317891272
35996.80553	0.5426977691404564
36010.317839999996	0.5431410769305647
36023.83016	0.5434676099695006
36037.342469999996	0.5437086340359111
36050.85478	0.5439033709076248
36064.3671	0.543984503846338
36077.87941	0.5439827381811952
36091.39173	0.5439488356093156
36104.90404	0.5437946113689667
36118.416359999996	0.5435576298183387
36131.92867	0.5433097794899181
36145.44098	0.5429446319957583
36158.9533	0.5425071022996182
36172.46561	0.5420758652629172
36185.97793	0.5415389898888026
36199.49024	0.5409510098840367
36213.00256	0.5403788113460272
36226.51487	0.5397080430385071
36240.02719	0.5390681962129047
36253.5395	0.538363329158798
36267.051810000004	0.537634188814917
36280.56413	0.5369536354520413
36294.07644	0.5362093730664563
36307.58876	0.5354553592087301
36321.10107	0.5347704657768899
36334.61339	0.5340427823437333
36348.1257	0.5333337675541572
36361.63801	0.5327032848173848
36375.150330000004	0.5320436250221716
36388.662639999995	0.5314224271458277
36402.17496	0.5308918135779752
36415.68727	0.5303814670691809
36429.19959	0.5299457867286462
36442.7119	0.5295929110492903
36456.224220000004	0.5292444869813282
36469.73653	0.5289612658971447
36483.24884	0.528769278868731
36496.76116	0.5286017224946291
36510.27347	0.5285410054371064
36523.78579	0.5284863781309566
36537.2981	0.5285089452679259
36550.81042	0.5286350679668785
36564.32273	0.5287830767712438
36577.835040000005	0.5290090692121658
36591.34736	0.5293285430189407
36604.85967	0.5296682380649452
36618.37199	0.5300693612251681
36631.8843	0.5305496211035721
36645.39662	0.5310624376124851
36658.90893	0.5316384757634824
36672.42125	0.5322894199256616
36685.933560000005	0.5329684064416325
36699.445869999996	0.5336868542713958
36712.95819	0.5344615100302241
36726.4705	0.5352568700510476
36739.98282	0.5360833516633509
36753.49513	0.5369644690374563
36767.007450000005	0.5378591068407095
36780.519759999996	0.5387872114826373
36794.032080000004	0.539712578845825
36807.54439	0.5406583749560262
36821.0567	0.5416233826015583
36834.56902	0.5426311116471633
36848.08133	0.5436453197812461
36861.59365	0.5446571116639544
36875.10596	0.5456500803873067
36888.618279999995	0.5466236728410347
36902.13059	0.5475945645123896
36915.6429	0.5485484267423246
36929.15522	0.5494775004406471
36942.66753	0.5503944752167591
36956.17985	0.5512791807172268
36969.69216	0.5521226502497594
36983.20448	0.5529488960588622
36996.71679	0.5537276975650751
37010.22911	0.5544780819977406
37023.74142	0.5551746551216167
37037.253730000004	0.5558340008640761
37050.76605	0.5564666265289282
37064.278360000004	0.5570497346683574
37077.79068	0.5575924865073563
37091.30299	0.5581101866660974
37104.81531	0.5585774608387544
37118.32762	0.5590045581638696
37131.83993	0.5594105895905546
37145.35225	0.5597631679982529
37158.864559999995	0.5600746200723017
37172.37688	0.5603807253600308
37185.88919	0.5606370069344127
37199.401509999996	0.5608570536931492
37212.91382	0.5610852826197132
37226.42614	0.5612678744676609
37239.93845	0.5614143023108704
37253.45076	0.5615985802130639
37266.96308	0.5617501762238717
37280.47539	0.56189955581361
37293.98771	0.5620067707611069
37307.50002	0.5621039302656509
37321.01234	0.5622169053848016
37334.52465	0.5622877182890442
37348.036960000005	0.5623401025526255
37361.54928	0.5624161691580722
37375.06159	0.5624564512637403
37388.57391	0.5624679712607579
37402.08622	0.5624906946214063
37415.59854	0.5624630375406936
37429.11085	0.5624026986823376
37442.62317	0.5623534762777986
37456.135480000004	0.5622409225803389
37469.647789999995	0.5620853835891106
37483.16011	0.5619363895198561
37496.67242	0.5617092115169617
37510.18474	0.5614524327604367
37523.69705	0.5610931680706677
37537.209370000004	0.5606624129951687
37550.72168	0.5601810902161044
37564.234000000004	0.5595737846781439
37577.74631	0.5588571007560612
37591.25862	0.5580441734180018
37604.77094	0.5570651345506523
37618.28325	0.555941268665324
37631.79557	0.5546857183307083
37645.30788	0.5532226265536895
37658.8202	0.5515628549098921
37672.33251	0.5497160228684983
37685.84482	0.5476170476142743
37699.35714	0.5452724451196638
37712.86945	0.5426824523403229
37726.38177	0.5397760211292257
37739.89408	0.5365620262548172
37753.4064	0.5330454397699714
37766.91871	0.5291594659211714
37780.43103	0.52494070551588
37793.94334	0.5203170282302825
37807.45565	0.5153149519639241
37820.96797	0.5099374048025485
37834.48028	0.5041213856110529
37847.992600000005	0.4978898985512853
37861.504909999996	0.4912421577544774
37875.01723	0.4841418773172649
37888.52954	0.476628034928234
37902.04185	0.4687085082166326
37915.55417	0.4603584224476524
37929.06648	0.4516124177488182
37942.5788	0.4424786530232827
37956.09111	0.4329616195600775
37969.603429999996	0.4231042994727381
37983.11574	0.4129163368642485
37996.62806	0.4024173771463402
38010.14037	0.3916543401593342
38023.65268	0.3806281947364118
38037.165	0.3693724798927031
38050.67731	0.3579474666306573
38064.18963	0.3463852261930342
38077.70194	0.3347308291353326
38091.21426	0.3230154155505982
38104.72657	0.3112729964882802
38118.23889	0.2995436264860673
38131.7512	0.2878558550620129
38145.26351	0.2762540600047032
38158.77583	0.2647731559260304
38172.28814	0.2534358081858225
38185.80046	0.2422809828542505
38199.31277	0.2313334072489963
38212.82509	0.2206125596714528
38226.337400000004	0.2101549760457763
38239.849709999995	0.1999716439547606
38253.36203	0.1900725995455661
38266.87434	0.180488140373173
38280.38666	0.1712096237313506
38293.89897	0.1622689895599626
38307.411290000004	0.1536571737826156
38320.9236	0.1453669249338578
38334.43592	0.1374250260286324
38347.94823	0.1298233847671969
38361.46054	0.1225482634969557
38374.97286	0.1156075257229834
38388.48517	0.1089924268553588
38401.99749	0.1026940179042113
38415.5098	0.0967183919372031
38429.02212	0.091045647175782
38442.53443	0.0856623534416673
38456.04674	0.0805738858686413
38469.55906	0.0757598470223545
38483.07137	0.0712013926387127
38496.58369	0.0669003008880694
38510.096	0.0628377115527849
38523.60832	0.0590145479423775
38537.120630000005	0.0554150378989915
38550.63295	0.0520240775436127
38564.14526	0.0488385634382589
38577.65757	0.0458405255474144
38591.16989	0.0430120401193518
38604.6822	0.040357477119867
38618.194520000005	0.0378674924477094
38631.706829999996	0.0355266818956371
38645.219150000004	0.0333300875925778
38658.73146	0.031270176771007
38672.24377	0.0293371546026015
38685.75609	0.0275253896634188
38699.2684	0.0258262083651466
38712.78072	0.0242320538597235
38726.29303	0.0227382307370264
38739.805349999995	0.0213366990372379
38753.31766	0.0200229097923321
38766.82998	0.0187951777297871
38780.34229	0.0176439115607262
38793.8546	0.0165632891937881
38807.36692	0.015547355946134
38820.87923	0.0145942584497897
38834.39155	0.0137036739516999
38847.90386	0.01286846679872
38861.41618	0.0120862423753466
38874.92849	0.0113580390815305
38888.44081	0.0106766917191522
38901.95312	0.0100338233636737
38915.465430000004	0.0094279862087372
38928.97775	0.0088602607220388
38942.49006	0.0083298416677753
38956.00238	0.007833559829522
38969.514689999996	0.0073673449416995
38983.02701	0.0069284130337397
38996.53932	0.0065167550662181
39010.05163	0.006132968940806
39023.56395	0.0057743004041058
39037.07626	0.005437448307427
39050.588579999996	0.0051192434322788
39064.10089	0.0048172040918672
39077.61321	0.0045318739239996
39091.12552	0.004264112683205
39104.63784	0.0040137669693976
39118.15015	0.0037811317532833
39131.66246	0.0035659847371062
39145.17478	0.0033644619267069
39158.68709	0.0031722772425802
39172.19941	0.0029900399367123
39185.71172	0.0028186667519753
39199.22404	0.002658102220518
39212.73635	0.0025080355040616
39226.24866	0.0023657927995868
39239.76098	0.002230378447935
39253.27329	0.0021027325451416
39266.78561	0.0019827980899466
39280.29792	0.0018697596083654
39293.81024	0.0017636059911689
39307.322550000004	0.001665066404786
39320.83487	0.0015715784258277
39334.34718	0.0014828515367231
39347.85949	0.0013998703537656
39361.37181	0.0013207770940961
39374.88412	0.0012456681494366
39388.396440000004	0.0011756018662609
39401.90875	0.0011103542228525
39415.421070000004	0.0010492379537915
39428.93338	0.0009923323958574
39442.44569	0.0009381065447742
39455.95801	0.0008843115683321
39469.47032	0.0008349872989325
39482.98264	0.000789865559995
39496.49495	0.0007453129921874
39510.007269999995	0.0007027712430892
39523.51958	0.0006634715310006
39537.0319	0.0006267705840878
39550.54421	0.0005919735905952
39564.05652	0.0005594833704482
39577.56884	0.0005286408329779
39591.08115	0.0004987563213962
39604.59347	0.0004719158814039
39618.10578	0.0004455533279464
39631.6181	0.0004182030242683
39645.13041	0.0003920162626045
39658.64273	0.0003682728134744
39672.15504	0.000346859989048
39685.66735	0.0003274328989569
39699.179670000005	0.0003098667447658
39712.691979999996	0.0002915458805998
39726.2043	0.0002720057832191
39739.71661	0.0002535459428943
39753.22893	0.000235597389198
39766.74124	0.0002191842005772
39780.25355	0.0002053507268783
39793.76587	0.0001929159296366
39807.27818	0.0001797710894897
39820.790499999996	0.0001666695251224
39834.30281	0.0001561784903189
39847.81513	0.0001465488914048
39861.32744	0.000136398099763
39874.83976	0.000125739043806
39888.35207	0.0001165444091896
39901.86438	0.0001092000075296
39915.3767	0.0001031429369143
39928.88901	9.662310432725683e-05
39942.40133	9.033830927579385e-05
39955.91364	8.402481106483311e-05
39969.42596	7.67177677938306e-05
39982.93827	6.987747107880679e-05
39996.45058	6.525479241507843e-05
40009.9629	6.186793419938385e-05
40023.47521	5.813955758497669e-05
40036.98753	5.431983320462085e-05
40050.499840000004	5.27124385222714e-05
40064.012160000006	5.08002975502212e-05
40077.52447	4.6313995323262505e-05
40091.03679	4.091823498840821e-05
40104.5491	3.587055664185615e-05
40118.06141	3.234226023015449e-05
40131.573730000004	3.073303825149134e-05
40145.08604	3.0122638754297916e-05
40158.598359999996	2.7681473702831977e-05
40172.11067	2.4803817607208844e-05
40185.62299	2.322368551685133e-05
40199.1353	2.104184374112634e-05
40212.64761	1.7855639189036523e-05
40226.159929999994	1.4283721092305916e-05
40239.67224	1.2095912778462384e-05
40253.18456	1.1015822132493606e-05
40266.69687	1.2518448230847706e-05
40280.20919	1.4671647937918168e-05
40293.72150000001	1.404989132949523e-05
40307.233819999994	1.1525286338568228e-05
40320.74613	9.97224009552802e-06
40334.25844	1.0016767860912234e-05
40347.77076	9.63593999929928e-06
40361.283070000005	8.12216664206117e-06
40374.79538999999	6.348058491245584e-06
40388.3077	4.959227895236925e-06
40401.82002	4.842638834133328e-06
40415.33233	5.4138856397621484e-06
40428.84465	5.080919855100671e-06
40442.356960000005	3.412408350786747e-06
40455.86927	2.568660727175069e-06
40469.38159	3.639617860838332e-06
40482.893899999995	4.169572100105169e-06
40496.406220000004	3.227622976297739e-06
40509.91853	2.128713412479217e-06
40523.430850000004	1.1657811062231953e-06
40536.943159999995	1.3890445369933123e-06
40550.45547	2.359274510222086e-06
40563.96779	3.478859244807495e-06
40577.4801	3.856002000224658e-06
40590.992419999995	2.732245427764613e-06
40604.50472999999	1.4249815699566226e-06
40618.017049999995	8.132245193960421e-07
40631.52936	1.00934579517963e-06
40645.04168	2.134854419130302e-06
40658.55399	2.914096879755289e-06
40672.066300000006	3.383356184734872e-06
40685.57862000001	3.338877097733992e-06
40699.090930000006	2.6115576717959416e-06
40712.60325	1.331600932583022e-06
40726.11556	8.795827069980775e-07
40739.62788	6.528467130365779e-07
40753.140190000006	8.350075613807592e-07
40766.6525	1.371292031647153e-06
40780.16482	1.9523564229380833e-06
40793.67713	1.9133717456898017e-06
40807.18945	1.5832060411146907e-06
40820.70176	1.4519816876929252e-06
40834.214080000005	1.494842988004977e-06
40847.726389999996	1.6776885617275585e-06
40861.23871	1.752601129488424e-06
40874.75102	1.8613850373301007e-06
40888.26333	1.522547375379261e-06
40901.77565	1.4139533033032065e-06
40915.28796	1.768444774276935e-06
40928.800279999996	1.8625936616839555e-06
40942.31259	2.133124675184828e-06
40955.82491	2.953789307951685e-06
40969.33722	4.0365621914127085e-06
40982.84953	4.620539578370561e-06
40996.36185000001	5.231709691346165e-06
41009.87417000001	0.0
41023.38649	0.0
