39469.470310000004	0.0
39482.98263	0.0
39496.49495	6.767631241017959e-06
39510.007269999995	6.769320809227012e-06
39523.51958	6.7704743361304895e-06
39537.0319	9.636229511025443e-06
39550.54421	1.1618117741799142e-05
39564.05652	1.3326483705056246e-05
39577.56884	1.5074610988130364e-05
39591.08115	1.716292454977649e-05
39604.59347	2.0323671167169e-05
39618.10578	2.443460315449359e-05
39631.6181	3.323391672964788e-05
39645.13041	4.52062166024356e-05
39658.64273	5.972603568481013e-05
39672.15504	7.601726471201609e-05
39685.66735	9.330103009193138e-05
39699.179670000005	0.0001116440967482
39712.691979999996	0.000130020373529
39726.2043	0.0001436460897077
39739.71661	0.0001550753756933
39753.22893	0.0001695158640561
39766.74124	0.0001856394427041
39780.25355	0.0002019101947428
39793.76587	0.000220310043676
39807.27818	0.0002439785019046
39820.790499999996	0.0002710987458003
39834.30281	0.0002970088161967
39847.81513	0.0003212113026853
39861.32744	0.0003469883511601
39874.83976	0.000379128535122
39888.35207	0.0004185978801898
39901.86438	0.000468301060218
39915.3767	0.0005323677639474
39928.88901	0.0006140966889783
39942.40133	0.0007114456666326
39955.91364	0.0008196650521022
39969.42596	0.0009420389820519
39982.93827	0.0010788833044451
39996.45058	0.0012329370731949
40009.9629	0.0014118050172487
40023.47521	0.0016264006328178
40036.98753	0.0018882889930789
40050.499840000004	0.0022096407952776
40064.012160000006	0.0026108660998565
40077.52447	0.0031115682769717
40091.03679	0.0037457894794354
40104.5491	0.0045551682831928
40118.06141	0.0055956646589208
40131.573730000004	0.0069478345304947
40145.08604	0.0087293479602468
40158.598359999996	0.0111162926529802
40172.11067	0.0143720822097537
40185.62299	0.0188682277339313
40199.1353	0.0251902865084379
40212.64761	0.0341854317686456
40226.159929999994	0.047087430240161
40239.67224	0.065590682343319
40253.18456	0.0917774067378212
40266.69687	0.1271852337551146
40280.20919	0.1718907049985071
40293.72150000001	0.223845362603703
40307.233819999994	0.278484929046851
40320.74613	0.3300284209126023
40334.25844	0.3729472179952114
40347.77076	0.4037790914426586
40361.283070000005	0.4217905363454855
40374.79538999999	0.4297038135061863
40388.3077	0.4309209208035248
40401.82002	0.4298147263124999
40415.33233	0.4294695176343459
40428.84465	0.4312540774133815
40442.356960000005	0.4356756582820227
40455.86927	0.4424540062828638
40469.38159	0.4506541049115463
40482.893899999995	0.4592123017897121
40496.406220000004	0.4668471109323324
40509.91853	0.472609757250031
40523.430850000004	0.4759401383652402
40536.943159999995	0.4765369684464723
40550.45547	0.4745176354125559
40563.96779	0.4704989303043155
40577.4801	0.4651608264655158
40590.992419999995	0.4593546533425404
40604.50472999999	0.4536755651069775
40618.017049999995	0.4484912273564095
40631.52936	0.4438461795779976
40645.04168	0.4388224558310438
40658.55399	0.4323194259107315
40672.066300000006	0.423136911973543
40685.57862000001	0.4096635838926642
40699.090930000006	0.3908153178746874
40712.60325	0.3660821616890217
40726.11556	0.3352563337269943
40739.62788	0.2993815744674282
40753.140190000006	0.2602280800263047
40766.6525	0.2191886181223028
40780.16482	0.1796313388787229
40793.67713	0.1434993620289966
40807.18945	0.112174196691914
40820.70176	0.0862889198327646
40834.214080000005	0.0656820968366841
40847.726389999996	0.0497732190224465
40861.23871	0.0378307778990083
40874.75102	0.0289251916555106
40888.26333	0.0222963270890639
40901.77565	0.0173584749648692
40915.28796	0.0136482268005821
40928.800279999996	0.0108496180826164
40942.31259	0.0087123884771262
40955.82491	0.0070599247818065
40969.33722	0.0057716376094627
40982.84953	0.0047609894810478
40996.36185000001	0.003959936598845
41009.87416	0.0033175994389691
41023.38648	0.0027972475214607
41036.89878999999	0.0023726786201866
41050.411109999994	0.0020248620664089
41063.92342000001	0.00173591047805
41077.43573999999	0.0014937725902397
41090.94805	0.001291253721321
41104.46036	0.001119625682138
41117.97268	0.0009732336021788
41131.484990000004	0.0008485177979405
41144.99731	0.0007427943119292
41158.509620000004	0.000652925394282
41172.021940000006	0.0005766983728922
41185.53425	0.0005119837949246
41199.04657	0.0004568883943916
41212.55888	0.0004096120793004
41226.07119	0.000368939926764
41239.583510000004	0.0003331532259094
41253.09582	0.0003011355739026
41266.608140000004	0.0002726870508438
41280.12045	0.00024787883833
41293.632770000004	0.0002257318441126
41307.145079999995	0.0002051037317113
41320.65739	0.0001856227424333
41334.16971	0.0001679076124394
41347.68202	0.0001518434381918
41361.19434	0.0001367748449851
41374.70664999999	0.0001226739233645
41388.218969999994	0.0001094662105571
41401.73128000001	9.724011604572328e-05
41415.2436	8.653970032484779e-05
41428.75591	7.738681836035521e-05
41442.26821999999	6.895340785968132e-05
41455.78053999999	6.227755916470284e-05
41469.292850000005	5.740776208977343e-05
41482.80517	5.2765064541489e-05
41496.31748	4.732040198464117e-05
41509.8298	0.0
41523.34212	0.0
