36969.69215000001	0.0
36983.20447	0.0
36996.71679	0.0002377445511022
37010.22911	0.0002493020072317
37023.74142	0.0002638463211636
37037.253730000004	0.0002757722727848
37050.76605	0.0002909257018268
37064.278360000004	0.0003086809569393
37077.79068	0.0003245994784655
37091.30299	0.0003421847051565
37104.81531	0.0003575463006093
37118.32762	0.0003733238633303
37131.83993	0.0003955668034792
37145.35225	0.000415876472049
37158.864559999995	0.0004357607131897
37172.37688	0.0004599827516869
37185.88919	0.0004808190492117
37199.401509999996	0.0005034700926067
37212.91382	0.0005332200857142
37226.42614	0.0005637291470097
37239.93845	0.0005970020383818
37253.45076	0.0006313919372745
37266.96308	0.000665484214927
37280.47539	0.0007084122863423
37293.98771	0.0007525464405063
37307.50002	0.0007914308902643
37321.01234	0.0008359477327609
37334.52465	0.0008829947088517
37348.036960000005	0.0009314119702331
37361.54928	0.0009891177106198
37375.06159	0.0010472483974183
37388.57391	0.0011053644635634
37402.08622	0.0011724502406556
37415.59854	0.0012411682580605
37429.11085	0.001312802451609
37442.62317	0.0013922557632628
37456.135480000004	0.0014709443564367
37469.647789999995	0.0015533852339823
37483.16011	0.0016449940467705
37496.67242	0.0017408387102323
37510.18474	0.0018476581413578
37523.69705	0.0019629729255874
37537.209370000004	0.0020777321720832
37550.72168	0.0022013570650276
37564.234000000004	0.0023342269556835
37577.74631	0.0024704340334822
37591.25862	0.0026199980418678
37604.77094	0.0027811633855822
37618.28325	0.0029472386443379
37631.79557	0.0031259150232334
37645.30788	0.0033147785892937
37658.8202	0.0035125970522269
37672.33251	0.003729505842811
37685.84482	0.0039589504749026
37699.35714	0.0041964179769759
37712.86945	0.0044529763493978
37726.38177	0.0047254238142549
37739.89408	0.005012096064457
37753.4064	0.0053238083498393
37766.91871	0.0056548447808425
37780.43103	0.0060012191433583
37793.94334	0.0063727398648236
37807.45565	0.0067678189974717
37820.96797	0.0071862359263767
37834.48028	0.0076383939360874
37847.992600000005	0.0081200339457851
37861.504909999996	0.0086303552848018
37875.01723	0.0091790519420352
37888.52954	0.0097579422259626
37902.04185	0.0103696669502384
37915.55417	0.0110320797114266
37929.06648	0.0117368344558713
37942.5788	0.0124860244448212
37956.09111	0.0132980567246811
37969.603429999996	0.0141592470251845
37983.11574	0.01507224102837
37996.62806	0.0160597582309282
38010.14037	0.0171080962187489
38023.65268	0.0182253313318248
38037.165	0.019435516545973
38050.67731	0.0207200060822077
38064.18963	0.0220913234239432
38077.70194	0.0235684918449482
38091.21426	0.0251359977982015
38104.72657	0.0268093712026976
38118.23889	0.0286083020715499
38131.7512	0.0305249494302201
38145.26351	0.0325749175944457
38158.77583	0.0347723002087575
38172.28814	0.0371103623505157
38185.80046	0.0396054591514945
38199.31277	0.0422749172546844
38212.82509	0.0451169286846276
38226.337400000004	0.0481484608507661
38239.849709999995	0.0513885358883958
38253.36203	0.0548318860552664
38266.87434	0.058489634393118
38280.38666	0.0623786231547961
38293.89897	0.0665034642262024
38307.411290000004	0.0708669039335807
38320.9236	0.0754934594178927
38334.43592	0.0803827850890035
38347.94823	0.0855307577829597
38361.46054	0.0909618534717745
38374.97286	0.0966625305086428
38388.48517	0.1026338877537813
38401.99749	0.1088980288867844
38415.5098	0.1154393922818487
38429.02212	0.1222469670467027
38442.53443	0.1293295190655155
38456.04674	0.1366781989335883
38469.55906	0.1442709174472808
38483.07137	0.1521038312806512
38496.58369	0.1601742456903141
38510.096	0.1684328991448397
38523.60832	0.176910017337446
38537.120630000005	0.185573274122752
38550.63295	0.1943649997997458
38564.14526	0.2033135712206918
38577.65757	0.2123867433882904
38591.16989	0.2215141681806453
38604.6822	0.2307394391986828
38618.194520000005	0.2400238875538963
38631.706829999996	0.2492829831295719
38645.219150000004	0.2585896485424231
38658.73146	0.2679041894592066
38672.24377	0.2771576786842545
38685.75609	0.2864027533299058
38699.2684	0.2956094266247046
38712.78072	0.3047224486480061
38726.29303	0.3137869108594554
38739.805349999995	0.322786348559003
38753.31766	0.3316649065868362
38766.82998	0.3404526093023924
38780.34229	0.3491324721426662
38793.8546	0.3577004014463453
38807.36692	0.3661176868104459
38820.87923	0.3744035880723003
38834.39155	0.3825037616427914
38847.90386	0.3904160828589285
38861.41618	0.3981517967974424
38874.92849	0.4056879195052479
38888.44081	0.4129972693909131
38901.95312	0.4200928772830393
38915.465430000004	0.4269747520246871
38928.97775	0.4336023272798219
38942.49006	0.4399752274039818
38956.00238	0.4461022855014143
38969.514689999996	0.4519357966907208
38983.02701	0.4574839409266887
38996.53932	0.4627620151102329
39010.05163	0.4676858768688165
39023.56395	0.472301072624703
39037.07626	0.4766285242057382
39050.588579999996	0.4806453706977804
39064.10089	0.4843742899994041
39077.61321	0.4878377223420226
39091.12552	0.4910338382870995
39104.63784	0.4939533449386081
39118.15015	0.4966274772593709
39131.66246	0.4990664925163347
39145.17478	0.5012403249610046
39158.68709	0.5032024986557972
39172.19941	0.5049572409087701
39185.71172	0.506474306321105
39199.22404	0.507823388039458
39212.73635	0.5090276239074345
39226.24866	0.5100543198211275
39239.76098	0.5109600967904939
39253.27329	0.5117857432067778
39266.78561	0.5124787336470814
39280.29792	0.5131075690817958
39293.81024	0.5136362325257083
39307.322550000004	0.514075910300245
39320.83487	0.5144695561898602
39334.34718	0.5147887867573666
39347.85949	0.5150471147799794
39361.37181	0.5152915112599967
39374.88412	0.5154778965619125
39388.396440000004	0.5156416489859961
39401.90875	0.515826174656592
39415.421070000004	0.5159745103784579
39428.93338	0.5161263514048444
39442.44569	0.5163085636851142
39455.95801	0.5164589745743551
39469.47032	0.5166132626729709
39482.98264	0.5167932621549859
39496.49495	0.516937749539816
39510.007269999995	0.5171267003374791
39523.51958	0.5172721639598628
39537.0319	0.5174221222836348
39550.54421	0.5176290918646781
39564.05652	0.5178057159766964
39577.56884	0.5179901416603483
39591.08115	0.518247060709084
39604.59347	0.5184763849594143
39618.10578	0.5187055736208805
39631.6181	0.5189828695464369
39645.13041	0.5192144309458853
39658.64273	0.5194368423104009
39672.15504	0.51969723563401
39685.66735	0.5199112276709688
39699.179670000005	0.5201110701643985
39712.691979999996	0.5203500734513972
39726.2043	0.5205637573532036
39739.71661	0.5207789854658305
39753.22893	0.5210403253794542
39766.74124	0.5212645206691255
39780.25355	0.5215236231987459
39793.76587	0.5217292662171096
39807.27818	0.5219255452107551
39820.790499999996	0.5221490016610383
39834.30281	0.5223032384999645
39847.81513	0.5224465579869779
39861.32744	0.5226214591711889
39874.83976	0.5227439380068636
39888.35207	0.5228618652088457
39901.86438	0.5230181080380849
39915.3767	0.523132330386542
39928.88901	0.5232439012417871
39942.40133	0.5233994983015826
39955.91364	0.5235060961974722
39969.42596	0.5235935544596253
39982.93827	0.5237080171230204
39996.45058	0.5237701746921578
40009.9629	0.5238165482107231
40023.47521	0.5238584173707651
40036.98753	0.523876787135776
40050.499840000004	0.5239122942706836
40064.012160000006	0.5239350633783741
40077.52447	0.5239687153330833
40091.03679	0.5240216968300211
40104.5491	0.524052721681222
40118.06141	0.5240851559136684
40131.573730000004	0.5241345309626007
40145.08604	0.5241477456493413
40158.598359999996	0.5241511627852437
40172.11067	0.5241702082676202
40185.62299	0.5241603607786163
40199.1353	0.5241541541612063
40212.64761	0.5241770607744877
40226.159929999994	0.5241804076762426
40239.67224	0.5241891064776231
40253.18456	0.5242386158332015
40266.69687	0.5242760981074707
40280.20919	0.5243324211499445
40293.72150000001	0.5243609770255111
40307.233819999994	0.5243858967094269
40320.74613	0.5244326906709107
40334.25844	0.52444732401307
40347.77076	0.524459356823927
40361.283070000005	0.5244939846001525
40374.79538999999	0.5245024061847265
40388.3077	0.5245243071093875
40401.82002	0.5245868750055599
40415.33233	0.5246242506827454
40428.84465	0.5246680100415204
40442.356960000005	0.5247529331967243
40455.86927	0.524801599999829
40469.38159	0.5248494302911322
40482.893899999995	0.524929695481594
40496.406220000004	0.5249648588684331
40509.91853	0.5249998348218212
40523.430850000004	0.5250792077280604
40536.943159999995	0.5251137873437293
40550.45547	0.5251796338288821
40563.96779	0.5252128145429005
40577.4801	0.5252608600111224
40590.992419999995	0.5253676926682932
40604.50472999999	0.5254342048328113
40618.017049999995	0.5255043839663005
40631.52936	0.5256224075375817
40645.04168	0.5256786280577105
40658.55399	0.5257330953675916
40672.066300000006	0.5258381331757047
40685.57862000001	0.5258822103032755
40699.090930000006	0.5259237703741297
40712.60325	0.5260273290429507
40726.11556	0.5260674865512049
40739.62788	0.526110445838728
40753.140190000006	0.5262273903514576
40766.6525	0.5262862920358385
40780.16482	0.5264140660080415
40793.67713	0.5264778431637118
40807.18945	0.5265421756750903
40820.70176	0.5266608340036469
40834.214080000005	0.5267014123222218
40847.726389999996	0.5267350494144927
40861.23871	0.5268313085272535
40874.75102	0.5268476675262073
40888.26333	0.5268623441792992
40901.77565	0.5269540657898021
40915.28796	0.5269713711628764
40928.800279999996	0.5269967625026857
40942.31259	0.5271050158724525
40955.82491	0.5271354942102632
40969.33722	0.527161829958364
40982.84953	0.5272688109780461
40996.36185000001	0.5272870714560902
41009.87416	0.5272923147979454
41023.38648	0.5273742243249611
41036.89878999999	0.5273675573833404
41050.411109999994	0.5274326301899048
41063.92342000001	0.527403662725357
41077.43573999999	0.527381839951752
41090.94805	0.5274498822894748
41104.46036	0.5274371063076801
41117.97268	0.5274306114481112
41131.484990000004	0.5275181079827533
41144.99731	0.5275160419088183
41158.509620000004	0.5275077274303233
41172.021940000006	0.5275811409336135
41185.53425	0.5275611363275303
41199.04657	0.5275334262781374
41212.55888	0.5275867952315806
41226.07119	0.5275509366307888
41239.583510000004	0.527517797787092
41253.09582	0.5275810071240985
41266.608140000004	0.5275703656032436
41280.12045	0.527654961552634
41293.632770000004	0.5276625500952302
41307.145079999995	0.5276850817436729
41320.65739	0.5278015497003552
41334.16971	0.5278394769835903
41347.68202	0.5278801584723535
41361.19434	0.5280037112432567
41374.70664999999	0.528042771980072
41388.218969999994	0.5280829340761273
41401.73128000001	0.5282086369168432
41415.2436	0.5282621820445705
41428.75591	0.5283258837107193
41442.26821999999	0.5284851444276233
41455.78053999999	0.5285943821990455
41469.292850000005	0.5287199969602909
41482.80517	0.5289322752358563
41496.31748	0.5290806823887282
41509.8298	0.5292342949550499
41523.342110000005	0.5294614717078807
41536.854419999996	0.5296295811341665
41550.36674	0.529868723221292
41563.879049999996	0.5300392108480432
41577.39136999999	0.5302076286127018
41590.90368	0.5304514173642655
41604.416000000005	0.5306435236601965
41617.928309999996	0.5308414709017171
41631.44063	0.5311051559596097
41644.95294	0.5313199450073753
41658.46525	0.5315423573481659
41671.97757	0.5318222677417415
41685.489879999994	0.5320461697279272
41699.0022	0.5322626054542305
41712.51451	0.5325081421831719
41726.02683	0.5326903749419991
41739.53914	0.5328611795297212
41753.051459999995	0.5330558677407342
41766.56377000001	0.5331968219668636
41780.07608	0.533364373175682
41793.5884	0.533491019769351
41807.10071	0.533600334934249
41820.61303	0.5337314335745138
41834.125340000006	0.5338223033699772
41847.63765999999	0.5339024321088368
41861.14997	0.5339897192882948
41874.66228	0.5340228979749033
41888.1746	0.5340277930383881
41901.686910000004	0.534023044849525
41915.19923	0.533965046324927
41928.711540000004	0.5338863749705396
41942.223860000006	0.5337970688422653
41955.73617	0.5336657399883267
41969.248490000005	0.533519968140349
41982.7608	0.5333786833344536
41996.27311	0.5332076126880716
42009.785429999996	0.5330143640941358
42023.29774	0.5328229013163208
42036.81006	0.5326063722220494
42050.32237	0.5323788050470126
42063.83469	0.5321234750181426
42077.346999999994	0.5318587934783
42090.85931	0.531575977552674
42104.37163	0.5312655745552056
42117.88394	0.5309376539643889
42131.39626	0.5306101866007522
42144.90856999999	0.5302727544841808
42158.420889999994	0.5299334825385251
42171.93320000001	0.5295968567252761
42185.44552	0.5292672263796516
42198.95783	0.5289284174292725
42212.47013999999	0.5285895277792452
42225.98246000001	0.5282550316164869
42239.49477	0.5279177193029426
42253.00709	0.5275583564625055
42266.5194	0.5271881155228295
42280.03171999999	0.5267906418557639
42293.544030000005	0.5263694210835254
42307.056339999996	0.5259194439745094
42320.56866	0.5254548489303391
42334.08097000001	0.5249760796177959
42347.593290000004	0.5244599770820445
42361.1056	0.5239027157270851
42374.617920000004	0.5233265881596275
42388.130229999995	0.522705546654431
42401.64255	0.5220262519124814
42415.15486	0.5213022249909824
42428.66717	0.520522047220726
42442.17949	0.5196404559952615
42455.6918	0.5186297825346446
42469.20412000001	0.5175057358641282
42482.71643	0.5162542996084301
42496.22875	0.5148683362877455
42509.74105999999	0.513277587182796
42523.253379999995	0.5115368853107267
42536.76569000001	0.5096271904598202
42550.278	0.5075265102417744
42563.79032	0.5051895642611665
42577.30263	0.5026236046642549
42590.81495	0.4998262250904264
42604.327260000005	0.4967829080203888
42617.83958	0.4934666912425932
42631.35189	0.4897886016435014
42644.864199999996	0.4858056225604253
42658.37652	0.4815220933894654
42671.88883	0.4769473681264853
42685.40115	0.471960462613332
42698.91346	0.4666190297223843
42712.425780000005	0.4609750864771414
42725.938089999996	0.4550287885054219
42739.450410000005	0.448710124748312
42752.962719999996	0.4420000616885093
42766.47503	0.4350007253277363
42779.987349999996	0.427728030531104
42793.49966	0.4201536879431565
42807.01198	0.4121400158800952
42820.52429	0.4039057930282124
42834.03661	0.3954467735826033
42847.548919999994	0.386784126879597
42861.06123	0.3777508540119491
42874.57355	0.3685641333227433
42888.08586	0.3592557863248435
42901.59818	0.3498546196258939
42915.11048999999	0.3402280940723576
42928.62280999999	0.3305445994951053
42942.135120000006	0.3208611115523943
42955.64744	0.3111665409644762
42969.15975	0.3014067408016278
42982.672060000004	0.291683591605973
42996.184380000006	0.2820243568585792
43009.69669	0.2724536122536558
43023.20901	0.2629502924436036
43036.72132	0.2535459809495321
43050.23363999999	0.2443113699862535
43063.745950000004	0.2352312606231075
43077.258259999995	0.2263032462055124
43090.77058	0.2175694397773266
43104.28289000001	0.2090341613511098
43117.795210000004	0.200712209792964
43131.30752	0.1926058124586812
43144.819840000004	0.1847071387017076
43158.332149999995	0.1770340672359309
43171.84447	0.1695954849359331
43185.35678	0.1623652765698959
43198.86909	0.1553598241791761
43212.38141	0.1485876665463387
43225.89372000001	0.1420310372670138
43239.40604000001	0.1356954026569561
43252.91835	0.1295906861464559
43266.43067	0.1236952891841078
43279.94297999999	0.1180155262873331
43293.455299999994	0.1125550535780021
43306.96760999999	0.1072968956837707
43320.47992	0.1022429321900414
43333.99224	0.0973796802154356
43347.50455	0.0927130147693291
43361.01687	0.0882400517275069
43374.529180000005	0.0839385539634656
43388.0415	0.0798115491326411
43401.55381	0.0758646634060446
43415.066119999996	0.0720784036371167
43428.57844	0.0684476905941715
43442.09075	0.0649743672606845
43455.60307	0.061658389731421
43469.11538	0.0584935088617913
43482.6277	0.0554713460019928
43496.14001	0.0525801812652862
43509.652330000004	0.0498304525257051
43523.16464	0.0472099961411778
43536.67695	0.0447091247920708
43550.189269999995	0.0423249334984239
43563.70158	0.0400637439081228
43577.2139	0.0379088481116002
43590.72621	0.0358566696927543
43604.23853	0.0339007803637684
43617.75083999999	0.0320557271328319
43631.263150000006	0.0303009896219809
43644.77547000001	0.0286318624145466
43658.28778	0.027043854803467
43671.8001	0.0255522664143325
43685.31240999999	0.0241354740408359
43698.82472999999	0.0227895873724986
43712.33704	0.0215114693779753
43725.84936	0.0203123407692567
43739.36167	0.0191752756313036
43752.873980000004	0.0180954487649935
43766.386300000006	0.0170765756777019
43779.89861	0.0161244515402667
43793.41093	0.0152221428363966
43806.92324	0.0143603180957607
43820.43555999999	0.0135449232920825
43833.94787	0.0127828975467577
43847.460179999995	0.0120644610758673
43860.972499999996	0.0113781684549283
43874.48481000001	0.0107350706103803
43887.99713	0.0101334896923618
43901.50944	0.0095681529339052
43915.02176	0.0090262022981282
43928.534069999994	0.0085219743569083
43942.046389999996	0.0080497475399172
43955.5587	0.0076065678748646
43969.07101	0.0071761788872877
43982.583329999994	0.0067782603781614
43996.09564000001	0.0064073617118158
44009.60796000001	0.0060600674945588
44023.12027	0.0057241820165106
44036.63259	0.0054119860354327
44050.14489999999	0.0051233003892016
44063.657219999994	0.0048489784406284
44077.16953000001	0.0045816955861215
44090.68184	0.0043313775892908
44104.19416	0.0041039588725242
44117.70647	0.0038904889656156
44131.21879	0.0036855556155684
44144.731100000005	0.0034911453803198
44158.24342	0.0033165182525222
44171.755730000004	0.0031469064070955
44185.268039999995	0.002983208087326
44198.780360000004	0.0028255551080874
44212.292669999995	0.0026886575236253
44225.80499	0.0025551328685784
44239.3173	0.0024254705718728
44252.82962	0.0023001762741771
44266.34193	0.0021891497167381
44279.854250000004	0.0020828011377592
44293.36656	0.0019780156966026
44306.87887	0.0018796908672237
44320.391189999995	0.0017914270911803
44333.9035	0.0017090126453809
44347.41582	0.0016244872722347
44360.92813	0.0015471702376563
44374.44045	0.0014764978790168
44387.95275999999	0.0014124825267915
44401.465070000006	0.0013428095368885
44414.97739000001	0.0012797563274818
44428.4897	0.0012224011521067
44442.00202	0.0011696178649416
44455.51432999999	0.0011112816175045
44469.02665	0.0010568326223925
44482.53896	0.0010108836401239
44496.05128	0.0009721736803898
44509.56359	0.0009314749500033
44523.0759	0.0008898676986993
44536.588220000005	0.00085493550899
44550.100529999996	0.0008197630203413
44563.61285	0.0007834831569432
44577.125159999996	0.0007441385334951
44590.63747999999	0.0007133970709434
44604.14979	0.0006835998259356
44617.662110000005	0.0006533805328218
44631.174419999996	0.0006224919939413
44644.68673000001	0.0005997139402179
44658.19905	0.0005810285955919
44671.71136	0.0005581403948733
44685.22368	0.0005319433243573
44698.735989999994	0.0005076711570483
44712.24831000001	0.0004882998031472
44725.76062	0.0004641686082447
44739.27293	0.0004425378365014
44752.78524999999	0.0004242987112582
44766.297560000006	0.0004169367097554
44779.80988000001	0.0004040373935957
44793.32219	0.000387850754578
44806.83451	0.000371359148365
44820.34682	0.0003598077476281
44833.85914	0.0003472678384901
44847.371450000006	0.0003297031117117
44860.88376	0.000315697391477
44874.39608	0.0003047827596769
44887.90839	0.0002967659832044
44901.42071	0.0002801999877049
44914.933020000004	0.0002663604799858
44928.44534	0.0002549013098893
44941.957650000004	0.0002467302946638
44955.469959999995	0.0002357804086013
44968.982280000004	0.0002259736526697
44982.494589999995	0.0002219201869431
44996.00691	0.0002169776980352
45009.51922	0.0002095304517254
45023.031539999996	0.0001984744316046
45036.54385	0.0001950706972806
45050.05617	0.0001909639892542
45063.56848	0.0001851031328768
45077.08079000001	0.0001726169980946
45090.593109999994	0.0001652221606551
45104.10542	0.0001608686167759
45117.61774	0.0001542530776755
45131.13005	0.0001463168657678
45144.64237	0.0001398108752998
45158.15468000001	0.0001382576040423
45171.666990000005	0.0001297263058513
45185.17931	0.0001176706083907
45198.69162	0.0001089140550785
45212.20394	0.0001080464586974
45225.71625	0.0001067552806889
45239.22857	0.0001025483647801
45252.74088	9.771051987478088e-05
45266.2532	9.534973355600224e-05
45279.76551	9.589080176753914e-05
45293.27782	9.066591690608762e-05
45306.790140000005	8.646082542474094e-05
45320.302449999996	8.351685467690697e-05
45333.81477	8.554859035630369e-05
45347.32708	8.307156166567453e-05
45360.839400000004	7.803267890698571e-05
45374.35171	7.31466605346224e-05
45387.864030000004	7.178452298126081e-05
45401.376339999995	7.126693533927487e-05
45414.88865	6.735205157945912e-05
45428.40097	6.407335822368229e-05
45441.91328	6.1465818680973e-05
45455.425599999995	6.00443368400608e-05
45468.93791000001	5.674142381577545e-05
45482.45023000001	5.4620542489053423e-05
45495.96254	5.518624082735697e-05
45509.47485	5.43671561632757e-05
45522.98716999999	5.13679265739322e-05
45536.499480000006	4.6922744630347246e-05
45550.01180000001	4.685459020060087e-05
45563.52411	4.779165856069455e-05
45577.03643	4.677532744651578e-05
45590.54874	4.073507742933286e-05
45604.06106	3.8401914704389686e-05
45617.573370000006	3.9673755368254014e-05
45631.08568	4.019546525754503e-05
45644.598	3.854309326154536e-05
45658.11031	3.486562614727758e-05
45671.62263	3.42152128706574e-05
45685.134939999996	3.318896455989346e-05
45698.64726	3.2281612443465853e-05
45712.15957	3.0102665980793337e-05
45725.67188	2.9202976878216247e-05
45739.1842	2.9481973841207813e-05
45752.696509999994	2.7740722852953996e-05
45766.208829999996	2.590936779328491e-05
45779.72114	2.3946338539139417e-05
45793.233459999996	2.4390308393085485e-05
45806.74577	2.346044334675033e-05
45820.25809	2.1255316284705043e-05
45833.7704	1.7487885204502357e-05
45847.28271000001	1.5945027774840178e-05
45860.795029999994	1.6009510726546323e-05
45874.30734	1.4605157826823528e-05
45887.81966	1.4138612913375864e-05
45901.33197	1.455664662132518e-05
45914.84429	1.5935449918390537e-05
45928.35659999999	1.5720744980880816e-05
45941.868910000005	1.4761598535740291e-05
45955.38123	1.340075424465978e-05
45968.89354	1.3313959919768713e-05
45982.40586	1.376771619307986e-05
45995.918170000004	1.238246859790608e-05
46009.430490000006	1.1635766443495325e-05
46022.94281000001	0.0
46036.45513	0.0
