39982.93828	0.0
39996.45059	0.0
40009.9629	1.858056454668727e-05
40023.47521	1.928968990883435e-05
40036.98753	1.8789684393324378e-05
40050.499840000004	1.8549441487757053e-05
40064.012160000006	1.8499662661628688e-05
40077.52447	1.9150468356687287e-05
40091.03679	1.9871591649493856e-05
40104.5491	2.052600926665408e-05
40118.06141	2.10440763877673e-05
40131.573730000004	2.149781697179062e-05
40145.08604	2.0708033438439245e-05
40158.598359999996	1.9348699012605064e-05
40172.11067	1.8636173988318628e-05
40185.62299	1.8244511126380244e-05
40199.1353	1.8575884826854653e-05
40212.64761	1.953397662570521e-05
40226.159929999994	2.065139349126394e-05
40239.67224	2.1947454981749777e-05
40253.18456	2.3818135711787973e-05
40266.69687	2.458261609257724e-05
40280.20919	2.307387868043319e-05
40293.72150000001	2.123958452957379e-05
40307.233819999994	2.1356422872434603e-05
40320.74613	2.339166388683586e-05
40334.25844	2.6811953483240297e-05
40347.77076	2.9112793819643985e-05
40361.283070000005	2.81639062484236e-05
40374.79538999999	2.6696874803120348e-05
40388.3077	2.7825276453486705e-05
40401.82002	3.0735592078206934e-05
40415.33233	3.391258069972211e-05
40428.84465	3.617399276411694e-05
40442.356960000005	3.889620106890051e-05
40455.86927	4.048584746817782e-05
40469.38159	4.199115037758144e-05
40482.893899999995	4.487304283607024e-05
40496.406220000004	4.747741287124107e-05
40509.91853	5.045607426137528e-05
40523.430850000004	5.528074358915321e-05
40536.943159999995	6.399388431992453e-05
40550.45547	7.299659346529853e-05
40563.96779	7.959686443252491e-05
40577.4801	8.552936580073797e-05
40590.992419999995	9.075622440848676e-05
40604.50472999999	9.548544776290555e-05
40618.017049999995	0.0001006941002375
40631.52936	0.0001084069962068
40645.04168	0.0001163945215285
40658.55399	0.0001224793279063
40672.066300000006	0.000129063108673
40685.57862000001	0.0001378202475757
40699.090930000006	0.0001492692610779
40712.60325	0.0001621868567894
40726.11556	0.0001748441718882
40739.62788	0.0001882381647885
40753.140190000006	0.000204371475857
40766.6525	0.0002229269314398
40780.16482	0.0002430081422877
40793.67713	0.000263745082771
40807.18945	0.0002860111386175
40820.70176	0.0003117673865253
40834.214080000005	0.0003408433226558
40847.726389999996	0.0003729350882603
40861.23871	0.0004076310983826
40874.75102	0.0004448537298032
40888.26333	0.000485808017618
40901.77565	0.000532774371747
40915.28796	0.0005844020366783
40928.800279999996	0.0006403812828264
40942.31259	0.0007015696540368
40955.82491	0.0007685977091878
40969.33722	0.0008419902174898
40982.84953	0.0009230587218531
40996.36185000001	0.001013525864213
41009.87416	0.0011129740041198
41023.38648	0.0012220284459525
41036.89878999999	0.001342162985117
41050.411109999994	0.001477330064642
41063.92342000001	0.001630285624234
41077.43573999999	0.0018008602704093
41090.94805	0.0019901489988378
41104.46036	0.0021994088050646
41117.97268	0.0024317646745703
41131.484990000004	0.0026916793876034
41144.99731	0.0029843306455111
41158.509620000004	0.003313366680704
41172.021940000006	0.003682698369417
41185.53425	0.0040962622639709
41199.04657	0.0045611255690397
41212.55888	0.0050862322866783
41226.07119	0.0056792636596029
41239.583510000004	0.0063479661438507
41253.09582	0.0071047141594428
41266.608140000004	0.0079591145944671
41280.12045	0.0089263189499557
41293.632770000004	0.0100187470409529
41307.145079999995	0.0112610153515441
41320.65739	0.0126748231152629
41334.16971	0.0142797458768885
41347.68202	0.0161057142840476
41361.19434	0.0181900769657922
41374.70664999999	0.0205684281119448
41388.218969999994	0.0232796339635958
41401.73128000001	0.0263786008464277
41415.2436	0.0299149781838097
41428.75591	0.0339551587455213
41442.26821999999	0.038574027205593
41455.78053999999	0.0438456355551113
41469.292850000005	0.0498546621317279
41482.80517	0.0567015729415452
41496.31748	0.0644744567022498
41509.8298	0.073294324120001
41523.342110000005	0.0832451738739424
41536.854419999996	0.0944060255222948
41550.36674	0.1069065318713209
41563.879049999996	0.1208081784660048
41577.39136999999	0.1361871495365112
41590.90368	0.1530069920469857
41604.416000000005	0.1712143056282647
41617.928309999996	0.1908116375321639
41631.44063	0.211725569066345
41644.95294	0.2337734337765267
41658.46525	0.2566378764867217
41671.97757	0.2798511684501227
41685.489879999994	0.3033426010708298
41699.0022	0.3268614720802388
41712.51451	0.3501370764030078
41726.02683	0.3726458720225855
41739.53914	0.3937366693279121
41753.051459999995	0.4137922872342964
41766.56377000001	0.4325687561795704
41780.07608	0.4499953718550046
41793.5884	0.4658845588856231
41807.10071	0.4797610011140319
41820.61303	0.4922322773903624
41834.125340000006	0.5032913831103918
41847.63765999999	0.5130251305685318
41861.14997	0.5214705198772975
41874.66228	0.528318149231101
41888.1746	0.5341891480191784
41901.686910000004	0.5391716288634525
41915.19923	0.5432902526482937
41928.711540000004	0.5466172750667271
41942.223860000006	0.5492201155815564
41955.73617	0.5513040646196494
41969.248490000005	0.5529501535691663
41982.7608	0.5542475251177044
41996.27311	0.5552502055093939
42009.785429999996	0.555948229082661
42023.29774	0.5564794745138766
42036.81006	0.5568784557034685
42050.32237	0.557199541774321
42063.83469	0.5573913885071435
42077.346999999994	0.5575163952838913
42090.85931	0.5576367546939287
42104.37163	0.5577277525369762
42117.88394	0.5577811108748445
42131.39626	0.5578432280291179
42144.90856999999	0.5579382148935688
42158.420889999994	0.558026863367759
42171.93320000001	0.5581181975994802
42185.44552	0.5582434593719572
42198.95783	0.5584104637047238
42212.47013999999	0.5585503790344306
42225.98246000001	0.5587058323940378
42239.49477	0.5588860050644024
42253.00709	0.5590742778342359
42266.5194	0.5592236089761151
42280.03171999999	0.5593829692060271
42293.544030000005	0.5595491851835708
42307.056339999996	0.5596982048464585
42320.56866	0.5597922415997401
42334.08097000001	0.559906559508699
42347.593290000004	0.5599995810732858
42361.1056	0.560051796139718
42374.617920000004	0.5600727273591708
42388.130229999995	0.5601204913298785
42401.64255	0.560130742281965
42415.15486	0.5601165235278638
42428.66717	0.5600800318461929
42442.17949	0.560045009106634
42455.6918	0.5599379734106908
42469.20412000001	0.5597790846699786
42482.71643	0.5595781060054463
42496.22875	0.5593616365741109
42509.74105999999	0.5590338467017795
42523.253379999995	0.5586538511979308
42536.76569000001	0.5582332688398862
42550.278	0.5577583282528793
42563.79032	0.557151104234503
42577.30263	0.5564509439205324
42590.81495	0.5556605196147385
42604.327260000005	0.55475189758258
42617.83958	0.5536650228126301
42631.35189	0.5523736841670235
42644.864199999996	0.5508714998460194
42658.37652	0.5490967417963715
42671.88883	0.5469975101977216
42685.40115	0.5444021193687756
42698.91346	0.5413172461412423
42712.425780000005	0.5378522884399106
42725.938089999996	0.5341614029410549
42739.450410000005	0.5307510402341671
42752.962719999996	0.5288352253881233
42766.47503	0.5288424911073436
42779.987349999996	0.5309138188610667
42793.49966	0.535146178912843
42807.01198	0.5398994047512566
42820.52429	0.543727760690164
42834.03661	0.5463300793270136
42847.548919999994	0.5475760958439793
42861.06123	0.5475914679761155
42874.57355	0.5472759960429423
42888.08586	0.546806126725505
42901.59818	0.5463243371763948
42915.11048999999	0.5457972038962452
42928.62280999999	0.5452820501704202
42942.135120000006	0.5448139716326243
42955.64744	0.5443511061788007
42969.15975	0.5438709178174438
42982.672060000004	0.5434421628798147
42996.184380000006	0.5430243032590032
43009.69669	0.5426303781215006
43023.20901	0.5422494633236965
43036.72132	0.5418974337660706
43050.23363999999	0.5416141876941732
43063.745950000004	0.5413388649893347
43077.258259999995	0.5410740212022718
43090.77058	0.5409203065767355
43104.28289000001	0.540788506346295
43117.795210000004	0.5406879778536385
43131.30752	0.5406257682243587
43144.819840000004	0.5406148982238155
43158.332149999995	0.5406355135190972
43171.84447	0.5407044245519529
43185.35678	0.5407475182945691
43198.86909	0.5408623036759594
43212.38141	0.5410238956290135
43225.89372000001	0.5411603375859425
43239.40604000001	0.5412937044866732
43252.91835	0.5415024844128234
43266.43067	0.5416615574637422
43279.94297999999	0.5417955231825029
43293.455299999994	0.5419328213244226
43306.96760999999	0.5420544758392265
43320.47992	0.5421658941267429
43333.99224	0.5421978495861641
43347.50455	0.542179867217278
43361.01687	0.5421576634970042
43374.529180000005	0.5420284859727484
43388.0415	0.5418200056865448
43401.55381	0.541565150165941
43415.066119999996	0.5412096485494173
43428.57844	0.5407587558187279
43442.09075	0.540240744832325
43455.60307	0.5396103874586495
43469.11538	0.5389031706589977
43482.6277	0.5381360311342374
43496.14001	0.5372428940733485
43509.652330000004	0.5362909935671587
43523.16464	0.535294229401474
43536.67695	0.5342205047884145
43550.189269999995	0.5330944070179209
43563.70158	0.5319421421498184
43577.2139	0.5307645495978797
43590.72621	0.5295646751508427
43604.23853	0.5283142882686583
43617.75083999999	0.5270750826311881
43631.263150000006	0.5258114475454405
43644.77547000001	0.5244958896936899
43658.28778	0.5231149083439888
43671.8001	0.5216602187898192
43685.31240999999	0.5200613611720508
43698.82472999999	0.518294159488347
43712.33704	0.5162647275806327
43725.84936	0.5138705118764162
43739.36167	0.5110781512134633
43752.873980000004	0.5078300987713709
43766.386300000006	0.5037897165299364
43779.89861	0.4989467665311516
43793.41093	0.4933128148557504
43806.92324	0.4868280304423109
43820.43555999999	0.4787521291938012
43833.94787	0.4695782854983906
43847.460179999995	0.4592849862513497
43860.972499999996	0.4475747867208767
43874.48481000001	0.4340213902866727
43887.99713	0.4192757995575024
43901.50944	0.4034081173986981
43915.02176	0.3858088884160311
43928.534069999994	0.3668473961485183
43942.046389999996	0.3470967794517756
43955.5587	0.3267572441629328
43969.07101	0.3049860561149681
43982.583329999994	0.2831506400895799
43996.09564000001	0.2614665927244933
44009.60796000001	0.2398850234724235
44023.12027	0.2184711145983031
44036.63259	0.1979872387740176
44050.14489999999	0.178584259489034
44063.657219999994	0.1600471203128686
44077.16953000001	0.1428057820559483
44090.68184	0.1270086164842113
44104.19416	0.1125982632479803
44117.70647	0.0994774503238238
44131.21879	0.0877472392870178
44144.731100000005	0.0772933044714556
44158.24342	0.0680060338700558
44171.755730000004	0.0598051359893771
44185.268039999995	0.0525858132866849
44198.780360000004	0.0462407309826938
44212.292669999995	0.0406952544639794
44225.80499	0.0358373288842836
44239.3173	0.0315827096762803
44252.82962	0.0278668245600772
44266.34193	0.0246261461536124
44279.854250000004	0.0217879812031748
44293.36656	0.0192998665667392
44306.87887	0.0171304833182133
44320.391189999995	0.0152265979726474
44333.9035	0.0135514367995492
44347.41582	0.0120782638605394
44360.92813	0.0107832648651763
44374.44045	0.0096402319974079
44387.95275999999	0.0086313738004205
44401.465070000006	0.0077423777437958
44414.97739000001	0.0069527003041303
44428.4897	0.0062509034226215
44442.00202	0.0056297394891628
44455.51432999999	0.0050766697668026
44469.02665	0.0045839179145449
44482.53896	0.0041458133579278
44496.05128	0.0037567874725532
44509.56359	0.0034057819825419
44523.0759	0.0030891058261085
44536.588220000005	0.0028062558281464
44550.100529999996	0.0025533100839444
44563.61285	0.0023251433732711
44577.125159999996	0.0021183165045484
44590.63747999999	0.0019329825891699
44604.14979	0.0017662490013174
44617.662110000005	0.001616204725971
44631.174419999996	0.0014802492856057
44644.68673000001	0.0013571414142819
44658.19905	0.0012454937813961
44671.71136	0.0011444661005379
44685.22368	0.0010517827977352
44698.735989999994	0.0009671549539293
44712.24831000001	0.000890278678312
44725.76062	0.0008202261639281
44739.27293	0.0007561859338229
44752.78524999999	0.0006976569344172
44766.297560000006	0.0006447763245189
44779.80988000001	0.0005956294227254
44793.32219	0.000550245785172
44806.83451	0.0005088663845069
44820.34682	0.0004717156265613
44833.85914	0.0004372854812652
44847.371450000006	0.000404752220849
44860.88376	0.0003756093514142
44874.39608	0.0003498441567281
44887.90839	0.0003272066844818
44901.42071	0.0003047185584384
44914.933020000004	0.0002824664528333
44928.44534	0.0002608732092951
44941.957650000004	0.0002402686364807
44955.469959999995	0.0002223531090962
44968.982280000004	0.0002073200951552
44982.494589999995	0.0001964782925588
44996.00691	0.0001861693466185
45009.51922	0.0001751727979141
45023.031539999996	0.0001627842902124
45036.54385	0.0001529761904941
45050.05617	0.0001448394472057
45063.56848	0.0001383065434845
45077.08079000001	0.0001298396467218
45090.593109999994	0.00012222816855
45104.10542	0.0001154931691582
45117.61774	0.0001095019606133
45131.13005	0.0001029228438213
45144.64237	9.648055278888002e-05
45158.15468000001	9.111016387269304e-05
45171.666990000005	8.685341992276987e-05
45185.17931	8.313808983313076e-05
45198.69162	7.980694734174327e-05
45212.20394	7.68764895090925e-05
45225.71625	7.339825093417553e-05
45239.22857	6.900268667731839e-05
45252.74088	6.370502417026108e-05
45266.2532	5.908311940815199e-05
45279.76551	5.516888724950584e-05
45293.27782	5.121832773484956e-05
45306.790140000005	4.776881549000645e-05
45320.302449999996	4.492328745180829e-05
45333.81477	4.1688110976363866e-05
45347.32708	3.670651504036235e-05
45360.839400000004	3.134871236772707e-05
45374.35171	2.7532498365315392e-05
45387.864030000004	2.680750469574959e-05
45401.376339999995	2.7130239099603885e-05
45414.88865	2.6859596332889574e-05
45428.40097	2.582639125151567e-05
45441.91328	2.4647062717421073e-05
45455.425599999995	2.3662736794277423e-05
45468.93791000001	2.168436564847588e-05
45482.45023000001	2.0934250588831234e-05
45495.96254	2.0049043544666774e-05
45509.47485	0.0
45522.987160000004	0.0
