36469.73654	0.0
36483.24885	0.0
36496.76116	2.6599482875149012e-05
36510.27347	2.6971071145014637e-05
36523.78579	2.7344666714564404e-05
36537.2981	2.7394063329476444e-05
36550.81042	2.7297044703042056e-05
36564.32273	2.7296553637289927e-05
36577.835040000005	2.732890466526193e-05
36591.34736	2.7602973263438627e-05
36604.85967	2.809395557598942e-05
36618.37199	2.8547520469307792e-05
36631.8843	2.90984473245152e-05
36645.39662	2.9717577885481055e-05
36658.90893	3.0498579050371483e-05
36672.42125	3.147153231501239e-05
36685.933560000005	3.235045271496242e-05
36699.445869999996	3.296738984752055e-05
36712.95819	3.359254990511441e-05
36726.4705	3.4459651092180025e-05
36739.98282	3.553412318971168e-05
36753.49513	3.6665059093119675e-05
36767.007450000005	3.784661253501123e-05
36780.519759999996	3.911283085757953e-05
36794.032080000004	4.042212360615965e-05
36807.54439	4.1930972220977864e-05
36821.0567	4.332061554224998e-05
36834.56902	4.418537226342818e-05
36848.08133	4.498587967249013e-05
36861.59365	4.600984047508847e-05
36875.10596	4.70685481194467e-05
36888.618279999995	4.835548230956907e-05
36902.13059	4.99319373993739e-05
36915.6429	5.167102089095348e-05
36929.15522	5.395799829889063e-05
36942.66753	5.67285523451679e-05
36956.17985	5.978037340324475e-05
36969.69216	6.3317020180555e-05
36983.20448	6.697103712257805e-05
36996.71679	7.042357534592855e-05
37010.22911	7.391219986328196e-05
37023.74142	7.751464601349806e-05
37037.253730000004	8.150855057114861e-05
37050.76605	8.577865362021975e-05
37064.278360000004	8.992483833075622e-05
37077.79068	9.409126970007372e-05
37091.30299	9.887423134887136e-05
37104.81531	0.000104378496692
37118.32762	0.0001103830751686
37131.83993	0.0001167094814627
37145.35225	0.0001233505294513
37158.864559999995	0.0001309594237489
37172.37688	0.0001396299167552
37185.88919	0.0001490087770241
37199.401509999996	0.0001586857790263
37212.91382	0.0001687713016909
37226.42614	0.0001800827528016
37239.93845	0.0001927121295568
37253.45076	0.0002058169708021
37266.96308	0.00021918717991
37280.47539	0.0002331088321338
37293.98771	0.0002479988346339
37307.50002	0.0002646704740694
37321.01234	0.0002829758715863
37334.52465	0.0003021515015308
37348.036960000005	0.0003223824669083
37361.54928	0.0003440481656749
37375.06159	0.0003673742466707
37388.57391	0.0003925823597752
37402.08622	0.0004190389571991
37415.59854	0.0004463829285378
37429.11085	0.0004752344394524
37442.62317	0.0005057671999125
37456.135480000004	0.0005380709102274
37469.647789999995	0.0005725347581246
37483.16011	0.0006089885740461
37496.67242	0.0006476984639886
37510.18474	0.0006894579938286
37523.69705	0.0007338542274689
37537.209370000004	0.0007806481827476
37550.72168	0.0008300927514103
37564.234000000004	0.000882164921709
37577.74631	0.0009373987190152
37591.25862	0.0009960697021743
37604.77094	0.0010576141494203
37618.28325	0.0011223284567429
37631.79557	0.00119075039341
37645.30788	0.0012627553959568
37658.8202	0.0013387399248757
37672.33251	0.0014189311597477
37685.84482	0.0015031188382735
37699.35714	0.0015919354346069
37712.86945	0.0016855831108447
37726.38177	0.0017835807653494
37739.89408	0.0018865496968416
37753.4064	0.0019949951633969
37766.91871	0.0021087776821736
37780.43103	0.0022287927657237
37793.94334	0.00235511657811
37807.45565	0.0024878884339086
37820.96797	0.0026280140251312
37834.48028	0.0027757227358346
37847.992600000005	0.0029312699200873
37861.504909999996	0.0030956821221425
37875.01723	0.0032694049076324
37888.52954	0.0034528835810136
37902.04185	0.0036470736558937
37915.55417	0.0038524388864798
37929.06648	0.0040699360814751
37942.5788	0.004300998157081
37956.09111	0.0045461692455106
37969.603429999996	0.00480659104269
37983.11574	0.0050840134881261
37996.62806	0.0053790745266409
38010.14037	0.0056930119304476
38023.65268	0.006027851063119
38037.165	0.0063852629137273
38050.67731	0.0067672050495712
38064.18963	0.0071761717355278
38077.70194	0.0076137437901676
38091.21426	0.0080820450117232
38104.72657	0.0085847306170441
38118.23889	0.0091243295113444
38131.7512	0.0097034333240773
38145.26351	0.0103263308634002
38158.77583	0.0109965906330489
38172.28814	0.0117183120128694
38185.80046	0.0124973916663934
38199.31277	0.0133380223045932
38212.82509	0.0142449515500603
38226.337400000004	0.0152262444305321
38239.849709999995	0.0162880851950496
38253.36203	0.017436217577604
38266.87434	0.0186797642375339
38280.38666	0.0200248423792782
38293.89897	0.0214830061015808
38307.411290000004	0.023063764989413
38320.9236	0.0247762329858276
38334.43592	0.0266352754365505
38347.94823	0.0286525886829377
38361.46054	0.0308397815665943
38374.97286	0.0332157335642101
38388.48517	0.0357944149525599
38401.99749	0.0385893987024904
38415.5098	0.0416233724310984
38429.02212	0.0449120623291837
38442.53443	0.0484703480314859
38456.04674	0.0523249854154676
38469.55906	0.0564931819546171
38483.07137	0.0609912182702415
38496.58369	0.0658488516169892
38510.096	0.0710769885186494
38523.60832	0.076706896568865
38537.120630000005	0.0827539353479835
38550.63295	0.0892292738431794
38564.14526	0.0961621349760827
38577.65757	0.1035598203127222
38591.16989	0.1114228538366991
38604.6822	0.1197743638723359
38618.194520000005	0.1286103506315128
38631.706829999996	0.1379187296943847
38645.219150000004	0.1477121492175832
38658.73146	0.1579702389358575
38672.24377	0.1686637736494068
38685.75609	0.1797925112058546
38699.2684	0.1913195798040771
38712.78072	0.2031975400964544
38726.29303	0.2154095000931641
38739.805349999995	0.2278985489640554
38753.31766	0.2406001879908189
38766.82998	0.2534850393480015
38780.34229	0.2664708799559376
38793.8546	0.2795202315884206
38807.36692	0.2925563146032003
38820.87923	0.30550775054766
38834.39155	0.3183439183767554
38847.90386	0.3309924588786104
38861.41618	0.3433895068288968
38874.92849	0.3555139051426222
38888.44081	0.3673060990586787
38901.95312	0.3787241714709496
38915.465430000004	0.3897606071109213
38928.97775	0.4003748448404067
38942.49006	0.4105409351587669
38956.00238	0.4202663635875138
38969.514689999996	0.4295267280697875
38983.02701	0.4383156941936456
38996.53932	0.4466502963282268
39010.05163	0.4545298154371132
39023.56395	0.4619658598261099
39037.07626	0.4689749388720875
39050.588579999996	0.4755754812887546
39064.10089	0.481773383428405
39077.61321	0.4875998207740296
39091.12552	0.4930831039222337
39104.63784	0.4982182480716831
39118.15015	0.5030363869349989
39131.66246	0.5075678077959112
39145.17478	0.511796309650963
39158.68709	0.5157547671651266
39172.19941	0.5194783652413293
39185.71172	0.5229415666749249
39199.22404	0.526176108815424
39212.73635	0.5292218720899874
39226.24866	0.5320409548744113
39239.76098	0.5346667307407215
39253.27329	0.5371453909825314
39266.78561	0.5394280564298848
39280.29792	0.5415775624133388
39293.81024	0.5435499609161614
39307.322550000004	0.5453773764387619
39320.83487	0.5470995543295685
39334.34718	0.548663177096371
39347.85949	0.5501078574242673
39361.37181	0.5514723240464017
39374.88412	0.5526950086244293
39388.396440000004	0.5538224341971623
39401.90875	0.5548928263267328
39415.421070000004	0.5558394636124744
39428.93338	0.5567103436030594
39442.44569	0.5575455961706669
39455.95801	0.558270246684246
39469.47032	0.5589343134155693
39482.98264	0.5595828399880043
39496.49495	0.5601323220193026
39510.007269999995	0.5606820515317685
39523.51958	0.5611448985278773
39537.0319	0.5615638233766114
39550.54421	0.5619977873009261
39564.05652	0.562357097459147
39577.56884	0.5626868844110741
39591.08115	0.5630418870151864
39604.59347	0.5633324197059516
39618.10578	0.5636011649599435
39631.6181	0.5638977698676864
39645.13041	0.5641384096836952
39658.64273	0.5643639609172366
39672.15504	0.5646222740519358
39685.66735	0.5648299548169748
39699.179670000005	0.5650274775513839
39712.691979999996	0.5652618161635157
39726.2043	0.565448442272676
39739.71661	0.5656339569205924
39753.22893	0.5658590508332945
39766.74124	0.5660379511606852
39780.25355	0.5662636126525569
39793.76587	0.5664368079208348
39807.27818	0.5666081871864077
39820.790499999996	0.5668238953496925
39834.30281	0.5669911468775202
39847.81513	0.5671550800643704
39861.32744	0.5673629350839224
39874.83976	0.5675266303858986
39888.35207	0.5676843485709367
39901.86438	0.5678872123284341
39915.3767	0.5680483612936563
39928.88901	0.5682050373135052
39942.40133	0.5684045024180524
39955.91364	0.5685636634183555
39969.42596	0.5687190193636149
39982.93827	0.5689112291254753
39996.45058	0.5690651141070607
40009.9629	0.5692142419310087
40023.47521	0.5693637595296738
40036.98753	0.5694939090951032
40050.499840000004	0.5696453083687297
40064.012160000006	0.5697713711891338
40077.52447	0.569898821841911
40091.03679	0.5700520810166794
40104.5491	0.5701790308361275
40118.06141	0.5703058301882312
40131.573730000004	0.5704606841359946
40145.08604	0.5705884371585415
40158.598359999996	0.5707141559969253
40172.11067	0.5708646658146552
40185.62299	0.5709902568542745
40199.1353	0.5711109895052191
40212.64761	0.5712591921807064
40226.159929999994	0.5713868529937045
40239.67224	0.5715107729458806
40253.18456	0.5716635949742258
40266.69687	0.5717933520825318
40280.20919	0.571949924592335
40293.72150000001	0.5720773079813897
40307.233819999994	0.5722086815769447
40320.74613	0.5723691972671948
40334.25844	0.5724945924648035
40347.77076	0.5726222537726754
40361.283070000005	0.5727820376934254
40374.79538999999	0.5729071572859292
40388.3077	0.5730318811569566
40401.82002	0.5731966849672934
40415.33233	0.5733244428217885
40428.84465	0.5734501303326278
40442.356960000005	0.5736187407821411
40455.86927	0.5737479118119801
40469.38159	0.5738732040107809
40482.893899999995	0.5740391759189517
40496.406220000004	0.5741644062096414
40509.91853	0.5742816645496008
40523.430850000004	0.5744421589478836
40536.943159999995	0.5745586252853236
40550.45547	0.5747196131049277
40563.96779	0.574829523758412
40577.4801	0.5749404023236655
40590.992419999995	0.5751050737415586
40604.50472999999	0.5752109776143979
40618.017049999995	0.5753179291114803
40631.52936	0.5754813832996077
40645.04168	0.5755825570725257
40658.55399	0.5756780247959861
40672.066300000006	0.5758334518336568
40685.57862000001	0.5759240663289993
40699.090930000006	0.5760054997696447
40712.60325	0.5761524571697925
40726.11556	0.5762319173814456
40739.62788	0.57630668901717
40753.140190000006	0.5764490767048053
40766.6525	0.5765254665099433
40780.16482	0.5766704929585764
40793.67713	0.5767390890096658
40807.18945	0.5768098788358438
40820.70176	0.5769558567924691
40834.214080000005	0.5770195448008854
40847.726389999996	0.5770801916108734
40861.23871	0.5772218612478395
40874.75102	0.5772793871355941
40888.26333	0.577335776876756
40901.77565	0.5774770788904416
40915.28796	0.5775367378390622
40928.800279999996	0.5775932600140825
40942.31259	0.5777379423690403
40955.82491	0.5778020266168852
40969.33722	0.5778625165801572
40982.84953	0.5780119138600466
40996.36185000001	0.5780757207322981
41009.87416	0.5781392045733315
41023.38648	0.5782885664186496
41036.89878999999	0.5783502122470527
41050.411109999994	0.578505270696915
41063.92342000001	0.5785658781227025
41077.43573999999	0.5786272368507515
41090.94805	0.5787873939219368
41104.46036	0.5788552181272957
41117.97268	0.5789215679015989
41131.484990000004	0.5790882914320633
41144.99731	0.5791611261340952
41158.509620000004	0.579231168838044
41172.021940000006	0.5793935523428317
41185.53425	0.5794637178166786
41199.04657	0.5795291875360086
41212.55888	0.5796853787958711
41226.07119	0.5797464416281484
41239.583510000004	0.5798075338890213
41253.09582	0.5799586833093022
41266.608140000004	0.5800146746439644
41280.12045	0.5801683835559608
41293.632770000004	0.5802252885916348
41307.145079999995	0.5802795910538032
41320.65739	0.5804248542769559
41334.16971	0.5804769285012605
41347.68202	0.5805206388004569
41361.19434	0.580650919260488
41374.70664999999	0.5806884089744961
41388.218969999994	0.5807203464987765
41401.73128000001	0.5808307588776588
41415.2436	0.5808517211851016
41428.75591	0.5808705178922273
41442.26821999999	0.5809672919890688
41455.78053999999	0.5809775765894656
41469.292850000005	0.580988293137733
41482.80517	0.5810751411980564
41496.31748	0.5810727837696253
41509.8298	0.5810691672844577
41523.342110000005	0.5811381456394207
41536.854419999996	0.5811240222745582
41550.36674	0.5811761055345355
41563.879049999996	0.581152704021313
41577.39136999999	0.5811224355844712
41590.90368	0.5811541875331068
41604.416000000005	0.5811140710759417
41617.928309999996	0.5810739807605758
41631.44063	0.5810917690037878
41644.95294	0.5810410692358201
41658.46525	0.5809910192247634
41671.97757	0.5809969462945054
41685.489879999994	0.5809332638928035
41699.0022	0.5808676927009344
41712.51451	0.5808509712367248
41726.02683	0.580778804929408
41739.53914	0.5807027952167905
41753.051459999995	0.5806685645000531
41766.56377000001	0.5805887788296609
41780.07608	0.5805433158356001
41793.5884	0.5804579019688911
41807.10071	0.5803744330276268
41820.61303	0.5803249980920178
41834.125340000006	0.5802373176767609
41847.63765999999	0.5801525691713328
41861.14997	0.5800983597001228
41874.66228	0.5800117282005623
41888.1746	0.5799227746444819
41901.686910000004	0.5798601594416486
41915.19923	0.5797711461426165
41928.711540000004	0.5796793502634294
41942.223860000006	0.5796088046099585
41955.73617	0.579521045690828
41969.248490000005	0.5794331140397246
41982.7608	0.5793611155105256
41996.27311	0.5792796761251853
42009.785429999996	0.5792024940554039
42023.29774	0.579137810526108
42036.81006	0.5790634163540092
42050.32237	0.5790023965992774
42063.83469	0.5789327976599199
42077.346999999994	0.5788638876817173
42090.85931	0.5788023762933636
42104.37163	0.5787389472519104
42117.88394	0.578673911506985
42131.39626	0.5786114461051935
42144.90856999999	0.5785503956151516
42158.420889999994	0.5784926245137174
42171.93320000001	0.5784332558464584
42185.44552	0.5783768943809842
42198.95783	0.5783246838898071
42212.47013999999	0.5782720761921007
42225.98246000001	0.5782217199496875
42239.49477	0.5781746300110753
42253.00709	0.5781245401873707
42266.5194	0.5780756394573381
42280.03171999999	0.5780178697109358
42293.544030000005	0.5779651902561087
42307.056339999996	0.5779094384564145
42320.56866	0.5778409177415578
42334.08097000001	0.5777739402882043
42347.593290000004	0.5777073923203955
42361.1056	0.5776341961846846
42374.617920000004	0.5775686997362107
42388.130229999995	0.5775100742313173
42401.64255	0.5774530978533046
42415.15486	0.5774065055184507
42428.66717	0.5773641483134594
42442.17949	0.5773233572288747
42455.6918	0.5772914809105978
42469.20412000001	0.5772578986465047
42482.71643	0.5772187475485269
42496.22875	0.5771846110519431
42509.74105999999	0.5771469336652167
42523.253379999995	0.5771017421142308
42536.76569000001	0.5770598396887994
42550.278	0.5770175334668068
42563.79032	0.5769766037330547
42577.30263	0.5769351864203076
42590.81495	0.576894994826596
42604.327260000005	0.5768562432166107
42617.83958	0.576815205049475
42631.35189	0.5767751780730157
42644.864199999996	0.5767334901618955
42658.37652	0.5766884377640342
42671.88883	0.5766413793427969
42685.40115	0.576586274395547
42698.91346	0.5765284813872054
42712.425780000005	0.5764728268874958
42725.938089999996	0.576405803431671
42739.450410000005	0.5763371912713243
42752.962719999996	0.5762777191152215
42766.47503	0.5762070523255138
42779.987349999996	0.5761349568088221
42793.49966	0.5760765653709007
42807.01198	0.5760077562205459
42820.52429	0.5759499471331111
42834.03661	0.5758754721458941
42847.548919999994	0.5757987702558633
42861.06123	0.5757347641280381
42874.57355	0.5756486740065654
42888.08586	0.5755591710295973
42901.59818	0.5754874622634869
42915.11048999999	0.5753942006394244
42928.62280999999	0.5752980282429583
42942.135120000006	0.5752232400971947
42955.64744	0.5751277684410918
42969.15975	0.5750311932782922
42982.672060000004	0.5749573085255704
42996.184380000006	0.5748600411195035
43009.69669	0.574761895059773
43023.20901	0.5746864940693972
43036.72132	0.5745825344395099
43050.23363999999	0.5745055559912744
43063.745950000004	0.5744001725349648
43077.258259999995	0.5742919715032901
43090.77058	0.574211088909006
43104.28289000001	0.574102050446667
43117.795210000004	0.5739924281623048
43131.30752	0.573911727863775
43144.819840000004	0.5738005101058384
43158.332149999995	0.5736899678836084
43171.84447	0.5736098843857784
43185.35678	0.5734964558808908
43198.86909	0.5733822430269002
43212.38141	0.5732999929332123
43225.89372000001	0.5731834502437031
43239.40604000001	0.5730639258024967
43252.91835	0.5729756437479034
43266.43067	0.5728536001836504
43279.94297999999	0.5727292856439425
43293.455299999994	0.5726355105283503
43306.96760999999	0.5725091377343916
43320.47992	0.5724148525547654
43333.99224	0.5722865368764447
43347.50455	0.5721566351549343
43361.01687	0.5720595427037773
43374.529180000005	0.5719295703275762
43388.0415	0.5717981888839592
43401.55381	0.5716955725939483
43415.066119999996	0.5715603541226184
43428.57844	0.5714212186945691
43442.09075	0.571308152837384
43455.60307	0.5711601203513568
43469.11538	0.571009892383708
43482.6277	0.5708840148276906
43496.14001	0.5707126842399364
43509.652330000004	0.5705373128512332
43523.16464	0.5703743947683099
43536.67695	0.570192706161393
43550.189269999995	0.5700198609661522
43563.70158	0.5698288242304094
43577.2139	0.5696338400351395
43590.72621	0.5694430735103003
43604.23853	0.5692341733795836
43617.75083999999	0.5690181679793713
43631.263150000006	0.5688042199520414
43644.77547000001	0.5685738027840574
43658.28778	0.5683361521944179
43671.8001	0.5680985838597301
43685.31240999999	0.5678482171999055
43698.82472999999	0.5675920546120423
43712.33704	0.5673335658937233
43725.84936	0.5670666230856882
43739.36167	0.5667942914833488
43752.873980000004	0.5665184476859249
43766.386300000006	0.5662352148254549
43779.89861	0.5659489770013085
43793.41093	0.5656566224617599
43806.92324	0.5653614535633746
43820.43555999999	0.5650574026613475
43833.94787	0.564753439730721
43847.460179999995	0.5644460778588571
43860.972499999996	0.5641314564513155
43874.48481000001	0.5638196092356297
43887.99713	0.5635076456221184
43901.50944	0.5631865999878392
43915.02176	0.5628741982001049
43928.534069999994	0.5625627770330102
43942.046389999996	0.5622433649332339
43955.5587	0.561936413614202
43969.07101	0.5616315898933908
43982.583329999994	0.5613924431935561
43996.09564000001	0.5611297744077257
44009.60796000001	0.5608703675040374
44023.12027	0.5606369737995653
44036.63259	0.5603839455181336
44050.14489999999	0.5601561830293909
44063.657219999994	0.5599114494027999
44077.16953000001	0.5596713464154566
44090.68184	0.5594594713908727
44104.19416	0.5592323786189084
44117.70647	0.5590134765216132
44131.21879	0.5588201776110004
44144.731100000005	0.5586147051773402
44158.24342	0.5584147841439728
44171.755730000004	0.5582399005431244
44185.268039999995	0.5580512020822535
44198.780360000004	0.5578669354790214
44212.292669999995	0.5577054239930185
44225.80499	0.5575300672265958
44239.3173	0.5573600929122731
44252.82962	0.5572114857642791
44266.34193	0.5570514434046726
44279.854250000004	0.5568943723011324
44293.36656	0.5567606470640323
44306.87887	0.5566125290796438
44320.391189999995	0.5564875049008742
44333.9035	0.5563473437616024
44347.41582	0.5562121902708621
44360.92813	0.5560988095787068
44374.44045	0.5559700662342418
44387.95275999999	0.5558439160553407
44401.465070000006	0.5557403350034281
44414.97739000001	0.5556203441006352
44428.4897	0.5555014388448873
44442.00202	0.555406274862146
44455.51432999999	0.5552718060030215
44469.02665	0.5551395168001094
44482.53896	0.5550102932802929
44496.05128	0.5548783758144558
44509.56359	0.5547457356970487
44523.0759	0.5546209076233334
44536.588220000005	0.5544877984285126
44550.100529999996	0.5543623211414237
44563.61285	0.554227884167874
44577.125159999996	0.5540928544675862
44590.63747999999	0.5539679292277268
44604.14979	0.5538300984250719
44617.662110000005	0.5536926887577545
44631.174419999996	0.5535679350686036
44644.68673000001	0.5534296506736103
44658.19905	0.5532874108662813
44671.71136	0.553161517289193
44685.22368	0.5530159046876014
44698.735989999994	0.5528687626827358
44712.24831000001	0.5527377309431751
44725.76062	0.5525847759125131
44739.27293	0.5524292172974852
44752.78524999999	0.5522941092343673
44766.297560000006	0.5521323944251524
44779.80988000001	0.5519659544536579
44793.32219	0.5518251259317686
44806.83451	0.5516527809369828
44820.34682	0.5515070976928615
44833.85914	0.5513262310274405
44847.371450000006	0.5511430751960238
44860.88376	0.5509879567052899
44874.39608	0.5507964545130732
44887.90839	0.5506012967668811
44901.42071	0.5504402509744479
44914.933020000004	0.5502401891055629
44928.44534	0.5500342978868685
44941.957650000004	0.5498653145589496
44955.469959999995	0.5496425208881107
44968.982280000004	0.5494174806067377
44982.494589999995	0.5492206194146385
44996.00691	0.5489851989421874
45009.51922	0.548744859344993
45023.031539999996	0.5485395622674121
45036.54385	0.548290259146447
45050.05617	0.5480743761529077
45063.56848	0.5478148357902134
45077.08079000001	0.5475495448858771
45090.593109999994	0.5473231546821877
45104.10542	0.5470458092029968
45117.61774	0.5467647659645233
45131.13005	0.5465239013599044
45144.64237	0.5462346620544574
45158.15468000001	0.5459392991067857
45171.666990000005	0.5456870231585902
45185.17931	0.5453844755213759
45198.69162	0.5450766218184662
45212.20394	0.5448134306589051
45225.71625	0.544493732864242
45239.22857	0.5441719045564137
45252.74088	0.5438947733965207
45266.2532	0.5435620153399838
45279.76551	0.543222888300663
45293.27782	0.5429329999781709
45306.790140000005	0.5425887928933164
45320.302449999996	0.5422929417957074
45333.81477	0.5419423408876598
45347.32708	0.5415886258850491
45360.839400000004	0.5412897346024494
45374.35171	0.5409340599130923
45387.864030000004	0.5405763678650659
45401.376339999995	0.5402688751058772
45414.88865	0.5399084950670825
45428.40097	0.5395464419594631
45441.91328	0.539231922642109
45455.425599999995	0.538862868609198
45468.93791000001	0.5384896697383952
45482.45023000001	0.5381670949578293
45495.96254	0.5377925468005592
45509.47485	0.537418701688898
45522.98716999999	0.5370929381775333
45536.499480000006	0.5367208680075657
45550.01180000001	0.5363956629357187
45563.52411	0.5360234960793726
45577.03643	0.535655170509586
45590.54874	0.5353318195361043
45604.06106	0.5349659398557919
45617.573370000006	0.5345978291779638
45631.08568	0.5342736897838976
45644.598	0.533910671775592
45658.11031	0.533549246915958
45671.62263	0.5332269578035667
45685.134939999996	0.5328657065588582
45698.64726	0.5325098878656012
45712.15957	0.5321893169219525
45725.67188	0.531835193856274
45739.1842	0.5314793041078761
45752.696509999994	0.5311569658961273
45766.208829999996	0.5308062052959035
45779.72114	0.5304549600677164
45793.233459999996	0.5301306816734632
45806.74577	0.5297780076315148
45820.25809	0.5294521269243054
45833.7704	0.5291006939879506
45847.28271000001	0.5287486021853824
45860.795029999994	0.5284125927703476
45874.30734	0.5280568223893831
45887.81966	0.5277004225766068
45901.33197	0.527351411404529
45914.84429	0.526987579920694
45928.35659999999	0.5266219747587406
45941.868910000005	0.5262657163763746
45955.38123	0.5258961620306493
45968.89354	0.5255225802889208
45982.40586	0.5251500953021757
45995.918170000004	0.5247727906470222
46009.430490000006	0.5243949064758123
46022.9428	0.524006618071736
46036.45512	0.523617502336344
46049.96743	0.5232242480037981
46063.47974	0.522818326761133
46076.992060000004	0.5224125679644329
46090.504369999995	0.521985051116445
46104.01669	0.5215658529658568
46117.52900000001	0.5211401252314133
46131.041320000004	0.5206890235069456
46144.55363	0.5202457230458136
46158.065950000004	0.519797382476674
46171.578259999995	0.519321385575958
46185.09057	0.5188641847507985
46198.60289	0.5184011612530275
46212.1152	0.5178997435257934
46225.627519999995	0.5174242482067158
46239.13982999999	0.5169424695639203
46252.65215000001	0.5164180265967016
46266.16446	0.5159205259670425
46279.67677	0.5154170252207709
46293.18908999999	0.5148693935858051
46306.701400000005	0.5143531176216957
46320.21372000001	0.5137850802211223
46333.72603	0.5132538006690339
46347.23835	0.5127198202813239
46360.75066	0.5121322893861229
46374.26298	0.5115852836306086
46387.775290000005	0.5110340460262269
46401.287599999996	0.5104246170729657
46414.79992	0.509868218810476
46428.312229999996	0.5093068064870332
46441.824550000005	0.5086827203097819
46455.336859999996	0.5081142192786764
46468.84918	0.507545214100586
46482.36149	0.5069148179914653
46495.8738	0.5063401875869811
46509.38612	0.505763921953838
46522.898429999994	0.5051197208432648
46536.410749999995	0.5045408066965807
46549.92306000001	0.5039612603805335
46563.435379999995	0.5033083216979309
46576.94769	0.5027286790350299
46590.46001	0.5020796030658843
46603.97232	0.501505881863883
46617.484630000006	0.5009337350968617
46630.99694999999	0.5002904002545472
46644.509260000006	0.4997290706393292
46658.02158	0.4991731119449872
46671.53389	0.4985465414402716
46685.04621	0.4979981452064536
46698.55852	0.4974575564354588
46712.070830000004	0.4968494363197336
46725.58315	0.4963243106467956
46739.09546	0.4958052132049427
46752.60778	0.495213088271445
46766.120090000004	0.4947084369521628
46779.632410000006	0.4942116566526217
46793.14472	0.4936417665372822
46806.65704	0.4931563210187831
46820.169350000004	0.4926010004361865
46833.68166	0.4921351969556313
46847.193980000004	0.4916773470673941
46860.706289999995	0.4911506064232497
46874.218609999996	0.4907104891115119
46887.73092	0.4902824957982266
46901.24324	0.4897926295794155
46914.75555	0.4893853060930165
46928.26787	0.4889865878554796
46941.780179999994	0.4885238082908758
46955.29249	0.488146800699766
46968.80481	0.487779739050927
46982.31712	0.4873459907894809
46995.829439999994	0.4869929289603098
47009.34175000001	0.4866488091782419
47022.85407000001	0.4862458402300686
47036.36638	0.4859182617333424
47049.87869	0.4855944925511979
47063.39100999999	0.4852145814637604
47076.903320000005	0.4849097551892427
47090.41564000001	0.4845502049996647
47103.92795	0.484258356697649
47117.44027	0.4839711167549708
47130.95258	0.4836331506613862
47144.464900000006	0.4833618194100644
47157.97721	0.4830955834947789
47171.489519999996	0.4827741495887335
47185.001840000004	0.4825117992621439
47198.51415	0.4822543602339031
47212.026470000004	0.4819467697958068
47225.538779999995	0.4816912789796893
47239.0511	0.481434070662312
47252.56341	0.4811323499102543
47266.07572	0.4808803381088437
47279.58804	0.480625874307694
47293.10035	0.4803274739395742
47306.61267	0.4800694296919583
47320.12498000001	0.4797754888835887
47333.637299999995	0.4795199541251503
47347.14961	0.4792592666920018
47360.66193	0.4789616428513611
47374.17424	0.4786943523598969
47387.68654999999	0.4784264698608319
47401.19886999999	0.478126431607969
47414.711180000006	0.4778468489708979
47428.2235	0.4775611918134186
47441.73581	0.4772486400759401
47455.24813	0.4769555031560538
47468.76044	0.4766533252635218
47482.27276	0.4763247690203913
47495.78507	0.4760074517494049
47509.297379999996	0.4756847298045974
47522.8097	0.475346395297217
47536.32201	0.4750105041836768
47549.834330000005	0.4746664190859002
47563.346639999996	0.4743128618887293
47576.85896	0.473961842932519
47590.37127	0.4736045686116725
47603.88358	0.4732401590741887
47617.3959	0.4728691670772659
47630.908209999994	0.472482187683271
47644.420529999996	0.4720874146262969
47657.93284	0.4716859729707996
47671.44516	0.4712676898300711
47684.95747	0.4708528534411239
47698.469789999996	0.470435497038114
47711.982099999994	0.4700112592923001
47725.49441	0.4695845152092979
47739.00673	0.4691509983743427
47752.51904	0.4687187902932815
47766.03135999999	0.4682849472299458
47779.54367000001	0.4678474511599081
47793.05599000001	0.4674136705570011
47806.5683	0.4669703268773564
47820.08061000001	0.4665403032844089
47833.59293	0.4661025964356065
47847.105240000004	0.4656629807352815
47860.617560000006	0.4652370468884124
47874.12987	0.4647969388266306
47887.64219	0.4643613168302871
47901.1545	0.4639473159711241
47914.666820000006	0.4635137813870609
47928.17913	0.463080198222095
47941.69144	0.4626713697201282
47955.203760000004	0.4622458457327999
47968.71607	0.4618229640380832
47982.228390000004	0.4614255115713345
47995.740699999995	0.4610048777978998
48009.25302	0.4605885334636334
48022.76533000001	0.4602068119311228
48036.27764	0.4597991421800752
48049.78996	0.4593913706816699
48063.30227	0.459019207701021
48076.81459	0.4586220388551728
48090.32690000001	0.4582642876742486
48103.839219999994	0.4578763340053783
48117.35153	0.4574890919431132
48130.863849999994	0.4571420389268938
48144.37616	0.4567658590155249
48157.88846999999	0.456393342396784
48171.40079	0.4560575229130169
48184.913100000005	0.4556833637361802
48198.42542	0.4553113428029631
48211.93773	0.4549800143928428
48225.45005	0.4546098107285877
48238.96236	0.4542361967624313
48252.47468	0.4538982763424567
48265.98699	0.453522359156316
48279.499299999996	0.4531471505826667
48293.011620000005	0.4528077610895229
48306.52393	0.4524232794637302
48320.036250000005	0.4520737815391985
48333.548559999996	0.451684130133986
48347.06088	0.4512929653304172
48360.57318999999	0.4509343444629598
48374.0855	0.4505268915840321
48387.59782	0.4501107701191036
48401.110129999994	0.4497282660973588
48414.622449999995	0.4492987938439712
48428.13476	0.448855872909545
48441.64708	0.4484375628432642
48455.15939	0.4479679795652002
48468.671709999995	0.4474887212137428
48482.18402000001	0.4470359045176465
48495.69633	0.4465286964297414
48509.20865	0.4460067034812601
48522.72096	0.4455077062086456
48536.23327999999	0.4449619685645277
48549.745590000006	0.4444040792682469
48563.25791000001	0.4438624646247762
48576.77022	0.4432707604832188
48590.28253	0.4426981587362512
48603.79485	0.4420810907342389
48617.307160000004	0.4414505349268646
48630.81948	0.4408322100775974
48644.33179	0.4401671635636481
48657.84411	0.4394881371900603
48671.356420000004	0.4388248318413947
48684.868740000005	0.4381177558580191
48698.381049999996	0.4373928066525894
48711.89336	0.4366787925772316
48725.40568	0.4359271903529857
48738.91799	0.4351656809470695
48752.43031	0.4344144140050233
48765.942619999994	0.4336264332688901
48779.454939999996	0.432828503957365
48792.96725000001	0.4319097258043214
48806.47956	0.4309652994435057
48819.99188	0.430012973337905
48833.50419	0.4289356375302792
48847.01651	0.4279693913174878
48860.52881999999	0.4268837033637186
48874.041139999994	0.4259145794005194
48887.55345	0.4249413179110762
48901.065769999994	0.4238433001018473
48914.57808	0.4228643284530745
48928.09039	0.4218881736591521
48941.60271	0.4207907713819251
48955.115020000005	0.4198149374982717
48968.62734	0.4188382092054192
48982.13965	0.4177386434991783
48995.65197	0.4167697266663213
49009.164280000005	0.4158057120820203
49022.676600000006	0.4147169479393907
49036.18891	0.4137576204954382
49049.70122	0.4128044499434516
49063.213540000004	0.4117296779690879
49076.72585	0.410790106784603
49090.238170000004	0.4097210429752411
49103.750479999995	0.4087839606236223
49117.2628	0.4078508560291222
49130.77511	0.4067885482584011
49144.28742	0.4058606860633318
49157.79974	0.4049284711601834
49171.31204999999	0.4038554681914672
49184.824369999995	0.402912780521316
49198.33668	0.4019658202353832
49211.849	0.4008718720980856
49225.36131	0.3998996130204882
49238.873629999995	0.3989102292309415
49252.38594000001	0.3977636663936756
49265.89825	0.3967396646417762
49279.41057	0.3956897160114957
49292.92288	0.3944702802309096
49306.43519999999	0.39335761500579
49319.947510000005	0.3922115295211735
49333.45983000001	0.390888864992222
49346.97214	0.3896626465888442
49360.484449999996	0.3882464009910678
49373.99677	0.3869131685830009
49387.50908	0.3855259432773191
49401.0214	0.3839329624372617
49414.533709999996	0.3824151436811662
49428.04603	0.3808245834159339
49441.55834	0.3790048890705642
49455.070660000005	0.377254337658513
49468.582969999996	0.3754131604589972
49482.09528	0.3733430880694262
49495.60760000001	0.3713199003357517
49509.11991	0.3691970306407669
49522.63223	0.3668365547970426
49536.144539999994	0.364512725512584
49549.656859999996	0.3620937405947682
49563.16917000001	0.3594140661910439
49576.68148	0.356772484662554
49590.1938	0.3538782299981747
49603.70611	0.3510173019774041
49617.21843	0.3480517906357686
49630.73073999999	0.3448275067150206
49644.24306	0.3416424755898038
49657.755370000006	0.3383379792098588
49671.26769	0.3348021860279554
49684.78	0.3312961820556835
49698.29231	0.3276876863031723
49711.80463	0.3238497162351634
49725.316940000004	0.3200436405004112
49738.82926	0.3161601275992463
49752.34157	0.3120485363827703
49765.853890000006	0.3079931871420381
49779.366200000004	0.3038521727593465
49792.878520000006	0.2995165894558433
49806.39083	0.2952425262609378
49819.90314	0.2909025902799331
49833.41545999999	0.2863927099835834
49846.92777	0.2819392751929166
49860.440090000004	0.2773348722347306
49873.952399999995	0.2728027865697444
49887.464719999996	0.2682428033941765
49900.97703	0.2635412232070706
49914.48934	0.2589263320954072
49928.00166	0.2542981502796254
49941.51396999999	0.2495469037960197
49955.026289999994	0.2449072737426039
49968.5386	0.2402568900045817
49982.05092	0.2355138277722304
49995.56323	0.2308762332087129
50009.075549999994	0.2262530298565619
50022.58786000001	0.2216094772864265
50036.10017	0.2170498560897141
50049.61249	0.2125162519942551
50063.12479999999	0.2079384669869504
50076.63711999999	0.2034469044334387
50090.149430000005	0.1989408013938364
50103.66175	0.1945361830537663
50117.17406	0.1901680224079451
50130.686369999996	0.1857686703598302
50144.198690000005	0.1814879878993491
50157.711	0.1772506739359012
50171.22332	0.173005631832191
50184.735629999996	0.1688620658020782
50198.247950000004	0.1647725702210847
50211.76026	0.1606798995851432
50225.272580000004	0.1566962800606033
50238.784889999995	0.1527651725031178
50252.29720000001	0.1488381381686787
50265.80952000001	0.1450148473788189
50279.32183	0.1412423622834672
50292.83415	0.1374824447502202
50306.34646	0.133817818170367
50319.85878	0.1302087091350933
50333.37108999999	0.1266045139801236
50346.883409999995	0.1230959174236733
50360.39572	0.1195974091517626
50373.90803	0.116190733682909
50387.42035	0.1128347164300003
50400.93266	0.109488497064061
50414.44498	0.1062323088958322
50427.957290000006	0.1030212921948862
50441.46961	0.0998310855944842
50454.98192	0.0967202958073394
50468.49423	0.0936605722384875
50482.00655	0.0906156860541194
50495.518860000004	0.0876521210012403
50509.03118	0.0847373878387214
50522.543490000004	0.0818411665816599
50536.055810000005	0.0790243580625844
50549.56812	0.0762516657853131
50563.080440000005	0.0735061656656128
50576.592749999996	0.0708325535268822
50590.10506	0.0681882821053819
50603.61737999999	0.0656149730633628
50617.12969	0.0630933263288787
50630.64201	0.0605993223006198
50644.154319999994	0.058193631817045
50657.666639999996	0.0558404639545582
50671.17895	0.0535306949868414
50684.69126	0.0512841030450332
50698.20358	0.0490887750886637
50711.71588999999	0.0469465244845814
50725.228209999994	0.0448655586723177
50738.74052	0.0428452526103868
50752.25284	0.040875158032209
50765.76515	0.0389715111155298
50779.27746999999	0.0371269143467655
50792.78978000001	0.0353367874812537
50806.30209	0.0336130446733845
50819.81441	0.0319482188481368
50833.32671999999	0.0303394024827161
50846.83904	0.0287937604420333
50860.351350000004	0.0273046862717184
50873.86367	0.0258783100418413
50887.37598	0.024511595346667
50900.88829	0.0231973331868431
50914.400610000004	0.0219450513901731
50927.91292	0.0207485178336659
50941.42524	0.0196033433395056
50954.93755	0.0185159420220998
50968.44987000001	0.0174805042119696
50981.96218	0.0164927016731337
50995.474500000004	0.0155572774176341
51008.986809999995	0.0146702791962208
51022.49912000001	0.013826376292485
51036.01144000001	0.0130307223418254
51049.52375	0.0122777753766231
51063.03607	0.0115635837790294
51076.54838	0.0108914452585281
51090.0607	0.0102546495658152
51103.57300999999	0.0096563007348422
51117.08533	0.0090920403467737
51130.59764	0.0085579292201292
51144.10995	0.0080566350272997
51157.62227	0.0075845037682071
51171.13458	0.0071380089292204
51184.6469	0.0067197621944599
51198.159210000005	0.0063262875556217
51211.67153	0.0059545266052846
51225.18384	0.005606759685288
51238.696149999996	0.0052799448636803
51252.20847	0.0049715313430538
51265.72078	0.0046833241357177
51279.2331	0.0044127023328458
51292.74541	0.0041572877379595
51306.25772999999	0.0039188109337854
51319.77004	0.0036949443476309
51333.282360000005	0.0034835163580579
51346.794669999996	0.0032860169195801
51360.30698	0.0030993045497108
51373.819299999996	0.0029248988264091
51387.33161	0.0027610571946973
51400.84393	0.0026062517036514
51414.356239999994	0.0024617023099882
51427.868559999995	0.0023259471461271
51441.38087	0.0021975633485751
51454.89318	0.0020778465476573
51468.4055	0.0019653906382413
51481.917810000006	0.0018589236652098
51495.43013000001	0.0017594136114329
51508.94244	0.0016657547601087
51522.45476	0.0015769277451095
51535.96706999999	0.0014940056718244
51549.47938999999	0.0014159523070101
51562.991700000006	0.0013417534545466
51576.50401	0.0012722987117274
51590.01633	0.0012062607114013
51603.52864	0.0011445594449423
51617.040960000006	0.0010864318120285
51630.553270000004	0.0010312182042335
51644.06559	0.000979546961276
51657.5779	0.0009308251222045
51671.09021	0.0008845145885307
51684.602530000004	0.0008412863239603
51698.11484	0.0008005153179377
51711.62716	0.0007615375262943
51725.13947000001	0.000724882197827
51738.65179000001	0.0006900895812365
51752.1641	0.0006567044220006
51765.67642	0.0006252480242938
51779.188729999994	0.0005952498162856
51792.70104000001	0.0005663025721796
51806.213359999994	0.0005389752180269
51819.72567	0.0005131546835557
51833.23799	0.0004885323842682
51846.7503	0.0004655401763109
51860.26262	0.0004435659622176
51873.77493	0.0004230216194351
51887.28725	0.0004036464158853
51900.79956	0.0003853174378293
51914.31187	0.0003683787967742
51927.82419	0.000352366517218
51941.3365	0.0003370002571903
51954.84882	0.0003225674893285
51968.36113	0.0
51981.873439999996	0.0
