43469.11536999999	0.0
43482.627689999994	0.0
43496.14001	2.010160395962216e-05
43509.652330000004	2.057944436503064e-05
43523.16464	2.0988444492485268e-05
43536.67695	2.1306323029107067e-05
43550.189269999995	2.196433296669544e-05
43563.70158	2.1970311977152115e-05
43577.2139	2.2225216631962655e-05
43590.72621	2.4384155678518696e-05
43604.23853	2.6551193713115756e-05
43617.75083999999	2.715018754536706e-05
43631.263150000006	2.8107439756163606e-05
43644.77547000001	3.0781344397931955e-05
43658.28778	3.415111953853256e-05
43671.8001	3.734869987727591e-05
43685.31240999999	3.956379244307283e-05
43698.82472999999	4.095887660135289e-05
43712.33704	4.280149153744109e-05
43725.84936	4.732256952129092e-05
43739.36167	5.283228066253976e-05
43752.873980000004	5.883076672141475e-05
43766.386300000006	6.254538833021398e-05
43779.89861	6.591037955422106e-05
43793.41093	6.971769488553023e-05
43806.92324	7.464436803466539e-05
43820.43555999999	7.939038144503883e-05
43833.94787	8.348239597265173e-05
43847.460179999995	8.73702641128735e-05
43860.972499999996	9.184570676966238e-05
43874.48481000001	9.84073973088301e-05
43887.99713	0.0001049475310382
43901.50944	0.000110758339563
43915.02176	0.0001138788909134
43928.534069999994	0.0001185358329173
43942.046389999996	0.000125223549983
43955.5587	0.0001347012172262
43969.07101	0.000143959615424
43982.583329999994	0.0001541088947022
43996.09564000001	0.0001654738881096
44009.60796000001	0.0001788204245493
44023.12027	0.0001903310647555
44036.63259	0.0002010191055856
44050.14489999999	0.000211263834704
44063.657219999994	0.0002234679427774
44077.16953000001	0.0002364971797441
44090.68184	0.0002504688975984
44104.19416	0.0002655455572511
44117.70647	0.0002823163670483
44131.21879	0.0002997333897949
44144.731100000005	0.0003180404301652
44158.24342	0.0003391126300774
44171.755730000004	0.0003643737272428
44185.268039999995	0.0003922897827256
44198.780360000004	0.0004221470885295
44212.292669999995	0.0004528160834609
44225.80499	0.0004847520042536
44239.3173	0.0005178856001196
44252.82962	0.0005515462841691
44266.34193	0.0005881537686762
44279.854250000004	0.0006280948501112
44293.36656	0.0006718384072402
44306.87887	0.0007186961291283
44320.391189999995	0.0007696713111919
44333.9035	0.0008250408723573
44347.41582	0.0008852822245153
44360.92813	0.0009501264414964
44374.44045	0.0010204298627054
44387.95275999999	0.0010971292378051
44401.465070000006	0.0011802995028196
44414.97739000001	0.0012694822444057
44428.4897	0.0013653630439687
44442.00202	0.0014694922243546
44455.51432999999	0.0015818583105368
44469.02665	0.0017036015029562
44482.53896	0.0018359838436074
44496.05128	0.0019828440287736
44509.56359	0.0021427143395387
44523.0759	0.0023165947669988
44536.588220000005	0.0025060121952217
44550.100529999996	0.0027148487100536
44563.61285	0.0029443548036588
44577.125159999996	0.0031972798103618
44590.63747999999	0.0034751591784105
44604.14979	0.0037800328398824
44617.662110000005	0.0041150299367409
44631.174419999996	0.0044866214312002
44644.68673000001	0.0048953689235076
44658.19905	0.0053455197334135
44671.71136	0.0058445380307904
44685.22368	0.0064004306717286
44698.735989999994	0.0070175111849046
44712.24831000001	0.0077046681276266
44725.76062	0.0084691382562762
44739.27293	0.0093187858315814
44752.78524999999	0.0102649658445345
44766.297560000006	0.0113311402388187
44779.80988000001	0.0125218992133163
44793.32219	0.0138524915558608
44806.83451	0.0153451203042856
44820.34682	0.0170235217932167
44833.85914	0.0189045980015124
44847.371450000006	0.021020318637645
44860.88376	0.0234168343333267
44874.39608	0.0261144957164259
44887.90839	0.0291554357966201
44901.42071	0.0326063255222529
44914.933020000004	0.0365002135576059
44928.44534	0.0408990436848653
44941.957650000004	0.0458961954559727
44955.469959999995	0.0515431458531747
44968.982280000004	0.0579209637909031
44982.494589999995	0.0651386571246138
44996.00691	0.0732737002315408
45009.51922	0.0824217870042261
45023.031539999996	0.0926990698276003
45036.54385	0.1041517188639845
45050.05617	0.1168968734775408
45063.56848	0.1310280638896934
45077.08079000001	0.146374729725987
45090.593109999994	0.1631023536350085
45104.10542	0.1812327282388371
45117.61774	0.2002952286483407
45131.13005	0.2203057913461909
45144.64237	0.2412749449472142
45158.15468000001	0.2625030029426453
45171.666990000005	0.2836529251202845
45185.17931	0.3049466934503816
45198.69162	0.3256957937634011
45212.20394	0.3452062273853086
45225.71625	0.3641159689583793
45239.22857	0.3819900781098959
45252.74088	0.3977868565867817
45266.2532	0.4126114521868564
45279.76551	0.4263627453272785
45293.27782	0.4377210564309151
45306.790140000005	0.4480558975481104
45320.302449999996	0.4573800655306356
45333.81477	0.4647593436212657
45347.32708	0.4711295806277685
45360.839400000004	0.4766717642036664
45374.35171	0.480880502678417
45387.864030000004	0.4843111660655278
45401.376339999995	0.4872074490615066
45414.88865	0.4892571012765417
45428.40097	0.4908235330398021
45441.91328	0.4921248358070803
45455.425599999995	0.4929910822911751
45468.93791000001	0.493568102878633
45482.45023000001	0.4940553422313861
45495.96254	0.4943762537084205
45509.47485	0.4945958985260344
45522.98716999999	0.4948171266371325
45536.499480000006	0.4949561487363133
45550.01180000001	0.4951818312940845
45563.52411	0.4953747455871193
45577.03643	0.4955747462370491
45590.54874	0.495840157327891
45604.06106	0.4960981007216584
45617.573370000006	0.4963986569449028
45631.08568	0.4967374755049075
45644.598	0.4970469418112607
45658.11031	0.4973687058978527
45671.62263	0.4977700164050398
45685.134939999996	0.4981150373794968
45698.64726	0.498435666391459
45712.15957	0.4987679570415534
45725.67188	0.4990575369807127
45739.1842	0.4993379785833566
45752.696509999994	0.4995545117000737
45766.208829999996	0.4997195475158845
45779.72114	0.499862662860931
45793.233459999996	0.4999901266171755
45806.74577	0.5000359010383906
45820.25809	0.5000499405169373
45833.7704	0.4999945225058352
45847.28271000001	0.4999077611899602
45860.795029999994	0.4998067049062965
45874.30734	0.499590897951372
45887.81966	0.4993613556172508
45901.33197	0.4991303345106815
45914.84429	0.498830021053301
45928.35659999999	0.4984907019411204
45941.868910000005	0.4981204033798687
45955.38123	0.4977473353958928
45968.89354	0.4973545955069104
45982.40586	0.4969437474394562
45995.918170000004	0.4964866862227127
46009.430490000006	0.4960443528700163
46022.9428	0.4956155892310941
46036.45512	0.4951735558920752
46049.96743	0.4947260739446731
46063.47974	0.4942646095797012
46076.992060000004	0.4938528904797384
46090.504369999995	0.4934207800233165
46104.01669	0.4929866001144128
46117.52900000001	0.4925577633976647
46131.041320000004	0.4921326045320293
46144.55363	0.4917577332872442
46158.065950000004	0.4913760453974658
46171.578259999995	0.4909771308933552
46185.09057	0.4906153112558901
46198.60289	0.4902860389981229
46212.1152	0.4899251666793064
46225.627519999995	0.4895705738138842
46239.13982999999	0.489234365198771
46252.65215000001	0.4888764411659251
46266.16446	0.4885742851925273
46279.67677	0.4882482929127628
46293.18908999999	0.487878012979612
46306.701400000005	0.4875633956111769
46320.21372000001	0.4872067898820913
46333.72603	0.4868842347687174
46347.23835	0.4865176029494208
46360.75066	0.4861144599720268
46374.26298	0.4857637895238834
46387.775290000005	0.485406054389082
46401.287599999996	0.4849682380445858
46414.79992	0.4845556958957131
46428.312229999996	0.4841517976742177
46441.824550000005	0.4836769776257734
46455.336859999996	0.4832388482237048
46468.84918	0.4827621804708506
46482.36149	0.4822296546550801
46495.8738	0.4817675083248302
46509.38612	0.4812673649301729
46522.898429999994	0.4806812398335687
46536.410749999995	0.480121157345955
46549.92306000001	0.4795703799440857
46563.435379999995	0.4789458358003836
46576.94769	0.4783482451742934
46590.46001	0.4776627661009065
46603.97232	0.4770367390128341
46617.484630000006	0.4764287652486228
46630.99694999999	0.4757249945602932
46644.509260000006	0.4750697452316315
46658.02158	0.4743986161677778
46671.53389	0.4736605530804761
46685.04621	0.4730016847137652
46698.55852	0.4722978149732382
46712.070830000004	0.4715154124432242
46725.58315	0.4708076168942116
46739.09546	0.4701138308822127
46752.60778	0.4693394781668485
46766.120090000004	0.4686001251348529
46779.632410000006	0.4678612595467004
46793.14472	0.4670498129740775
46806.65704	0.4663122956277875
46820.169350000004	0.4654743838935551
46833.68166	0.4646854471164325
46847.193980000004	0.4639029830823306
46860.706289999995	0.4630439659813046
46874.218609999996	0.4622510098675169
46887.73092	0.4614121508947752
46901.24324	0.4604928461729727
46914.75555	0.4596419619165416
46928.26787	0.4587584401146314
46941.780179999994	0.4577833195402905
46955.29249	0.4568116310848158
46968.80481	0.4558274398998064
46982.31712	0.4547667712054725
46995.829439999994	0.4536825225767386
47009.34175000001	0.4525482716313783
47022.85407000001	0.4512770689452005
47036.36638	0.4499936056805101
47049.87869	0.4486522872707689
47063.39100999999	0.4471162825791592
47076.903320000005	0.445509021637911
47090.41564000001	0.4437637772508028
47103.92795	0.4418881447841496
47117.44027	0.4398591211966161
47130.95258	0.4376211794648579
47144.464900000006	0.435113662412408
47157.97721	0.4324564659790005
47171.489519999996	0.4294904043335423
47185.001840000004	0.4261869386127948
47198.51415	0.4226777548547705
47212.026470000004	0.4186333363923093
47225.538779999995	0.4142841461167541
47239.0511	0.4096773236969457
47252.56341	0.4042458400369421
47266.07572	0.3985599569208958
47279.58804	0.3923864720934548
47293.10035	0.385489369404342
47306.61267	0.3783283066161803
47320.12498000001	0.3703291942887776
47333.637299999995	0.3618386502457469
47347.14961	0.3530702265886756
47360.66193	0.3432422352524971
47374.17424	0.3331949083124297
47387.68654999999	0.3226443158128619
47401.19886999999	0.3114014868191155
47414.711180000006	0.3000796068087168
47428.2235	0.2881050248335521
47441.73581	0.2758670199700427
47455.24813	0.2636469582082629
47468.76044	0.2508444054994163
47482.27276	0.2382366925585932
47495.78507	0.2255935691078909
47509.297379999996	0.212877306591098
47522.8097	0.2005266877559981
47536.32201	0.1881703548830484
47549.834330000005	0.176185234202756
47563.346639999996	0.164627942568714
47576.85896	0.1532742969425002
47590.37127	0.1425120141291892
47603.88358	0.1321802095984203
47617.3959	0.1223309769795062
47630.908209999994	0.113079571287045
47644.420529999996	0.1042547929617081
47657.93284	0.0960302532579877
47671.44516	0.0883468902514449
47684.95747	0.0811561319253823
47698.469789999996	0.0745063287806359
47711.982099999994	0.0683219288327903
47725.49441	0.0626171936894792
47739.00673	0.0573657144179726
47752.51904	0.0525182956207782
47766.03135999999	0.0480748519997748
47779.54367000001	0.0439982202639748
47793.05599000001	0.0402676959319223
47806.5683	0.0368539561908388
47820.08061000001	0.0337325583863971
47833.59293	0.0308815529372043
47847.105240000004	0.0282792453819335
47860.617560000006	0.0259108821359829
47874.12987	0.0237464603220953
47887.64219	0.0217736551965717
47901.1545	0.0199738260210076
47914.666820000006	0.0183291102835296
47928.17913	0.0168340284539596
47941.69144	0.0154677121202983
47955.203760000004	0.0142225840262514
47968.71607	0.0130863910776567
47982.228390000004	0.0120471852116983
47995.740699999995	0.0111008367752606
48009.25302	0.0102330645885208
48022.76533000001	0.0094407287935543
48036.27764	0.0087158386606442
48049.78996	0.008049984401335
48063.30227	0.0074407169969624
48076.81459	0.0068791956921783
48090.32690000001	0.006363518102152
48103.839219999994	0.0058928490443034
48117.35153	0.0054602209078376
48130.863849999994	0.0050678346888246
48144.37616	0.004705628944643
48157.88846999999	0.004372237620559
48171.40079	0.0040655580815946
48184.913100000005	0.0037812492819876
48198.42542	0.003518887912872
48211.93773	0.0032765417007547
48225.45005	0.0030523365992126
48238.96236	0.0028473140159536
48252.47468	0.0026576153278856
48265.98699	0.0024822299303866
48279.499299999996	0.0023191566357104
48293.011620000005	0.002167748429185
48306.52393	0.002029475619973
48320.036250000005	0.001901322022267
48333.548559999996	0.0017828260272309
48347.06088	0.0016714928274724
48360.57318999999	0.0015669858083778
48374.0855	0.0014704112345942
48387.59782	0.0013805110333674
48401.110129999994	0.0012982132053327
48414.622449999995	0.0012212800662903
48428.13476	0.0011494951706078
48441.64708	0.0010830638735148
48455.15939	0.0010207525790949
48468.671709999995	0.000962568151675
48482.18402000001	0.0009081737556699
48495.69633	0.0008572513290293
48509.20865	0.0008097015475247
48522.72096	0.0007649514127204
48536.23327999999	0.0007218000619898
48549.745590000006	0.0006815192413887
48563.25791000001	0.000644149800465
48576.77022	0.0006096105417
48590.28253	0.0005772703877671
48603.79485	0.0005445234802025
48617.307160000004	0.0005140717824297
48630.81948	0.0004860830893979
48644.33179	0.0004623215169672
48657.84411	0.0004411122076342
48671.356420000004	0.0004202460862024
48684.868740000005	0.000399941391823
48698.381049999996	0.0003796306587475
48711.89336	0.0003612260510504
48725.40568	0.0003443163507956
48738.91799	0.0003284002758703
48752.43031	0.0003133512719302
48765.942619999994	0.0002992687844019
48779.454939999996	0.0002861484599422
48792.96725000001	0.0002738540818926
48806.47956	0.0002610351662901
48819.99188	0.0002486732055194
48833.50419	0.0002374746495635
48847.01651	0.0002276705467182
48860.52881999999	0.0002193914659855
48874.041139999994	0.0002105145765665
48887.55345	0.0002016008006429
48901.065769999994	0.0001915440207457
48914.57808	0.0001823254395986
48928.09039	0.0001742324964872
48941.60271	0.0001670019930319
48955.115020000005	0.0001605347675834
48968.62734	0.0001541928924978
48982.13965	0.0001479044918924
48995.65197	0.0001411211882796
49009.164280000005	0.0001345462985392
49022.676600000006	0.0001282052530411
49036.18891	0.0001226389366984
49049.70122	0.0001175123874874
49063.213540000004	0.0001113778977104
49076.72585	0.0001053096288398
49090.238170000004	9.887886229314994e-05
49103.750479999995	9.382365151088792e-05
49117.2628	8.968268269452769e-05
49130.77511	8.70111388486071e-05
49144.28742	8.4786188564612e-05
49157.79974	8.305907959023132e-05
49171.31204999999	8.12853306296334e-05
49184.824369999995	7.942471823093523e-05
49198.33668	7.715422556642302e-05
49211.849	7.476444978772931e-05
49225.36131	7.369117676846084e-05
49238.873629999995	7.300642855835459e-05
49252.38594000001	7.329758900984089e-05
49265.89825	7.292607483599187e-05
49279.41057	7.181584632221141e-05
49292.92288	6.993926794866066e-05
49306.43519999999	6.791580737544717e-05
49319.947510000005	6.573653815018435e-05
49333.45983000001	6.331669058770185e-05
49346.97214	6.029252602288348e-05
49360.484449999996	5.738838729768747e-05
49373.99677	5.458474671251122e-05
49387.50908	5.214016269390236e-05
49401.0214	4.98314956062091e-05
49414.533709999996	4.750690276064392e-05
49428.04603	4.567362760896474e-05
49441.55834	4.448837800622345e-05
49455.070660000005	4.3630562425628504e-05
49468.582969999996	4.299284883588363e-05
49482.09528	4.199200254939876e-05
49495.60760000001	4.098294774316664e-05
49509.11991	4.009113031690181e-05
49522.63223	3.920991830325712e-05
49536.144539999994	3.8312121209328465e-05
49549.656859999996	3.779951278895992e-05
49563.16917000001	3.757585112397507e-05
49576.68148	3.754994757806176e-05
49590.1938	3.738338887320912e-05
49603.70611	3.491952628389573e-05
49617.21843	3.198614113876539e-05
49630.73073999999	2.8948018893611503e-05
49644.24306	2.750021260534001e-05
49657.755370000006	2.7025111830678445e-05
49671.26769	2.6106839560038617e-05
49684.78	2.5230319338492628e-05
49698.29231	2.4417298877364267e-05
49711.80463	2.4190766471484613e-05
49725.316940000004	2.525537389081737e-05
49738.82926	2.5729974879446193e-05
49752.34157	2.556429126066614e-05
49765.853890000006	2.405096781690221e-05
49779.366200000004	2.2377525213068755e-05
49792.878520000006	2.079657232743435e-05
49806.39083	1.9603571636643476e-05
49819.90314	1.809891739826585e-05
49833.41545999999	1.7085552327574522e-05
49846.92777	1.6769699410493437e-05
49860.440090000004	1.7613017553659964e-05
49873.952399999995	1.8943478980647813e-05
49887.464719999996	1.914003512869412e-05
49900.97703	1.9641355275606444e-05
49914.48934	2.012871649569272e-05
49928.00166	2.1144157510460915e-05
49941.51396999999	2.2660784116938097e-05
49955.026289999994	2.3059201126650982e-05
49968.5386	2.2379802137837205e-05
49982.05092	2.035570569635452e-05
49995.56323	1.8665144827375588e-05
50009.075549999994	1.6598531632641883e-05
50022.58786000001	1.6581724758975253e-05
50036.10017	1.6507961319825253e-05
50049.61249	1.655644905234876e-05
50063.12479999999	1.6750749674815438e-05
50076.63711999999	1.7240710220403106e-05
50090.149430000005	1.7997037670903693e-05
50103.66175	1.8086515053762175e-05
50117.17406	1.819563543190337e-05
50130.686369999996	1.790187035693127e-05
50144.198690000005	1.8091040960948463e-05
50157.711	1.8722179878081107e-05
50171.22332	1.950215773347195e-05
50184.735629999996	2.029527314130916e-05
50198.247950000004	2.098184675918965e-05
50211.76026	2.1663105598511346e-05
50225.272580000004	2.1162458574744097e-05
50238.784889999995	2.0101605220343493e-05
50252.29720000001	1.7989389435147402e-05
50265.80952000001	1.7596953464271355e-05
50279.32183	1.7016051717659036e-05
50292.83415	1.666656440090162e-05
50306.34646	1.5891937602562092e-05
50319.85878	1.4733239887481904e-05
50333.37108999999	1.5234596570722367e-05
50346.883409999995	1.5941346239129786e-05
50360.39572	1.6547875280778398e-05
50373.90803	1.6346717024107276e-05
50387.42035	1.6330104079253474e-05
50400.93266	1.6659706548052278e-05
50414.44498	1.705371313392078e-05
50427.957290000006	1.7539181314356666e-05
50441.46961	1.7360506578645697e-05
50454.98192	1.676935881911326e-05
50468.49423	1.6066618015411326e-05
50482.00655	1.5405242289656656e-05
50495.518860000004	1.4873339700549106e-05
50509.03118	1.4558565872816707e-05
50522.543490000004	1.4462772016903928e-05
50536.055810000005	1.4416099429773983e-05
50549.56812	1.4294405010479524e-05
50563.080440000005	1.3777163845057436e-05
50576.592749999996	1.2818990397603196e-05
50590.10506	1.2098964493404978e-05
50603.61737999999	1.1511542168557384e-05
50617.12969	1.133772762125409e-05
50630.64201	1.213036238059316e-05
50644.154319999994	1.2415395753377074e-05
50657.666639999996	1.2847221224338155e-05
50671.17895	1.204643684218188e-05
50684.69126	1.0701919220137634e-05
50698.20358	1.0540369556349853e-05
50711.71588999999	1.132806272907768e-05
50725.228209999994	1.1728903833036352e-05
50738.74052	1.0949172208932774e-05
50752.25284	1.065330107596427e-05
50765.76515	1.0151516890495158e-05
50779.27746999999	9.686235987384056e-06
50792.78978000001	8.743767689025436e-06
50806.30209	8.04558412735354e-06
50819.81441	7.820768922992325e-06
50833.32671999999	7.657205782743122e-06
50846.83904	7.6083828734636174e-06
50860.351350000004	7.49908362123888e-06
50873.86367	7.31136012291776e-06
50887.37598	7.432080815403911e-06
50900.88829	7.740866194428325e-06
50914.400610000004	8.168357264812303e-06
50927.91292	8.681375874257041e-06
50941.42524	9.057117376654252e-06
50954.93755	9.451587743015737e-06
50968.44987000001	9.78905424538904e-06
50981.96218	1.0014860680130557e-05
50995.474500000004	9.812178526680888e-06
51008.986820000006	0.0
51022.49914000001	0.0
