45468.93792	0.0
45482.450229999995	0.0
45495.96254	3.582272464666161e-07
45509.47485	1.3054918564489403e-06
45522.98716999999	4.979036762026341e-06
45536.499480000006	8.70636385452604e-06
45550.01180000001	1.2160425600270162e-05
45563.52411	1.8010775229078297e-05
45577.03643	2.2856234551096765e-05
45590.54874	2.8416325619009654e-05
45604.06106	3.840287295697486e-05
45617.573370000006	5.072612387382616e-05
45631.08568	6.643844376954969e-05
45644.598	8.781879620177422e-05
45658.11031	0.0001164064712572
45671.62263	0.0001515413815391
45685.134939999996	0.0001955093256293
45698.64726	0.0002493391818684
45712.15957	0.0003138935111368
45725.67188	0.0003920833663473
45739.1842	0.0004859703231558
45752.696509999994	0.0005871567927376
45766.208829999996	0.00069656380073
45779.72114	0.0008112252463027
45793.233459999996	0.0009048586803708
45806.74577	0.0009872286608118
45820.25809	0.0010549336744086
45833.7704	0.0010889841010395
45847.28271000001	0.0011161492799277
45860.795029999994	0.0011377572533344
45874.30734	0.0011693902630568
45887.81966	0.0012173389238761
45901.33197	0.001282742515355
45914.84429	0.001379932156686
45928.35659999999	0.0015031062261367
45941.868910000005	0.0016563861162685
45955.38123	0.0018589932470473
45968.89354	0.0021026226977246
45982.40586	0.0023964705517737
45995.918170000004	0.002768236751391
46009.430490000006	0.0032188035278542
46022.9428	0.0037682145026804
46036.45512	0.0044596532259386
46049.96743	0.0053077593039941
46063.47974	0.0063559508199882
46076.992060000004	0.0076772133723862
46090.504369999995	0.0093065395919685
46104.01669	0.0113281322988991
46117.52900000001	0.0138614326373483
46131.041320000004	0.0169958923571523
46144.55363	0.0208919852534548
46158.065950000004	0.0257415523196676
46171.578259999995	0.0317515512653203
46185.09057	0.0392294276839042
46198.60289	0.048499719143042
46212.1152	0.0599793565431776
46225.627519999995	0.0741514672698718
46239.13982999999	0.091292421647228
46252.65215000001	0.1119961162733698
46266.16446	0.136079727621348
46279.67677	0.1627411888798358
46293.18908999999	0.192488641777948
46306.701400000005	0.2224222432267494
46320.21372000001	0.2514739439263853
46333.72603	0.2802045820533999
46347.23835	0.30317957516451
46360.75066	0.3222409359531112
46374.26298	0.3379635011905902
46387.775290000005	0.3465271927390335
46401.287599999996	0.3523205504877278
46414.79992	0.3555779689230636
46428.312229999996	0.3559851105005565
46441.824550000005	0.3559439568618958
46455.336859999996	0.3554736645702185
46468.84918	0.3552488099463177
46482.36149	0.3552784209527488
46495.8738	0.3557930679483136
46509.38612	0.3567114749087989
46522.898429999994	0.3576802144534927
46536.410749999995	0.3587198723576552
46549.92306000001	0.3594720295055852
46563.435379999995	0.3599297054899252
46576.94769	0.3598518070736793
46590.46001	0.3592599852023765
46603.97232	0.3584352773051965
46617.484630000006	0.3572362038961348
46630.99694999999	0.3559145786045795
46644.509260000006	0.3545928356386189
46658.02158	0.3532268088467389
46671.53389	0.3514971401327084
46685.04621	0.3494362723671067
46698.55852	0.3451324343428413
46712.070830000004	0.3388509742823888
46725.58315	0.3294339654334234
46739.09546	0.3143206404578194
46752.60778	0.2962439230964133
46766.120090000004	0.2722706021910257
46779.632410000006	0.24412883851745
46793.14472	0.2153554731284697
46806.65704	0.1832203246326011
46820.169350000004	0.1528492355176513
46833.68166	0.1253425374656784
46847.193980000004	0.0997756551734971
46860.706289999995	0.0787063098720224
46874.218609999996	0.0613401566125106
46887.73092	0.0474382392527519
46901.24324	0.0366385540617289
46914.75555	0.0283231074310938
46928.26787	0.02201993814336
46941.780179999994	0.017186311540806
46955.29249	0.0135545571590291
46968.80481	0.0107700121082805
46982.31712	0.0086092677236057
46995.829439999994	0.006975027765975
47009.34175000001	0.0056819337844483
47022.85407000001	0.0046633584487358
47036.36638	0.0038653007861868
47049.87869	0.0032195865002077
47063.39100999999	0.0027041830256586
47076.903320000005	0.0022860445971618
47090.41564000001	0.0019402454348594
47103.92795	0.0016616485632532
47117.44027	0.0014283926725759
47130.95258	0.0012324549461968
47144.464900000006	0.0010663446568208
47157.97721	0.000924322159693
47171.489519999996	0.0008036254637672
47185.001840000004	0.0007016797168759
47198.51415	0.000613928028314
47212.026470000004	0.0005385779411604
47225.538779999995	0.0004742655204696
47239.0511	0.0004188629710081
47252.56341	0.0003728117745802
47266.07572	0.0003338207716113
47279.58804	0.0003016999384509
47293.10035	0.0002782225598882
47306.61267	0.0002586972358812
47320.12498000001	0.0002429757818005
47333.637299999995	0.0002284550815513
47347.14961	0.0002149975752312
47360.66193	0.0002039567137104
47374.17424	0.0001929150612993
47387.68654999999	0.000181477573495
47401.19886999999	0.0001682541763435
47414.711180000006	0.0001554416885496
47428.2235	0.0001436276431401
47441.73581	0.0001327895930914
47455.24813	0.0001228844696121
47468.76044	0.0001139491679553
47482.27276	0.0001057716981761
47495.78507	9.820417036702932e-05
47509.297379999996	8.861559004570292e-05
47522.8097	7.899670974866445e-05
47536.32201	6.899547123357874e-05
47549.834330000005	6.137560446731385e-05
47563.346639999996	5.558477749102455e-05
47576.85896	5.0094721115791875e-05
47590.37127	4.4728732273830544e-05
47603.88358	3.915051074302294e-05
47617.3959	3.439928791576581e-05
47630.908209999994	3.0136774290651632e-05
47644.420529999996	2.448876240843243e-05
47657.93284	1.7535448563625745e-05
47671.44516	1.2477461460592666e-05
47684.95747	7.238283974702335e-06
47698.469789999996	3.808668809351591e-06
47711.982099999994	1.4026303686626593e-06
47725.49441	1.0329518133295769e-07
47739.00673	4.952728189503904e-09
47752.51904	4.568250076868316e-09
47766.03135999999	4.563999044151842e-09
47779.54367000001	4.559712575168581e-09
47793.05599000001	2.2267292569741942e-08
47806.5683	1.0194057828106446e-06
47820.08061000001	1.6231579020464563e-06
47833.59293	3.12527996702424e-06
47847.105240000004	4.0405780696936165e-06
47860.617560000006	6.183371959151424e-06
47874.12987	8.012789079905197e-06
47887.64219	9.479563970260238e-06
47901.1545	1.0481840780069014e-05
47914.666820000006	1.1196863966745167e-05
47928.17913	1.1319036712482932e-05
47941.69144	1.1062739895170856e-05
47955.203760000004	1.0289749034169168e-05
47968.71607	9.66053608438248e-06
47982.228390000004	9.322836838238589e-06
47995.740699999995	9.702488356758788e-06
48009.25302	1.020443267881644e-05
48022.765329999995	0.0
48036.27764	0.0
