45468.93792	0.0
45482.450229999995	0.0
45495.96254	5.55042601428833e-09
45509.47485	5.546534157975908e-09
45522.98716999999	9.899066183122248e-09
45536.499480000006	8.519613696378292e-07
45550.01180000001	2.4270375384829204e-06
45563.52411	3.1015105582088015e-06
45577.03643	3.0160663418055876e-06
45590.54874	2.2238251341421767e-06
45604.06106	1.2599014041751478e-06
45617.573370000006	5.171567505262998e-07
45631.08568	1.4019586084097269e-08
45644.598	5.510024384404175e-09
45658.11031	5.506266619897127e-09
45671.62263	5.502912958789402e-09
45685.134939999996	5.499157368882364e-09
45698.64726	5.49545804131487e-09
45712.15957	5.492122747586065e-09
45725.67188	5.488441467848439e-09
45739.1842	5.484742111418156e-09
45752.696509999994	7.457645828264323e-08
45766.208829999996	9.223313580325372e-07
45779.72114	3.8794339370653395e-06
45793.233459999996	4.342328296138062e-06
45806.74577	4.655403756823031e-06
45820.25809	4.992701145720601e-06
45833.7704	6.350955132463361e-06
45847.28271000001	7.65766368540316e-06
45860.795029999994	8.797723384703667e-06
45874.30734	7.334187312523339e-06
45887.81966	3.766058540284397e-06
45901.33197	3.2090362788453323e-06
45914.84429	2.5567049095035767e-06
45928.35659999999	2.31768251290844e-06
45941.868910000005	2.3831578035422356e-06
45955.38123	3.882877508073959e-06
45968.89354	6.027343948417348e-06
45982.40586	1.1843169335651124e-05
45995.918170000004	1.904397157549276e-05
46009.430490000006	2.9631474976462216e-05
46022.9428	4.280278274088753e-05
46036.45512	5.507249695221204e-05
46049.96743	7.022570024408521e-05
46063.47974	8.564672295077611e-05
46076.992060000004	9.662352169843352e-05
46090.504369999995	0.0001047240849925
46104.01669	0.0001082970698443
46117.52900000001	0.0001093916240522
46131.041320000004	0.0001100282119247
46144.55363	0.0001098806065676
46158.065950000004	0.000109013784123
46171.578259999995	0.0001096750175669
46185.09057	0.0001133733471733
46198.60289	0.0001199344686018
46212.1152	0.0001278436964642
46225.627519999995	0.0001367007685414
46239.13982999999	0.0001478534629879
46252.65215000001	0.0001605441672699
46266.16446	0.0001747394731276
46279.67677	0.0001909678404388
46293.18908999999	0.0002095115292275
46306.701400000005	0.0002319675158658
46320.21372000001	0.0002563985133473
46333.72603	0.0002834019470943
46347.23835	0.0003140818496438
46360.75066	0.0003505151556149
46374.26298	0.0003933905582985
46387.775290000005	0.0004469370184122
46401.287599999996	0.0005134963371712
46414.79992	0.0005958826686903
46428.312229999996	0.0007008062100088
46441.824550000005	0.0008258892341314
46455.336859999996	0.0009758528980223
46468.84918	0.001160803974692
46482.36149	0.0013827681119512
46495.8738	0.0016499576419782
46509.38612	0.0019644002426335
46522.898429999994	0.0023365825775763
46536.410749999995	0.0027767109811812
46549.92306000001	0.0032926246996095
46563.435379999995	0.0038985721866048
46576.94769	0.0046055201726516
46590.46001	0.0054377980279658
46603.97232	0.006419393966366
46617.484630000006	0.0075729971082539
46630.99694999999	0.0089319106586249
46644.509260000006	0.0105369195410078
46658.02158	0.0124656309534213
46671.53389	0.0147815862558129
46685.04621	0.0175857073000018
46698.55852	0.0210729511056361
46712.070830000004	0.0253797090939539
46725.58315	0.0308191922274796
46739.09546	0.0378177540324177
46752.60778	0.0466922806584265
46766.120090000004	0.0582334956145424
46779.632410000006	0.0730170378546658
46793.14472	0.0917914698837266
46806.65704	0.1150335527557145
46820.169350000004	0.1426728470448333
46833.68166	0.1753501293959028
46847.193980000004	0.2081524737672581
46860.706289999995	0.2422287709938706
46874.218609999996	0.2742049038231317
46887.73092	0.2985816493456382
46901.24324	0.3193479183444832
46914.75555	0.3322023604638684
46928.26787	0.3397206332891412
46941.780179999994	0.344236260287147
46955.29249	0.3452035992535652
46968.80481	0.3456096138394064
46982.31712	0.3454960669750626
46995.829439999994	0.3458355624569518
47009.34175000001	0.346451823714723
47022.85407000001	0.3474219063472357
47036.36638	0.3486058574511287
47049.87869	0.3496899061894086
47063.39100999999	0.3502827080957723
47076.903320000005	0.3501811410601267
47090.41564000001	0.3495639104332657
47103.92795	0.3479117533243316
47117.44027	0.3458937147637632
47130.95258	0.3434671627302114
47144.464900000006	0.3411711410742873
47157.97721	0.3391906670550526
47171.489519999996	0.3377860261450971
47185.001840000004	0.3371698991592585
47198.51415	0.3367990416131772
47212.026470000004	0.3362390960452971
47225.538779999995	0.3339604461301937
47239.0511	0.3303164825454502
47252.56341	0.3197674162283511
47266.07572	0.3054273756109081
47279.58804	0.285485711986039
47293.10035	0.2580615004035306
47306.61267	0.2291961113619904
47320.12498000001	0.1959833625307451
47333.637299999995	0.1635036687967384
47347.14961	0.1340186994221498
47360.66193	0.1062635661784952
47374.17424	0.0835877272128454
47387.68654999999	0.0649382620033159
47401.19886999999	0.0502127205662892
47414.711180000006	0.0388135959857035
47428.2235	0.0301177866219349
47441.73581	0.0235133335355727
47455.24813	0.0184436674610855
47468.76044	0.0146562779877352
47482.27276	0.0117107877921588
47495.78507	0.009442723874694
47509.297379999996	0.00768897336877
47522.8097	0.0062929812046733
47536.32201	0.0052080807975202
47549.834330000005	0.0043371548147206
47563.346639999996	0.0036325436966915
47576.85896	0.003069470641447
47590.37127	0.0026036318508432
47603.88358	0.0022239234332258
47617.3959	0.001910323628351
47630.908209999994	0.0016458160692706
47644.420529999996	0.0014232799218956
47657.93284	0.0012330301418247
47671.44516	0.0010705976670015
47684.95747	0.000931705099963
47698.469789999996	0.0008114856208022
47711.982099999994	0.000707508950889
47725.49441	0.0006200569543593
47739.00673	0.000545620812131
47752.51904	0.0004852814713898
47766.03135999999	0.000433367538549
47779.54367000001	0.0003896821999675
47793.05599000001	0.0003545810694126
47806.5683	0.0003246078802296
47820.08061000001	0.0002999319956416
47833.59293	0.0002771315159607
47847.105240000004	0.0002560404661837
47860.617560000006	0.0002366062156631
47874.12987	0.0002182769263041
47887.64219	0.0001993359591087
47901.1545	0.0001809390931504
47914.666820000006	0.0001633221275371
47928.17913	0.0001473752291293
47941.69144	0.0001326276250097
47955.203760000004	0.000118331217646
47968.71607	0.0001061055306225
47982.228390000004	9.549943375004334e-05
47995.740699999995	8.789108986442817e-05
48009.25302	8.007887724760705e-05
48022.765329999995	0.0
48036.27764	0.0
