44968.98228999998	0.0
44982.49459999998	0.0
44996.00691	0.0001582977176872
45009.51922	0.0001677846356542
45023.031539999996	0.0001687720124149
45036.54385	0.0001741642619939
45050.05617	0.0001829647748509
45063.56848	0.0001943465723575
45077.08079000001	0.0001969218044226
45090.593109999994	0.0002040944558025
45104.10542	0.0002171902911371
45117.61774	0.0002311178068353
45131.13005	0.0002394453609461
45144.64237	0.0002480478145286
45158.15468000001	0.0002675142440632
45171.666990000005	0.0002839591690965
45185.17931	0.0002955030105816
45198.69162	0.0003007386263676
45212.20394	0.000319615111789
45225.71625	0.0003424521088641
45239.22857	0.0003623427615264
45252.74088	0.0003782682135332
45266.2532	0.000401228411876
45279.76551	0.0004343924387768
45293.27782	0.0004584317980759
45306.790140000005	0.0004836676035488
45320.302449999996	0.0005120412723594
45333.81477	0.0005568775902648
45347.32708	0.0005956837010024
45360.839400000004	0.0006294210188389
45374.35171	0.000664164876371
45387.864030000004	0.0007117258647753
45401.376339999995	0.0007664137183984
45414.88865	0.0008135762634421
45428.40097	0.0008662786632661
45441.91328	0.0009266444753132
45455.425599999995	0.0009990255392674
45468.93791000001	0.0010642812445941
45482.45023000001	0.0011317728090272
45495.96254	0.0012083687523084
45509.47485	0.0012931705587834
45522.98716999999	0.0013789597232971
45536.499480000006	0.0014586247084603
45550.01180000001	0.0015547732750603
45563.52411	0.0016598747267491
45577.03643	0.0017724581206242
45590.54874	0.0018764329820781
45604.06106	0.0019916634632771
45617.573370000006	0.002124776731074
45631.08568	0.0022644622621453
45644.598	0.0024059998919651
45658.11031	0.0025474466093378
45671.62263	0.0027168257738303
45685.134939999996	0.0028935683565911
45698.64726	0.0030760238537661
45712.15957	0.0032554782618771
45725.67188	0.0034580164937762
45739.1842	0.0036876814635915
45752.696509999994	0.0039219561764617
45766.208829999996	0.0041639440239327
45779.72114	0.0044141385183547
45793.233459999996	0.0047049277872621
45806.74577	0.0050088041454772
45820.25809	0.0053263695874244
45833.7704	0.0056598985127232
45847.28271000001	0.0060276474330458
45860.795029999994	0.0064324450090554
45874.30734	0.0068457429068461
45887.81966	0.0072859072396453
45901.33197	0.0077553343303683
45914.84429	0.0082796791673382
45928.35659999999	0.0088282186239774
45941.868910000005	0.0094014493307625
45955.38123	0.0100223575516568
45968.89354	0.0106981566430957
45982.40586	0.0114345916583541
45995.918170000004	0.0121976318632493
46009.430490000006	0.0130177010786518
46022.9428	0.0139007065620175
46036.45512	0.0148666574470673
46049.96743	0.0158898109031912
46063.47974	0.016969106520126
46076.992060000004	0.0181464175660932
46090.504369999995	0.0194155004816335
46104.01669	0.0207866536612324
46117.52900000001	0.0222310985662323
46131.041320000004	0.0237837003321666
46144.55363	0.0254650016950026
46158.065950000004	0.0272788994691397
46171.578259999995	0.0292143112051963
46185.09057	0.0312722530998391
46198.60289	0.0335093617265205
46212.1152	0.0359145485290704
46225.627519999995	0.0385018617507719
46239.13982999999	0.0412564511270822
46252.65215000001	0.0442081550159331
46266.16446	0.0474047669802256
46279.67677	0.0508263834449103
46293.18908999999	0.0544810109026117
46306.701400000005	0.058375840147017
46320.21372000001	0.0625674005608173
46333.72603	0.0670727573924196
46347.23835	0.0718712150147735
46360.75066	0.0769716471513232
46374.26298	0.0824178346175637
46387.775290000005	0.0882591047228463
46401.287599999996	0.0944607144967954
46414.79992	0.1010679654545305
46428.312229999996	0.1080322028751237
46441.824550000005	0.1154341559990212
46455.336859999996	0.1233224909218045
46468.84918	0.1315898343440063
46482.36149	0.140309203584651
46495.8738	0.149501446045972
46509.38612	0.1591458595647553
46522.898429999994	0.1692668512900619
46536.410749999995	0.1798123437385535
46549.92306000001	0.1907437531113826
46563.435379999995	0.2021471750949034
46576.94769	0.2139534485518392
46590.46001	0.2260595018564196
46603.97232	0.2386337731830716
46617.484630000006	0.2513505423252807
46630.99694999999	0.2643618751584847
46644.509260000006	0.2778030301888003
46658.02158	0.2910606417841792
46671.53389	0.304525486825984
46685.04621	0.3181571488440575
46698.55852	0.3315086589556376
46712.070830000004	0.344887004644186
46725.58315	0.3580576745369482
46739.09546	0.3707719776593042
46752.60778	0.3833380730083769
46766.120090000004	0.3953626271738132
46779.632410000006	0.4068318431479492
46793.14472	0.4179468537349562
46806.65704	0.428121091150575
46820.169350000004	0.4377477871800642
46833.68166	0.4470028703516651
46847.193980000004	0.455060233328
46860.706289999995	0.4626247289350489
46874.218609999996	0.4695879275138678
46887.73092	0.4756473361266757
46901.24324	0.4812055892088728
46914.75555	0.4860410658413205
46928.26787	0.4902170141263875
46941.780179999994	0.4939320926733814
46955.29249	0.4969761010377136
46968.80481	0.4996098713004427
46982.31712	0.5018256350964435
46995.829439999994	0.5034832328038462
47009.34175000001	0.5049180317083679
47022.85407000001	0.5059666673798762
47036.36638	0.5067149597318986
47049.87869	0.5072989460617351
47063.39100999999	0.5075532994310107
47076.903320000005	0.5077221284091931
47090.41564000001	0.5077291029457595
47103.92795	0.5076187055024681
47117.44027	0.5074394500062767
47130.95258	0.5071283346155372
47144.464900000006	0.5068134424524691
47157.97721	0.5064693117830307
47171.489519999996	0.50601873335354
47185.001840000004	0.5056015461974936
47198.51415	0.5051743242931916
47212.026470000004	0.5046924237331528
47225.538779999995	0.5042497528078007
47239.0511	0.5037955021846996
47252.56341	0.5032847224047987
47266.07572	0.5028310941850348
47279.58804	0.5023894822488889
47293.10035	0.5019009656921862
47306.61267	0.5014599502321855
47320.12498000001	0.5009980392228993
47333.637299999995	0.5005999112935553
47347.14961	0.5002179223122604
47360.66193	0.4997968854218297
47374.17424	0.4994147384543439
47387.68654999999	0.4990387771168955
47401.19886999999	0.4986488779335383
47414.711180000006	0.4982881837175839
47428.2235	0.4979049628095897
47441.73581	0.4974920732123352
47455.24813	0.4970984224549717
47468.76044	0.4966909172013294
47482.27276	0.4962507138979833
47495.78507	0.495799497952895
47509.297379999996	0.4953442790556064
47522.8097	0.4948761681414496
47536.32201	0.4944179261916566
47549.834330000005	0.4939425159131586
47563.346639999996	0.4934462208228397
47576.85896	0.4929679081312419
47590.37127	0.4924923661498814
47603.88358	0.4920239961362487
47617.3959	0.4915395783043538
47630.908209999994	0.4910353378077348
47644.420529999996	0.490544385953312
47657.93284	0.4900615095102372
47671.44516	0.4895806380451987
47684.95747	0.4890854755234364
47698.469789999996	0.4885889816293481
47711.982099999994	0.4881043088141374
47725.49441	0.4876247516148573
47739.00673	0.4871454232308252
47752.51904	0.4866676778046078
47766.03135999999	0.4862021205951001
47779.54367000001	0.4857676476558713
47793.05599000001	0.485350698038012
47806.5683	0.4849328796790411
47820.08061000001	0.4845425855347373
47833.59293	0.484166023500082
47847.105240000004	0.4838207887775085
47860.617560000006	0.4834976864078609
47874.12987	0.4831638023853489
47887.64219	0.4828432848178798
47901.1545	0.4825642551846549
47914.666820000006	0.4822867049084925
47928.17913	0.4819933363391924
47941.69144	0.4817209178363608
47955.203760000004	0.4814247794878452
47968.71607	0.4811432080056019
47982.228390000004	0.4808985880048784
47995.740699999995	0.4806038576235804
48009.25302	0.4803116273768266
48022.76533000001	0.4800574179164084
48036.27764	0.4797917957501122
48049.78996	0.4795338096640509
48063.30227	0.4792788405150031
48076.81459	0.4789939048797686
48090.32690000001	0.4787477319500922
48103.839219999994	0.4784685003012661
48117.35153	0.4781858137053756
48130.863849999994	0.4778939129023095
48144.37616	0.4775662791241468
48157.88846999999	0.4772404301266171
48171.40079	0.4769422264980433
48184.913100000005	0.4765944495798705
48198.42542	0.4761883078073449
48211.93773	0.4758204327329742
48225.45005	0.4754099342687771
48238.96236	0.4749830108004802
48252.47468	0.4745853496194074
48265.98699	0.4741035407137459
48279.499299999996	0.4736328307727003
48293.011620000005	0.4732162738139964
48306.52393	0.4727541052594632
48320.036250000005	0.4723274052084609
48333.548559999996	0.4718302383033083
48347.06088	0.4713420661230588
48360.57318999999	0.4709056056603278
48374.0855	0.4704180371776021
48387.59782	0.4699230200600802
48401.110129999994	0.4694403004008213
48414.622449999995	0.4689264114742442
48428.13476	0.4684245035627439
48441.64708	0.467931913227164
48455.15939	0.4673860916475787
48468.671709999995	0.4668112552825215
48482.18402000001	0.4662827596823331
48495.69633	0.4657248241046844
48509.20865	0.4651350038775493
48522.72096	0.4645705691973931
48536.23327999999	0.4639543511035992
48549.745590000006	0.4633446476322423
48563.25791000001	0.4627822977576387
48576.77022	0.4621480740514986
48590.28253	0.4615326133756258
48603.79485	0.4608677600940824
48617.307160000004	0.4601978877350681
48630.81948	0.4595520708130091
48644.33179	0.45881432602959
48657.84411	0.4580462439165555
48671.356420000004	0.4572815797086415
48684.868740000005	0.4564820206473816
48698.381049999996	0.4556711884757271
48711.89336	0.4548423599833958
48725.40568	0.4539544971621287
48738.91799	0.4530637131078596
48752.43031	0.4521947985800359
48765.942619999994	0.4512977004410178
48779.454939999996	0.4503759148581781
48792.96725000001	0.4493103277440159
48806.47956	0.4482498737574263
48819.99188	0.4471978835179647
48833.50419	0.4460359505470151
48847.01651	0.4449898032116663
48860.52881999999	0.4438132314798167
48874.041139999994	0.4428053840957303
48887.55345	0.4418181270662409
48901.065769999994	0.4407241149979207
48914.57808	0.4397578492353805
48928.09039	0.4387981700492017
48941.60271	0.437765270057264
48955.115020000005	0.4369001414984724
48968.62734	0.436066653050148
48982.13965	0.4351137307744434
48995.65197	0.4343263738627745
49009.164280000005	0.4335861832119604
49022.676600000006	0.4327729657938572
49036.18891	0.432100744684434
49049.70122	0.4314302987544537
49063.213540000004	0.430632271406838
49076.72585	0.4299771981869298
49090.238170000004	0.4292059874946153
49103.750479999995	0.4285119951117801
49117.2628	0.4277723434557833
49130.77511	0.4267804645839257
49144.28742	0.425885473796929
49157.79974	0.4248418993507945
49171.31204999999	0.4235140483736727
49184.824369999995	0.4221211432541049
49198.33668	0.4204850503744286
49211.849	0.4185965263010547
49225.36131	0.4164607683528942
49238.873629999995	0.4141861077853587
49252.38594000001	0.411315771356849
49265.89825	0.4083314683144107
49279.41057	0.4050900562381721
49292.92288	0.4012847148422585
49306.43519999999	0.3975260855456174
49319.947510000005	0.3931178673946011
49333.45983000001	0.3884872904524667
49346.97214	0.3836608432948112
49360.484449999996	0.3784858005010594
49373.99677	0.3733329924661912
49387.50908	0.3678081164441603
49401.0214	0.362192726618477
49414.533709999996	0.3564616972631758
49428.04603	0.3508221852017344
49441.55834	0.3450009124964457
49455.070660000005	0.3393159321042235
49468.582969999996	0.3337251153840651
49482.09528	0.3280781565018631
49495.60760000001	0.3227824012355977
49509.11991	0.3175661137494085
49522.63223	0.312425953508926
49536.144539999994	0.3075336719529956
49549.656859999996	0.3028609745398624
49563.16917000001	0.2982925761430543
49576.68148	0.2940008638180864
49590.1938	0.2897944843399604
49603.70611	0.2858109713339313
49617.21843	0.2820265314481309
49630.73073999999	0.2783089854148293
49644.24306	0.2748265387192196
49657.755370000006	0.2714665094008073
49671.26769	0.2680429103755324
49684.78	0.2648447930131173
49698.29231	0.2617105030216851
49711.80463	0.2585405651751045
49725.316940000004	0.2554595824790892
49738.82926	0.2523775369963738
49752.34157	0.2491958992193038
49765.853890000006	0.2460886858073127
49779.366200000004	0.2430328937733728
49792.878520000006	0.2396640452427699
49806.39083	0.2364097097132994
49819.90314	0.2329882493239165
49833.41545999999	0.2294225083107524
49846.92777	0.2258729140074336
49860.440090000004	0.2220203135963033
49873.952399999995	0.2182118181557656
49887.464719999996	0.2141071338978641
49900.97703	0.2099218999300283
49914.48934	0.2055644927553086
49928.00166	0.2011344262737979
49941.51396999999	0.1963938218762324
49955.026289999994	0.1915873665302576
49968.5386	0.1867090105549525
49982.05092	0.1815305986241788
49995.56323	0.1764886716463409
50009.075549999994	0.1710630242251275
50022.58786000001	0.1656904422142227
50036.10017	0.1601968211783164
50049.61249	0.1547188303807879
50063.12479999999	0.1491638601468558
50076.63711999999	0.1435534193813173
50090.149430000005	0.137973530385697
50103.66175	0.1323576653742709
50117.17406	0.1269110831396201
50130.686369999996	0.1213593841360398
50144.198690000005	0.1160121085277918
50157.711	0.1106653991491541
50171.22332	0.105427883003872
50184.735629999996	0.1003612215069117
50198.247950000004	0.095414337313656
50211.76026	0.0906278362381479
50225.272580000004	0.0859343434779222
50238.784889999995	0.0814566825428827
50252.29720000001	0.0770894373011461
50265.80952000001	0.0729561711872993
50279.32183	0.0689761775730982
50292.83415	0.0651395095060995
50306.34646	0.0614800041362303
50319.85878	0.0580078953327053
50333.37108999999	0.0547063041651294
50346.883409999995	0.0515788852552813
50360.39572	0.0486078724486719
50373.90803	0.0457661557585271
50387.42035	0.0430933030029691
50400.93266	0.0405660507835957
50414.44498	0.0381959025326016
50427.957290000006	0.0359584078886813
50441.46961	0.0338258671656012
50454.98192	0.0318222759227696
50468.49423	0.0299581114218561
50482.00655	0.0281992754306441
50495.518860000004	0.0265463031889821
50509.03118	0.0249881892449261
50522.543490000004	0.0235005201373219
50536.055810000005	0.0221208833962115
50549.56812	0.0208433711935348
50563.080440000005	0.0196317476916058
50576.592749999996	0.0184962185831313
50590.10506	0.017415077430104
50603.61737999999	0.0164012060476627
50617.12969	0.0154734125910159
50630.64201	0.0145972181962796
50644.154319999994	0.0137745928658776
50657.666639999996	0.0129978596090026
50671.17895	0.0122606038272108
50684.69126	0.0115767253417942
50698.20358	0.0109471633997523
50711.71588999999	0.0103455750782594
50725.228209999994	0.0097744613981131
50738.74052	0.0092359486533637
50752.25284	0.0087264862561396
50765.76515	0.008267099723165
50779.27746999999	0.0078351891638695
50792.78978000001	0.0074128233676797
50806.30209	0.0070150518003618
50819.81441	0.0066411643699433
50833.32671999999	0.0062931471875982
50846.83904	0.0059774524699482
50860.351350000004	0.0056701685444185
50873.86367	0.0053730907997596
50887.37598	0.0050954572050857
50900.88829	0.0048333951894861
50914.400610000004	0.0045979113587341
50927.91292	0.0043772041200512
50941.42524	0.0041523824160427
50954.93755	0.0039399378180226
50968.44987000001	0.0037446499991043
50981.96218	0.0035611261241138
50995.474500000004	0.0033956700995725
51008.98681000001	0.0
51022.49912000002	0.0
