5000.0	0.0
5010.0	0.0
5020.0	4.77507e-05
5030.0	2.95831e-05
5040.0	5.66107e-05
5050.0	7.61552e-06
5060.0	3.51606e-05
5070.0	7.82389e-05
5080.0	2.46304e-05
5090.0	4.90328e-05
5100.0	3.39538e-05
5110.0	8.99456e-06
5120.0	0.000168043
5130.0	0.000150086
5140.0	5.03128e-05
5150.0	8.54766e-05
5160.0	0.000158874
5170.0	0.000146209
5180.0	0.00010786
5190.0	0.000111117
5200.0	0.000174405
5210.0	0.000144796
5220.0	2.01046e-05
5230.0	4.18156e-05
5240.0	4.90749e-05
5250.0	2.68139e-05
5260.0	3.72029e-05
5270.0	3.49498e-05
5280.0	2.89176e-05
5290.0	7.01126e-05
5300.0	8.29394e-05
5310.0	3.20235e-06
5320.0	2.05434e-05
5330.0	4.49918e-05
5340.0	7.97869e-05
5350.0	2.64742e-05
5360.0	4.67599e-05
5370.0	0.00014519
5380.0	0.000125507
5390.0	9.12035e-05
5400.0	0.000122346
5410.0	7.44976e-05
5420.0	5.5681e-05
5430.0	2.42901e-05
5440.0	1.00952e-05
5450.0	4.91507e-05
5460.0	2.18329e-05
5470.0	1.51101e-05
5480.0	1.34298e-05
5490.0	1.15183e-05
5500.0	5.92434e-05
5510.0	3.5428e-05
5520.000000000001	5.0247e-05
5530.000000000001	4.6653e-05
5540.000000000001	7.62721e-05
5550.000000000001	0.000151318
5560.000000000001	0.000161149
5570.000000000001	8.06902e-05
5580.000000000001	7.9341e-05
5590.000000000001	0.000144173
5600.000000000001	0.000201957
5610.000000000001	0.000155981
5620.000000000001	7.86361e-05
5629.999999999999	0.000136529
5639.999999999999	0.000105182
5649.999999999999	9.49847e-06
5659.999999999999	4.34514e-05
5669.999999999999	5.90523e-05
5679.999999999999	3.05399e-05
5689.999999999999	3.5656e-06
5699.999999999999	7.59334e-05
5709.999999999999	4.07717e-06
5719.999999999999	3.5239e-05
5729.999999999999	1.22333e-05
5740.0	2.00894e-05
5750.0	2.59825e-05
5760.0	6.51436e-05
5770.0	0.000124539
5780.0	9.98129e-05
5790.0	6.84594e-05
5800.0	0.000118303
5810.0	0.000154801
5820.0	0.000110755
5830.0	0.000148854
5840.0	0.00016976
5850.0	7.54162e-05
5860.0	1.45133e-05
5870.0	3.79038e-06
5880.0	1.58985e-05
5890.0	1.37199e-05
5900.0	3.2724e-05
5910.0	5.75429e-05
5920.0	4.49936e-05
5930.0	2.07552e-05
5940.0	8.36683e-05
5950.0	0.000131618
5960.0	3.64843e-05
5970.0	3.47944e-05
5980.0	0.000195675
5990.0	0.000220686
6000.0	8.01257e-05
6010.0	9.49762e-05
6020.0	0.000227445
6030.0	0.000174255
6040.0	5.76996e-05
6050.0	6.73001e-05
6060.0	0.000120624
6070.0	7.83236e-05
6080.0	4.37922e-05
6090.0	1.46521e-05
6100.0	3.83082e-05
6110.0	3.84217e-05
6120.0	4.35455e-05
6130.0	1.95016e-05
6140.0	2.24743e-05
6150.0	5.11442e-06
6160.0	6.35863e-05
6170.0	9.37084e-05
6180.0	7.88596e-05
6190.0	7.6144e-05
6200.0	0.000153892
6210.0	0.000172148
6220.0	8.98041e-05
6230.0	7.15008e-05
6240.0	0.000165787
6250.0	0.000180389
6260.0	6.49374e-05
6270.0	9.32424e-05
6280.0	0.00018477
6290.0	6.7352e-05
6300.0	1.95623e-05
6310.0	7.2524e-05
6320.0	7.82073e-05
6330.0	9.22572e-05
6340.0	0.000160942
6350.0	0.000140642
6360.0	6.96825e-05
6370.0	0.000129764
6380.0	0.000241563
6390.0	0.000171663
6400.0	7.91472e-05
6410.0	0.000146086
6420.0	0.000194094
6430.0	0.000110569
6440.0	3.9295e-05
6450.0	0.000130831
6460.0	0.00017803
6470.0	8.67337e-05
6480.0	1.85166e-05
6490.0	3.82951e-05
6500.0	1.58062e-05
6510.0	4.52868e-05
6520.0	3.90335e-05
6530.0	2.51093e-05
6540.0	6.26558e-05
6550.0	6.20115e-06
6560.0	6.04409e-05
6570.0	0.000137527
6580.0	0.000144057
6590.0	0.000104734
6600.0	0.000162049
6610.0	0.000180484
6620.0	8.23992e-05
6630.0	6.43955e-05
6640.0	0.000194244
6650.0	0.00017553
6660.0	4.07178e-05
6670.0	0.000108491
6680.0	0.000263119
6690.0	8.90363e-05
6700.0	8.56868e-05
6710.0	6.16556e-05
6720.0	0.000167936
6730.0	1.0211e-05
6740.0	1.50269e-05
6750.0	1.29595e-05
6760.0	1.59913e-05
6770.000000000001	1.65649e-05
6780.000000000001	4.70003e-05
6790.000000000001	7.04576e-05
6800.000000000001	2.2889e-05
6810.000000000001	2.30239e-05
6820.000000000001	3.81276e-05
6830.000000000001	6.72834e-05
6840.000000000001	6.46715e-06
6850.000000000001	4.94824e-05
6860.000000000001	8.99209e-05
6870.000000000001	0.000127668
6879.999999999999	1.97686e-05
6889.999999999999	3.3609e-05
6899.999999999999	0.000198042
6909.999999999999	0.000117394
6919.999999999999	2.27209e-05
6929.999999999999	6.44884e-05
6939.999999999999	0.000120986
6949.999999999999	4.47049e-05
6959.999999999999	1.46088e-05
6969.999999999999	7.10457e-05
6979.999999999999	8.6672e-05
6990.0	6.90432e-05
7000.0	0.000109616
7010.0	0.000122303
7020.0	5.81061e-05
7030.0	8.3941e-05
7040.0	0.000109908
7050.0	4.80752e-05
7060.0	1.04834e-05
7070.0	3.7138e-05
7080.0	4.53481e-05
7090.0	7.24586e-05
7100.0	2.25832e-05
7110.0	6.17533e-06
7120.0	7.07206e-05
7130.0	9.50671e-05
7140.0	4.62631e-05
7150.0	6.01558e-05
7160.0	0.000111208
7170.0	5.55961e-05
7180.0	2.35407e-05
7190.0	2.90636e-05
7200.0	5.70189e-05
7210.0	9.32039e-05
7220.0	0.000110904
7230.0	6.86856e-05
7240.0	2.98676e-05
7250.0	0.000123882
7260.0	0.000184958
7270.0	9.05289e-05
7280.0	6.18799e-05
7290.0	0.000170823
7300.0	0.00014061
7310.0	3.74926e-05
7320.0	7.57917e-05
7330.0	0.000114189
7340.0	3.59555e-05
7350.0	5.14025e-05
7360.0	0.000110271
7370.0	4.8646e-05
7380.0	1.75888e-05
7390.0	3.2667e-05
7400.0	4.88836e-05
7410.0	4.27229e-05
7420.0	8.11982e-05
7430.0	9.32475e-05
7440.0	3.59377e-05
7450.0	3.57491e-05
7460.0	5.62872e-05
7470.0	4.69131e-05
7480.0	4.73247e-05
7490.0	0.000101629
7500.0	7.08886e-05
7510.0	5.14761e-05
7520.0	0.0001496
7530.0	0.000195984
7540.0	7.17463e-05
7550.0	2.92656e-05
7560.0	7.49405e-05
7570.0	0.000112737
7580.0	8.98447e-05
7590.0	3.21538e-05
7600.0	2.14391e-05
7610.0	5.51744e-05
7620.0	6.56669e-05
7630.0	6.68376e-06
7640.0	3.38806e-05
7650.0	2.10702e-05
7660.0	3.12051e-05
7670.0	1.337e-05
7680.0	2.13428e-06
7690.0	1.66386e-06
7700.0	5.28489e-06
7710.0	1.37879e-05
7720.0	6.12487e-05
7730.0	4.18639e-05
7740.0	4.80431e-06
7750.0	4.17826e-05
7760.0	5.95624e-05
7770.0	6.23841e-05
7780.0	2.87885e-05
7790.0	1.67718e-05
7800.0	9.43893e-05
7810.0	0.000102822
7820.0	5.40716e-05
7830.0	8.82713e-06
7840.0	4.4264e-05
7850.0	9.9675e-05
7860.0	4.64902e-06
7870.0	6.39065e-05
7880.0	6.96205e-05
7890.0	0.000104616
7900.0	2.2756e-05
7910.0	2.37693e-05
7920.0	5.71623e-05
7930.0	4.86474e-05
7940.0	3.88445e-05
7950.0	5.5728e-05
7960.0	1.14755e-05
7970.0	3.35707e-05
7980.0	2.18956e-05
7990.0	1.10196e-05
8000.0	7.98882e-05
8010.0	8.14715e-05
8020.000000000001	8.71887e-05
8030.000000000001	7.71947e-05
8040.000000000001	2.90028e-05
8050.000000000001	2.57059e-05
8060.000000000001	1.43355e-05
8070.000000000001	2.68711e-05
8080.000000000001	5.46723e-05
8090.000000000001	7.09729e-06
8100.000000000001	4.63683e-06
8110.000000000001	9.54204e-05
8120.000000000001	9.57192e-05
8129.999999999999	8.14771e-06
8139.999999999999	1.89508e-05
8149.999999999999	4.83779e-06
8159.999999999999	2.56432e-05
8169.999999999999	0.000130842
8179.999999999999	0.000140837
8189.999999999999	4.56086e-05
8200.0	7.40971e-05
8210.0	0.00016817
8220.0	0.000120769
8230.0	2.32983e-05
8240.0	3.45724e-05
8250.0	4.01406e-05
8260.0	5.11044e-05
8270.0	4.85012e-05
8280.0	6.71031e-06
8290.0	1.35942e-05
8300.0	3.51332e-05
8310.0	1.41013e-05
8320.0	8.79233e-05
8330.0	5.33872e-05
8340.0	3.91111e-05
8350.0	2.03597e-05
8360.0	1.12005e-05
8370.0	2.95808e-05
8380.0	2.28784e-05
8390.0	3.53478e-06
8400.0	6.81576e-05
8410.0	5.43659e-05
8420.0	6.36819e-05
8430.0	0.00015112
8440.0	0.000167833
8450.0	4.94267e-05
8460.0	6.41601e-05
8470.0	6.40394e-05
8480.0	1.36641e-05
8490.0	5.22724e-06
8500.0	8.90755e-05
8510.0	9.71489e-05
8520.0	6.71253e-05
8530.0	5.86622e-05
8540.0	9.99831e-05
8550.0	4.49409e-05
8560.0	6.33006e-05
8570.0	8.11325e-05
8580.0	7.56383e-05
8590.0	8.06293e-05
8600.0	8.88664e-05
8610.0	6.30345e-05
8620.0	5.51073e-05
8630.0	6.11808e-05
8640.0	9.64611e-05
8650.0	7.97244e-05
8660.0	8.01964e-05
8670.0	7.70192e-05
8680.0	8.03982e-05
8690.0	9.93002e-05
8700.0	4.76928e-05
8710.0	8.23495e-05
8720.0	7.9001e-05
8730.0	5.14115e-05
8740.0	4.07353e-05
8750.0	3.03929e-05
8760.0	5.52332e-05
8770.0	8.40682e-05
8780.0	8.36021e-05
8790.0	8.63062e-05
8800.0	4.24472e-05
8810.0	4.29573e-05
8820.0	6.7068e-05
8830.0	5.39484e-05
8840.0	0.000117465
8850.0	3.28907e-06
8860.0	6.14626e-05
8870.0	6.70649e-05
8880.0	6.04264e-05
8890.0	0.000101251
8900.0	8.65033e-05
8910.0	2.9442e-05
8920.0	8.09851e-05
8930.0	9.69808e-05
8940.0	9.52022e-05
8950.0	4.93977e-05
8960.0	9.13446e-05
8970.0	2.78835e-05
8980.0	7.72222e-05
8990.0	7.21157e-05
9000.0	3.88635e-05
9010.0	6.14486e-05
9020.0	7.46616e-05
9030.0	6.84145e-05
9040.0	9.95684e-05
9050.0	0.000122372
9060.0	6.06163e-05
9070.0	0.000120118
9080.0	7.65423e-05
9090.0	6.7192e-05
9100.0	5.54712e-05
9110.0	9.48976e-05
9120.0	3.58488e-05
9130.0	7.09598e-05
9140.0	7.77633e-05
9150.0	7.30803e-05
9160.0	9.23547e-05
9170.0	8.51536e-05
9180.0	6.85102e-05
9190.0	5.796e-05
9200.0	7.8456e-05
9210.0	8.32301e-05
9220.0	4.59847e-05
9230.0	5.88289e-05
9240.0	4.22654e-05
9250.0	9.20869e-05
9260.0	6.40727e-05
9270.0	6.98062e-05
9280.0	3.87665e-05
9290.0	6.99837e-05
9300.0	3.65732e-05
9310.0	7.78772e-05
9320.0	8.58975e-05
9330.0	7.57792e-05
9340.0	9.05799e-05
9350.0	5.45212e-05
9360.0	5.46131e-05
9370.0	6.31338e-05
9380.0	7.94285e-05
9390.0	8.40532e-05
9400.0	3.82607e-05
9410.0	0.000101704
9420.0	4.46064e-05
9430.0	5.3874e-05
9440.0	7.95996e-05
9450.0	7.3649e-05
9460.0	5.89893e-05
9470.0	3.99463e-05
9480.0	8.58729e-05
9490.0	4.27505e-05
9500.0	4.15479e-05
9510.0	5.4624e-05
9520.0	4.177e-05
9530.0	8.76129e-05
9540.0	9.986e-05
9550.0	6.6573e-05
9560.0	4.66923e-05
9570.0	7.43119e-05
9580.0	8.26472e-05
9590.0	4.4987e-05
9600.0	8.54026e-05
9610.0	9.365e-05
9620.0	8.03008e-05
9630.0	6.91755e-05
9640.0	7.52473e-05
9650.0	7.9419e-05
9660.0	5.61796e-05
9670.0	5.05756e-05
9680.0	6.85581e-05
9690.0	8.63344e-05
9700.0	2.68293e-05
9710.0	6.37411e-05
9720.0	8.63536e-05
9730.0	5.71358e-05
9740.0	3.67128e-05
9750.0	3.07157e-05
9760.0	6.743e-05
9770.0	0.000108918
9780.0	5.36896e-05
9790.0	8.893e-05
9800.0	6.58503e-05
9810.0	5.35659e-05
9820.0	5.16225e-05
9830.0	4.72045e-05
9840.0	4.8501e-05
9850.0	5.54569e-05
9860.0	6.86859e-05
9870.0	7.74678e-05
9880.0	5.15072e-05
9890.0	7.24695e-05
9900.0	7.42353e-05
9910.0	2.52812e-05
9920.0	4.15156e-05
9930.0	6.6819e-05
9940.0	7.83e-05
9950.0	4.37725e-05
9960.0	7.60899e-05
9970.0	3.52894e-05
9980.0	5.10421e-05
9990.0	5.34823e-05
10000.0	9.55445e-05
10009.999999999998	7.43159e-05
10020.0	0.000106601
10029.999999999998	6.00104e-05
10040.0	7.26205e-05
10049.999999999998	7.24906e-05
10060.0	4.97066e-05
10069.999999999998	6.24631e-05
10080.0	5.18004e-05
10089.999999999998	5.22819e-05
10100.0	7.03241e-05
10109.999999999998	7.44689e-05
10120.0	3.84966e-05
10129.999999999998	8.3688e-05
10140.0	8.07682e-05
10149.999999999998	9.21411e-05
10160.0	6.60404e-05
10169.999999999998	0.000102901
10180.0	5.18577e-05
10189.999999999998	4.68476e-05
10200.0	7.52883e-05
10209.999999999998	5.51203e-05
10220.0	6.33466e-05
10230.0	7.22489e-05
10240.0	8.05786e-05
10250.0	6.9136e-05
10260.0	4.88561e-05
10270.0	7.46873e-05
10280.0	6.32261e-05
10290.0	7.31012e-05
10300.0	5.23093e-05
10310.0	8.66061e-05
10320.0	6.83943e-05
10330.0	7.1967e-05
10340.0	4.65232e-05
10350.0	5.17008e-05
10360.0	3.85866e-05
10370.0	5.12088e-05
10380.0	4.89472e-05
10390.0	7.60869e-05
10400.0	6.79095e-05
10410.0	6.8393e-05
10420.0	8.78554e-05
10430.0	2.55824e-05
10440.0	6.18296e-05
10450.0	5.39461e-05
10460.0	8.07463e-05
10470.0	5.52044e-05
10480.0	8.78195e-05
10490.0	6.81724e-05
10500.0	6.12022e-05
10510.0	7.13059e-05
10520.0	7.33611e-05
10530.0	5.73855e-05
10540.0	5.58653e-05
10550.0	7.42681e-05
10560.0	6.99877e-05
10570.0	5.36738e-05
10580.0	8.70003e-05
10590.0	7.32726e-05
10600.0	7.23315e-05
10610.0	5.7157e-05
10620.0	0.000102325
10630.0	6.40337e-05
10640.0	7.72068e-05
10650.0	6.45119e-05
10660.0	6.13627e-05
10670.0	5.35442e-05
10680.0	6.70993e-05
10690.0	9.12755e-05
10700.0	7.97342e-05
10710.0	5.0534e-05
10720.0	5.18254e-05
10730.0	7.48657e-05
10740.0	4.52622e-05
10750.0	5.48805e-05
10760.0	9.34216e-05
10770.0	6.92298e-05
10780.0	6.1934e-05
10790.0	8.19397e-05
10800.0	6.06293e-05
10810.0	6.95359e-05
10820.0	7.01892e-05
10830.0	6.12311e-05
10840.0	5.54026e-05
10850.0	8.48014e-05
10860.0	6.82934e-05
10870.0	6.38379e-05
10880.0	7.25985e-05
10890.0	5.61331e-05
10900.0	5.59168e-05
10910.0	6.00313e-05
10920.0	8.97047e-05
10930.0	9.10721e-05
10940.0	6.95835e-05
10950.0	5.64378e-05
10960.0	6.67091e-05
10970.0	7.42674e-05
10980.0	7.88603e-05
10990.0	7.94678e-05
11000.0	5.74891e-05
11010.0	2.799e-05
11020.0	9.17337e-05
11030.0	8.03877e-05
11040.000000000002	5.40351e-05
11050.0	4.89845e-05
11060.000000000002	5.15341e-05
11070.0	4.03271e-05
11080.000000000002	9.77355e-05
11090.0	5.13615e-05
11100.000000000002	5.78825e-05
11110.0	8.46998e-05
11120.000000000002	4.71041e-05
11130.0	4.96622e-05
11140.000000000002	3.41969e-05
11150.0	4.01916e-05
11160.000000000002	9.66453e-05
11170.0	7.32049e-05
11180.000000000002	4.07209e-05
11190.0	6.07259e-05
11200.000000000002	7.84863e-05
11210.0	6.77937e-05
11220.000000000002	5.3653e-05
11230.0	5.65242e-05
11240.000000000002	8.96058e-05
11250.0	2.83201e-05
11259.999999999998	3.79801e-05
11270.0	6.91544e-05
11279.999999999998	4.17002e-05
11290.0	8.75723e-05
11299.999999999998	3.64697e-05
11310.0	4.47676e-05
11319.999999999998	4.45298e-05
11330.0	3.5823e-05
11339.999999999998	8.12322e-05
11350.0	5.04779e-05
11359.999999999998	6.45717e-05
11370.0	6.29135e-05
11379.999999999998	7.29375e-05
11390.0	4.54384e-05
11399.999999999998	7.11873e-05
11410.0	7.39687e-05
11419.999999999998	5.48102e-05
11430.0	7.18276e-05
11439.999999999998	8.14674e-05
11450.0	5.44849e-05
11459.999999999998	8.40751e-05
11470.0	6.35488e-05
11480.0	6.5614e-05
11490.0	7.17622e-05
11500.0	3.90494e-05
11510.0	4.13257e-05
11520.0	7.75647e-05
11530.0	6.98679e-05
11540.0	3.72094e-05
11550.0	4.99911e-05
11560.0	2.61042e-05
11570.0	6.27702e-05
11580.0	8.6249e-05
11590.0	0.0001066
11600.0	8.55716e-05
11610.0	9.26272e-05
11620.0	6.75271e-05
11630.0	4.29233e-05
11640.0	8.77446e-05
11650.0	2.58242e-05
11660.0	5.15958e-05
11670.0	2.55468e-05
11680.0	3.10038e-05
11690.0	6.98666e-05
11700.0	8.00873e-05
11710.0	6.76389e-05
11720.0	6.58794e-05
11730.0	7.87139e-05
11740.0	5.53676e-05
11750.0	6.05266e-05
11760.0	3.21393e-05
11770.0	3.19517e-05
11780.0	7.18267e-05
11790.0	6.63823e-05
11800.0	3.1269e-05
11810.0	5.80441e-05
11820.0	7.12086e-05
11830.0	7.27131e-05
11840.0	8.1792e-05
11850.0	8.20896e-05
11860.0	5.71549e-05
11870.0	4.129e-05
11880.0	5.33023e-05
11890.0	4.74684e-05
11900.0	7.44208e-05
11910.0	4.6115e-05
11920.0	7.20411e-05
11930.0	4.89376e-05
11940.0	4.88097e-05
11950.0	2.87401e-05
11960.0	5.73927e-05
11970.0	6.38566e-05
11980.0	4.60449e-05
11990.0	2.03199e-05
12000.0	5.03952e-05
12010.0	6.72189e-05
12020.0	8.07112e-05
12030.0	8.17818e-05
12040.0	6.72276e-05
12050.0	4.8698e-05
12060.0	6.99011e-05
12070.0	8.92768e-05
12080.0	5.85837e-05
12090.0	6.61907e-05
12100.0	7.75863e-05
12110.0	6.13723e-05
12120.0	5.25483e-05
12130.0	6.75159e-05
12140.0	6.12405e-05
12150.0	8.4217e-05
12160.0	8.60667e-05
12170.0	6.65521e-05
12180.0	5.54323e-05
12190.0	4.61693e-05
12200.0	4.35958e-05
12210.0	8.5787e-05
12220.0	4.08876e-05
12230.0	7.78927e-05
12240.0	4.34096e-05
12250.0	5.89544e-05
12260.0	6.56376e-05
12270.0	6.88249e-05
12280.0	7.45668e-05
12290.000000000002	7.5294e-05
12300.0	6.1052e-05
12310.000000000002	5.21279e-05
12320.0	7.46205e-05
12330.000000000002	7.30765e-05
12340.0	6.67817e-05
12350.000000000002	8.94254e-05
12360.0	8.58351e-05
12370.000000000002	4.0205e-05
12380.0	0.000109778
12390.000000000002	5.66504e-05
12400.0	6.40469e-05
12410.000000000002	3.67419e-05
12420.0	9.38812e-05
12430.000000000002	5.26667e-05
12440.0	7.55151e-05
12450.000000000002	6.16414e-05
12460.0	3.48874e-05
12470.000000000002	0.000108929
12480.0	6.49025e-05
12490.000000000002	6.47183e-05
12500.0	6.45461e-05
12509.999999999998	8.80438e-05
12520.0	4.93681e-05
12529.999999999998	9.34684e-05
12540.0	5.35756e-05
12549.999999999998	4.22132e-05
12560.0	5.64151e-05
12569.999999999998	6.91846e-05
12580.0	5.45925e-05
12589.999999999998	9.31251e-05
12600.0	7.55017e-05
12609.999999999998	4.38288e-05
12620.0	9.26733e-05
12629.999999999998	6.78796e-05
12640.0	7.69357e-05
12649.999999999998	8.03701e-05
12660.0	6.47471e-05
12669.999999999998	5.15192e-05
12680.0	5.04554e-05
12689.999999999998	8.68112e-05
12700.0	6.95588e-05
12709.999999999998	6.36918e-05
12720.0	5.77463e-05
12730.0	6.16243e-05
12740.0	3.38976e-05
12750.0	6.3434e-05
12760.0	5.12683e-05
12770.0	6.75036e-05
12780.0	0.000106935
12790.0	3.7047e-05
12800.0	7.52642e-05
12810.0	6.19496e-05
12820.0	5.62624e-05
12830.0	5.72346e-05
12840.0	7.26447e-05
12850.0	7.0659e-05
12860.0	2.9168e-05
12870.0	5.31129e-05
12880.0	9.6726e-05
12890.0	6.89238e-05
12900.0	4.20238e-05
12910.0	8.52892e-05
12920.0	6.55547e-05
12930.0	6.40112e-05
12940.0	5.86008e-05
12950.0	4.71089e-05
12960.0	3.11446e-05
12970.0	4.27108e-05
12980.0	7.66086e-05
12990.0	7.96265e-05
13000.0	7.28136e-05
13010.0	5.58219e-05
13020.0	3.32169e-05
13030.0	8.25898e-05
13040.0	6.08985e-05
13050.0	9.30514e-05
13060.0	8.3784e-05
13070.0	6.25852e-05
13080.0	8.0205e-05
13090.0	8.21521e-05
13100.0	8.89034e-05
13110.0	7.1131e-05
13120.0	5.51393e-05
13130.0	8.0653e-05
13140.0	6.66503e-05
13150.0	4.04561e-05
13160.0	5.55994e-05
13170.0	5.51763e-05
13180.0	3.54366e-05
13190.0	3.11146e-05
13200.0	5.34154e-05
13210.0	6.32236e-05
13220.0	7.61687e-05
13230.0	6.55785e-05
13240.0	5.83817e-05
13250.0	6.52986e-05
13260.0	7.08475e-05
13270.0	3.48845e-05
13280.0	6.39555e-05
13290.0	6.40452e-05
13300.0	0.00010065
13310.0	3.99187e-05
13320.0	6.88011e-05
13330.0	0.000103833
13340.0	4.35548e-05
13350.0	5.55668e-05
13360.0	3.57537e-05
13370.0	7.50855e-05
13380.0	7.73611e-05
13390.0	6.70901e-05
13400.0	8.19568e-05
13410.0	5.10592e-05
13420.0	7.54768e-05
13430.0	5.28792e-05
13440.0	8.15068e-05
13450.0	9.79996e-05
13460.0	6.29567e-05
13470.0	4.93492e-05
13480.0	3.08489e-05
13490.0	6.41831e-05
13500.0	5.07258e-05
13510.0	9.19409e-05
13520.0	9.24527e-05
13530.0	6.47071e-05
13540.000000000002	6.97397e-05
13550.0	3.49833e-05
13560.000000000002	8.26881e-05
13570.0	6.54703e-05
13580.000000000002	4.02438e-05
13590.0	6.21059e-05
13600.000000000002	8.15921e-05
13610.0	7.21067e-05
13620.000000000002	8.25425e-05
13630.0	8.00099e-05
13640.000000000002	8.77236e-05
13650.0	7.74753e-05
13660.000000000002	6.17074e-05
13670.0	6.38225e-05
13680.000000000002	4.45135e-05
13690.0	6.10156e-05
13700.000000000002	7.66843e-05
13710.0	8.15824e-05
13720.000000000002	3.75633e-05
13730.0	9.64584e-05
13740.000000000002	6.52121e-05
13750.0	8.87699e-05
13759.999999999998	9.74899e-05
13770.0	6.60053e-05
13779.999999999998	9.01744e-05
13790.0	7.13164e-05
13799.999999999998	7.89594e-05
13810.0	5.62039e-05
13819.999999999998	3.22139e-05
13830.0	9.28789e-05
13839.999999999998	8.97051e-05
13850.0	8.38501e-05
13859.999999999998	6.82086e-05
13870.0	8.69024e-05
13879.999999999998	9.22002e-05
13890.0	7.21614e-05
13899.999999999998	0.000101261
13910.0	8.10269e-05
13919.999999999998	7.40326e-05
13930.0	6.69612e-05
13939.999999999998	4.84667e-05
13950.0	5.58021e-05
13959.999999999998	6.07805e-05
13970.0	7.59468e-05
13980.0	7.39124e-05
13990.0	6.27254e-05
14000.0	5.25886e-05
14010.0	5.78214e-05
14020.0	6.07691e-05
14030.0	7.48547e-05
14040.0	8.62485e-05
14050.0	5.94475e-05
14060.0	5.99679e-05
14070.0	5.20744e-05
14080.0	8.50481e-05
14090.0	0.000100294
14100.0	6.24355e-05
14110.0	0.000105115
14120.0	7.42783e-05
14130.0	7.79355e-05
14140.0	8.10603e-05
14150.0	5.64854e-05
14160.0	3.04371e-05
14170.0	5.58937e-05
14180.0	6.17178e-05
14190.0	2.59263e-05
14200.0	8.929e-05
14210.0	6.23378e-05
14220.0	6.08594e-05
14230.0	9.64433e-05
14240.0	9.84703e-05
14250.0	5.58605e-05
14260.0	8.4562e-05
14270.0	3.2657e-05
14280.0	9.69594e-05
14290.0	6.46963e-05
14300.0	9.10341e-05
14310.0	5.83844e-05
14320.0	9.11294e-05
14330.0	7.21707e-05
14340.0	5.60175e-05
14350.0	7.67531e-05
14360.0	7.17949e-05
14370.0	5.51704e-05
14380.0	4.93979e-05
14390.0	5.33883e-05
14400.0	5.15297e-05
14410.0	5.65997e-05
14420.0	0.000102665
14430.0	4.86334e-05
14440.0	6.42553e-05
14450.0	6.27113e-05
14460.0	7.51331e-05
14470.0	7.04409e-05
14480.0	6.3616e-05
14490.0	8.57118e-05
14500.0	5.03879e-05
14510.0	4.78555e-05
14520.0	6.37476e-05
14530.0	7.49178e-05
14540.0	6.754e-05
14550.0	6.53321e-05
14560.0	1.93552e-05
14570.0	7.02996e-05
14580.0	5.12835e-05
14590.0	6.16446e-05
14600.0	5.21809e-05
14610.0	6.23015e-05
14620.0	8.05411e-05
14630.0	7.49575e-05
14640.0	6.50606e-05
14650.0	8.11327e-05
14660.0	4.1383e-05
14670.0	5.62833e-05
14680.0	6.87698e-05
14690.0	8.42738e-05
14700.0	7.47836e-05
14710.0	8.59626e-05
14720.0	7.43368e-05
14730.0	7.02858e-05
14740.0	7.44089e-05
14750.0	6.09818e-05
14760.0	6.13925e-05
14770.0	9.50943e-05
14780.0	4.1986e-05
14790.000000000002	7.88151e-05
14800.0	0.000105702
14810.000000000002	6.19177e-05
14820.0	5.31114e-05
14830.000000000002	7.89993e-05
14840.0	4.16331e-05
14850.000000000002	5.62429e-05
14860.0	8.34643e-05
14870.000000000002	4.84357e-05
14880.0	5.54681e-05
14890.000000000002	3.56722e-05
14900.0	4.29477e-05
14910.000000000002	5.58099e-05
14920.0	6.06566e-05
14930.000000000002	9.70262e-06
14940.0	5.82996e-05
14950.000000000002	2.54422e-05
14960.0	5.54885e-05
14970.000000000002	5.88741e-05
14980.0	5.65124e-05
14990.000000000002	6.54031e-05
15000.0	3.84593e-05
15009.999999999998	5.08503e-05
15020.0	2.66849e-05
15029.999999999998	8.68806e-05
15040.0	3.9643e-05
15049.999999999998	6.86619e-05
15060.0	7.55427e-05
15069.999999999998	7.20539e-05
15080.0	7.34896e-05
15089.999999999998	0.000112103
15100.0	7.46309e-05
15109.999999999998	7.65959e-05
15120.0	6.1529e-05
15129.999999999998	4.46415e-05
15140.0	8.79676e-05
15149.999999999998	7.78071e-05
15160.0	6.57456e-05
15169.999999999998	3.97713e-05
15180.0	7.16933e-05
15189.999999999998	8.44348e-05
15200.0	8.22549e-05
15209.999999999998	4.08445e-05
15220.0	6.10115e-05
15230.0	3.18468e-05
15240.0	7.07375e-05
15250.0	7.74734e-05
15260.0	4.38933e-05
15270.0	6.16875e-05
15280.0	7.63561e-05
15290.0	4.42041e-05
15300.0	8.46576e-05
15310.0	6.16679e-05
15320.0	8.04064e-05
15330.0	3.23901e-05
15340.0	5.10875e-05
15350.0	2.45473e-05
15360.0	6.19804e-05
15370.0	8.37149e-05
15380.0	5.68935e-05
15390.0	5.66036e-05
15400.0	3.83819e-05
15410.0	5.74204e-05
15420.0	0.000110814
15430.0	6.87463e-05
15440.0	7.51798e-05
15450.0	7.88476e-05
15460.0	7.43742e-05
15470.0	4.64082e-05
15480.0	4.67523e-05
15490.0	6.06976e-05
15500.0	6.25396e-05
15510.0	3.16424e-05
15520.0	2.57392e-05
15530.0	7.43867e-05
15540.0	8.72806e-05
15550.0	7.25017e-05
15560.0	8.54895e-05
15570.0	7.5561e-05
15580.0	9.84583e-05
15590.0	9.03392e-05
15600.0	3.37402e-05
15610.0	4.54884e-05
15620.0	8.23736e-05
15630.0	5.08522e-05
15640.0	6.3841e-05
15650.0	9.12661e-05
15660.0	5.91459e-05
15670.0	1.77557e-05
15680.0	6.03266e-05
15690.0	6.57292e-05
15700.0	7.54191e-05
15710.0	2.91724e-05
15720.0	2.01818e-05
15730.0	6.12116e-05
15740.0	4.47756e-05
15750.0	5.92525e-05
15760.0	5.18234e-05
15770.0	4.83621e-05
15780.0	8.15934e-05
15790.0	6.69689e-05
15800.0	4.26645e-05
15810.0	7.84856e-05
15820.0	6.75253e-05
15830.0	7.25248e-05
15840.0	5.36976e-05
15850.0	1.87397e-05
15860.0	5.62211e-05
15870.0	6.45945e-05
15880.0	6.37668e-05
15890.0	5.26575e-05
15900.0	7.36081e-05
15910.0	9.97961e-05
15920.0	5.94534e-05
15930.0	8.08137e-05
15940.0	5.65581e-05
15950.0	7.0637e-05
15960.0	6.58871e-05
15970.0	6.824e-05
15980.0	6.64567e-05
15990.0	6.29947e-05
16000.0	6.76952e-05
16010.0	8.06547e-05
16020.0	4.88917e-05
16030.0	6.839e-05
16040.000000000002	8.49255e-05
16050.0	6.80848e-05
16060.000000000002	6.73525e-05
16070.0	3.24995e-05
16080.000000000002	4.78246e-05
16090.0	5.25412e-05
16100.000000000002	6.717e-05
16110.0	6.26958e-05
16120.000000000002	4.5269e-05
16130.0	0.000103361
16140.000000000002	0.000106312
16150.0	8.69873e-06
16160.000000000002	9.96124e-05
16170.0	7.30873e-05
16180.000000000002	3.51044e-05
16190.0	5.6504e-05
16200.000000000002	7.05112e-05
16210.0	6.8205e-05
16220.000000000002	6.62606e-05
16230.0	7.8047e-05
16240.000000000002	5.50311e-05
16250.0	7.75137e-05
16259.999999999998	9.49834e-05
16270.0	6.49013e-05
16279.999999999998	8.01602e-05
16290.0	4.79264e-05
16299.999999999998	8.30213e-05
16310.0	8.51468e-05
16319.999999999998	8.96934e-05
16330.0	7.30943e-05
16339.999999999998	7.595e-05
16350.0	6.18793e-05
16359.999999999998	7.38749e-05
16370.0	8.92888e-05
16379.999999999998	5.45455e-05
16390.0	8.22485e-05
16400.0	5.32633e-05
16410.0	7.17576e-05
16420.0	9.07229e-05
16430.0	4.91385e-05
16440.0	4.62077e-05
16450.0	6.81606e-05
16460.0	4.37105e-05
16470.0	6.57603e-05
16480.0	4.79072e-05
16490.0	6.6256e-05
16500.0	9.29957e-05
16510.0	6.83505e-05
16520.0	6.67527e-05
16530.0	0.000113588
16540.0	6.65461e-05
16550.0	8.14424e-05
16560.0	0.000109103
16570.0	5.09014e-05
16580.0	9.84717e-05
16590.0	5.24948e-05
16600.0	6.02225e-05
16610.0	9.2575e-05
16620.0	6.72384e-05
16630.0	7.26869e-05
16640.0	5.33179e-05
16650.0	5.23792e-05
16660.0	4.48864e-05
16670.0	8.97951e-05
16680.0	7.52515e-05
16690.0	7.28766e-05
16700.0	9.94583e-05
16710.0	8.02446e-05
16720.0	7.89075e-05
16730.0	6.51846e-05
16740.0	7.83812e-05
16750.0	5.32609e-05
16760.0	8.84027e-05
16770.0	6.37201e-05
16780.0	6.13466e-05
16790.0	4.33529e-05
16800.0	5.00793e-05
16810.0	5.59934e-05
16820.0	5.42553e-05
16830.0	3.64119e-05
16840.0	9.54353e-05
16850.0	5.6688e-05
16860.0	5.52563e-05
16870.0	7.54485e-05
16880.0	7.59947e-05
16890.0	8.21658e-05
16900.0	6.72776e-05
16910.0	7.96248e-05
16920.0	7.07504e-05
16930.0	4.73649e-05
16940.0	8.45964e-05
16950.0	7.62637e-05
16960.0	8.00289e-05
16970.0	7.27222e-05
16980.0	5.54419e-05
16990.0	7.13695e-05
17000.0	5.4698e-05
17010.0	4.56053e-05
17020.0	7.09365e-05
17030.0	7.57081e-05
17040.0	1.58939e-05
17050.0	5.68057e-05
17060.0	6.11366e-05
17070.0	8.98609e-05
17080.0	8.11041e-05
17090.0	6.31431e-05
17100.0	4.10062e-05
17110.0	5.605e-05
17120.0	6.92022e-05
17130.0	9.56136e-05
17140.0	6.79235e-05
17150.0	8.05555e-05
17160.0	9.16108e-05
17170.0	6.57251e-05
17180.0	3.66809e-05
17190.0	5.28561e-05
17200.0	8.1194e-05
17210.0	7.09157e-05
17220.0	5.0908e-05
17230.0	5.51894e-05
17240.0	6.01588e-05
17250.0	5.98838e-05
17260.0	7.55083e-05
17270.0	7.24339e-05
17280.0	6.68854e-05
17290.0	0.000100101
17300.0	7.12267e-05
17310.0	6.57141e-05
17320.0	5.87618e-05
17330.0	6.27325e-05
17340.0	7.2842e-05
17350.0	6.64332e-05
17360.0	8.6887e-05
17370.0	6.37482e-05
17380.0	0.000114442
17390.0	7.87113e-05
17400.0	7.76061e-05
17410.0	9.282e-05
17420.0	7.52971e-05
17430.0	4.72072e-05
17440.0	4.02221e-05
17450.0	8.32556e-05
17460.0	7.68943e-05
17470.0	7.73363e-05
17480.0	4.22516e-05
17490.0	9.28892e-05
17500.0	6.80228e-05
17510.0	6.23573e-05
17520.0	6.82404e-05
17530.0	5.53059e-05
17540.0	6.88286e-05
17550.0	9.49446e-05
17560.0	4.62422e-05
17570.0	6.83363e-05
17580.0	3.50631e-05
17590.0	7.09717e-05
17600.0	5.25451e-05
17610.0	9.0032e-05
17620.0	8.35341e-05
17630.0	7.315e-05
17640.0	8.34556e-05
17650.0	8.72602e-05
17660.0	6.42524e-05
17670.0	7.76539e-05
17680.0	8.78769e-05
17690.0	6.98641e-05
17700.0	0.000106535
17710.0	5.36045e-05
17720.0	8.8343e-05
17730.0	4.21931e-05
17740.0	7.2501e-05
17750.0	6.97138e-05
17760.0	0.000103777
17770.0	5.26808e-05
17780.0	9.99937e-05
17790.0	7.47279e-05
17800.0	7.75469e-05
17810.0	8.48378e-05
17820.0	6.90604e-05
17830.0	3.88945e-05
17840.0	7.26627e-05
17850.0	7.85514e-05
17860.0	8.84843e-05
17870.0	6.34908e-05
17880.0	8.75419e-05
17890.0	6.14826e-05
17900.0	7.11657e-05
17910.0	9.10962e-05
17920.0	4.44612e-05
17930.0	9.63738e-05
17940.0	7.37138e-05
17950.0	1.63432e-05
17960.0	7.97425e-05
17970.0	8.0521e-05
17980.0	4.29517e-05
17990.0	4.61989e-05
18000.0	7.55646e-05
18010.0	8.85535e-05
18020.0	0.000105754
18030.0	8.42535e-05
18040.0	8.48615e-05
18050.0	7.10859e-05
18060.0	7.95387e-05
18070.0	8.26433e-05
18080.0	5.59299e-05
18090.0	7.79771e-05
18100.0	8.20903e-05
18110.0	5.79563e-05
18120.0	8.36361e-05
18130.0	8.0748e-05
18140.0	4.12568e-05
18150.0	8.16721e-05
18160.0	6.4103e-05
18170.0	9.59146e-05
18180.0	5.33958e-05
18190.0	7.77261e-05
18200.0	6.31363e-05
18210.0	5.32124e-05
18220.0	0.000100565
18230.0	7.03618e-05
18240.0	5.07467e-05
18250.0	5.13294e-05
18260.0	6.35603e-05
18270.0	5.43155e-05
18280.0	5.74279e-05
18290.0	9.07207e-05
18300.0	7.38316e-05
18310.0	3.28413e-05
18320.0	5.24109e-05
18330.0	4.90018e-05
18340.0	8.49679e-05
18350.0	6.13119e-05
18360.0	6.17328e-05
18370.0	2.47447e-05
18380.0	7.88801e-05
18390.0	6.70086e-05
18400.0	6.43504e-05
18410.0	0.000101757
18420.0	3.10609e-05
18430.0	9.72252e-05
18440.0	4.21618e-05
18450.0	7.11598e-05
18460.0	9.45384e-05
18470.0	3.05921e-05
18480.0	6.21762e-05
18490.0	2.66562e-05
18500.0	8.02754e-05
18510.0	4.21454e-05
18520.0	4.62124e-05
18530.0	4.17467e-05
18540.0	6.31227e-05
18550.0	5.23659e-05
18560.0	4.34728e-05
18570.0	3.0572e-05
18580.0	7.45033e-05
18590.0	5.26663e-05
18600.0	8.50749e-05
18610.0	3.69588e-05
18620.0	6.03621e-05
18630.0	7.82498e-05
18640.0	7.33601e-05
18650.0	7.55339e-05
18660.0	0.000100423
18670.0	0.000112026
18680.0	9.52862e-05
18690.0	4.03118e-05
18700.0	6.26485e-05
18710.0	7.94906e-05
18720.0	5.09452e-05
18730.0	9.38876e-05
18740.0	5.30948e-05
18750.0	0.000115409
18760.0	9.11787e-05
18770.0	5.99665e-05
18780.0	6.20482e-05
18790.0	7.21764e-05
18800.0	6.74674e-05
18810.0	6.95214e-05
18820.0	4.93373e-05
18830.0	8.76545e-05
18840.0	6.12284e-05
18850.0	5.65071e-05
18860.0	8.269e-05
18870.0	7.03383e-05
18880.0	6.59114e-05
18890.0	7.51045e-05
18900.0	5.71649e-05
18910.0	8.75554e-05
18920.0	4.13374e-05
18930.0	6.85705e-05
18940.0	9.50357e-05
18950.0	7.27869e-05
18960.0	8.10989e-05
18970.0	7.15342e-05
18980.0	8.2236e-05
18990.0	6.71377e-05
19000.0	9.89776e-05
19010.0	6.78795e-05
19020.0	5.23617e-05
19030.0	7.95423e-05
19040.0	2.49288e-05
19050.0	6.10528e-05
19060.0	4.80537e-05
19070.0	7.47662e-05
19080.0	9.37289e-05
19090.0	9.06496e-05
19100.0	4.93607e-05
19110.0	9.87756e-05
19120.0	3.49577e-05
19130.0	7.17256e-05
19140.0	8.60551e-05
19150.0	6.95535e-05
19160.0	2.73751e-05
19170.0	5.85084e-05
19180.0	6.80357e-05
19190.0	3.52702e-05
19200.0	8.29115e-05
19210.0	4.83427e-05
19220.0	3.91372e-05
19230.0	6.66247e-05
19240.0	7.97708e-05
19250.0	4.57605e-05
19260.0	7.06938e-05
19270.0	6.76959e-05
19280.0	2.90691e-05
19290.0	4.19415e-05
19300.0	5.67531e-05
19310.0	7.08541e-05
19320.0	9.41487e-05
19330.0	4.97326e-05
19340.0	7.35074e-05
19350.0	8.09835e-05
19360.0	5.27132e-05
19370.0	5.01497e-05
19380.0	8.36794e-05
19390.0	7.87911e-05
19400.0	4.91465e-05
19410.0	4.64063e-05
19420.0	5.82594e-05
19430.0	7.56293e-05
19440.0	0.000105605
19450.0	5.07817e-05
19460.0	7.02026e-05
19470.0	5.13658e-05
19480.0	5.42358e-05
19490.0	7.74584e-05
19500.0	4.73084e-05
19510.0	7.91183e-05
19520.0	4.23342e-05
19530.0	3.81782e-05
19540.0	0.000108115
19550.0	6.80017e-05
19560.0	4.64883e-05
19570.0	4.87483e-05
19580.0	9.96636e-05
19590.0	5.72014e-05
19600.0	5.21732e-05
19610.0	3.84702e-05
19620.0	3.77463e-05
19630.0	4.47256e-05
19640.0	7.61945e-05
19650.0	6.57192e-05
19660.0	7.61557e-05
19670.0	5.86602e-05
19680.0	8.16381e-05
19690.0	5.40321e-05
19700.0	7.82947e-05
19710.0	6.55244e-05
19720.0	6.70487e-05
19730.0	3.6636e-05
19740.0	4.56781e-05
19750.0	6.40134e-05
19760.0	6.74445e-05
19770.0	2.1228e-05
19780.0	3.71349e-05
19790.0	3.49885e-05
19800.0	7.69665e-05
19810.0	7.43123e-05
19820.0	6.35189e-05
19830.0	7.49264e-05
19840.0	6.78679e-05
19850.0	0.000107037
19860.0	7.79865e-05
19870.0	5.9614e-05
19880.0	8.92683e-05
19890.0	7.91705e-05
19900.0	6.76158e-05
19910.0	6.78732e-05
19920.0	4.22226e-05
19930.0	6.12281e-05
19940.0	8.27868e-05
19950.0	6.31161e-05
19960.0	6.41883e-05
19970.0	4.20987e-05
19980.0	5.5196e-05
19990.0	5.01605e-05
20000.0	5.42404e-05
20010.0	5.34616e-05
20019.999999999996	6.82828e-05
20030.0	5.9114e-05
20040.0	5.72708e-05
20050.0	7.9301e-05
20059.999999999996	3.8474e-05
20070.0	3.66433e-05
20080.0	7.37426e-05
20090.0	4.13337e-05
20099.999999999996	8.80635e-05
20110.0	5.43481e-05
20120.0	6.67979e-05
20130.0	5.25609e-05
20139.999999999996	5.23805e-05
20150.0	2.78005e-05
20160.0	0.000100522
20170.0	7.88824e-05
20179.999999999996	2.97972e-05
20190.0	7.27608e-05
20200.0	5.90992e-05
20210.0	6.42935e-05
20219.999999999996	8.94138e-05
20230.0	4.05818e-05
20240.0	9.89014e-05
20250.0	5.62914e-05
20259.999999999996	7.11044e-05
20270.0	5.9336e-05
20280.0	7.99537e-05
20290.0	8.00244e-05
20299.999999999996	5.28297e-05
20310.0	5.4339e-05
20320.0	8.33946e-05
20330.0	6.2744e-05
20339.999999999996	7.92675e-05
20350.0	6.25009e-05
20360.0	6.53359e-05
20370.0	9.62973e-05
20379.999999999996	4.74234e-05
20390.0	8.41495e-05
20400.0	8.80006e-05
20410.0	5.37108e-05
20419.999999999996	9.84055e-05
20430.0	5.768e-05
20440.0	9.75477e-05
20450.0	7.71333e-05
20460.0	7.02957e-05
20470.0	4.59584e-05
20480.0	0.000110789
20490.0	0.000120258
20500.0	8.92457e-05
20510.0	3.8889e-05
20520.0	8.18051e-05
20530.0	6.30163e-05
20540.0	8.48894e-05
20550.0	6.96866e-05
20560.0	8.92009e-05
20570.0	6.24472e-05
20580.0	8.01232e-05
20590.0	4.37711e-05
20600.0	6.23064e-05
20610.0	6.13038e-05
20620.0	5.86736e-05
20630.0	9.39062e-05
20640.0	3.72379e-05
20650.0	4.18104e-05
20660.0	3.77482e-05
20670.0	7.1255e-05
20680.0	9.04453e-05
20690.0	6.62621e-05
20700.0	6.8363e-05
20710.0	4.65445e-05
20720.0	5.6854e-05
20730.0	6.69941e-05
20740.0	5.27319e-05
20750.0	6.54335e-05
20760.0	8.5001e-05
20770.0	4.22557e-05
20780.0	8.41181e-05
20790.0	9.94916e-05
20800.0	2.67164e-05
20810.0	6.48528e-05
20820.0	6.31765e-05
20830.000000000004	5.80055e-05
20840.0	8.1348e-05
20850.0	4.96725e-05
20860.0	9.59673e-05
20870.000000000004	5.84813e-05
20880.0	8.95314e-05
20890.0	5.37035e-05
20900.0	7.24734e-05
20910.000000000004	7.77293e-05
20920.0	7.11076e-05
20930.0	8.03674e-05
20940.0	7.30708e-05
20950.000000000004	6.02167e-05
20960.0	7.97652e-05
20970.0	4.3017e-05
20980.0	8.47848e-05
20990.000000000004	5.75863e-05
21000.0	6.05625e-05
21010.0	7.7652e-05
21020.0	7.95936e-05
21030.000000000004	8.84593e-05
21040.0	4.39497e-05
21050.0	7.0298e-05
21060.0	5.77949e-05
21070.000000000004	5.68731e-05
21080.0	9.24275e-05
21090.0	6.63655e-05
21100.0	5.19818e-05
21110.000000000004	8.10466e-05
21120.0	5.72364e-05
21130.0	8.36543e-05
21140.0	6.41963e-05
21150.000000000004	6.72444e-05
21160.0	6.77056e-05
21170.0	6.24507e-05
21180.0	8.35664e-05
21190.000000000004	9.0676e-05
21200.0	6.69112e-05
21210.0	6.44183e-05
21220.0	5.37731e-05
21230.000000000004	6.88023e-05
21240.0	8.05219e-05
21250.0	6.42702e-05
21260.0	4.799e-05
21269.999999999996	5.17317e-05
21280.0	9.33686e-05
21290.0	7.64501e-05
21300.0	5.32449e-05
21309.999999999996	6.25192e-05
21320.0	8.07401e-05
21330.0	6.37672e-05
21340.0	4.7503e-05
21349.999999999996	8.95911e-05
21360.0	2.771e-05
21370.0	7.10513e-05
21380.0	8.67837e-05
21389.999999999996	6.03702e-05
21400.0	4.14997e-05
21410.0	7.17123e-05
21420.0	8.32395e-05
21429.999999999996	0.000102259
21440.0	6.09982e-05
21450.0	4.68297e-05
21460.0	8.59598e-05
21469.999999999996	7.52541e-05
21480.0	9.53159e-05
21490.0	6.01643e-05
21500.0	9.34504e-05
21509.999999999996	7.88157e-05
21520.0	7.77182e-05
21530.0	4.76599e-05
21540.0	8.90566e-05
21549.999999999996	5.2569e-05
21560.0	6.29413e-05
21570.0	7.08733e-05
21580.0	7.10997e-05
21589.999999999996	8.78419e-05
21600.0	6.29527e-05
21610.0	2.93113e-05
21620.0	5.97966e-05
21629.999999999996	6.98681e-05
21640.0	7.8802e-05
21650.0	2.61803e-05
21660.0	9.06448e-05
21669.999999999996	6.22241e-05
21680.0	8.84393e-05
21690.0	7.04451e-05
21700.0	5.02714e-05
21710.0	5.46792e-05
21720.0	8.36154e-05
21730.0	7.44884e-05
21740.0	6.63894e-05
21750.0	7.90737e-05
21760.0	6.86172e-05
21770.0	8.79962e-05
21780.0	8.8761e-05
21790.0	4.36756e-05
21800.0	4.70562e-05
21810.0	5.05287e-05
21820.0	9.48787e-05
21830.0	7.79933e-05
21840.0	9.00757e-05
21850.0	8.02911e-05
21860.0	4.5027e-05
21870.0	6.22704e-05
21880.0	6.4383e-05
21890.0	9.69175e-05
21900.0	6.53454e-05
21910.0	8.98059e-05
21920.0	8.69824e-05
21930.0	7.20612e-05
21940.0	5.73839e-05
21950.0	7.53296e-05
21960.0	6.48959e-05
21970.0	8.71795e-05
21980.0	8.6096e-05
21990.0	8.743e-05
22000.0	0.000121258
22010.0	0.000114332
22020.0	0.000161215
22030.0	8.61004e-05
22040.0	8.94988e-05
22050.0	9.42088e-05
22060.0	0.000147036
22070.0	0.000102381
22080.000000000004	0.000123261
22090.0	0.000127436
22100.0	9.78847e-05
22110.0	0.000184757
22120.000000000004	0.000150248
22130.0	0.000112783
22140.0	0.000120391
22150.0	0.000120807
22160.000000000004	0.000141576
22170.0	0.000127673
22180.0	0.000103513
22190.0	0.00011735
22200.000000000004	8.61281e-05
22210.0	9.87433e-05
22220.0	0.000110943
22230.0	0.000128822
22240.000000000004	0.000115119
22250.0	0.000134369
22260.0	0.000131932
22270.0	4.40969e-05
22280.000000000004	0.000133418
22290.0	0.000108481
22300.0	7.65599e-05
22310.0	0.000110236
22320.000000000004	8.17782e-05
22330.0	2.86628e-05
22340.0	6.84869e-05
22350.0	0.000105081
22360.000000000004	0.000113039
22370.0	0.000100274
22380.0	6.81447e-05
22390.0	8.70432e-05
22400.000000000004	7.32941e-05
22410.0	3.39039e-05
22420.0	7.7167e-05
22430.0	1.39651e-05
22440.000000000004	0.000101631
22450.0	4.85754e-05
22460.0	0.000103443
22470.0	0.000104482
22480.000000000004	7.98263e-05
22490.0	9.31902e-05
22500.0	9.6591e-05
22510.0	0.000124998
22519.999999999996	9.0502e-05
22530.0	3.16374e-05
22540.0	7.689e-05
22550.0	9.44549e-05
22559.999999999996	0.000108967
22570.0	6.41766e-05
22580.0	9.76243e-05
22590.0	6.48543e-05
22599.999999999996	0.000103479
22610.0	8.40792e-05
22620.0	9.309e-05
22630.0	7.65145e-05
22639.999999999996	0.000123291
22650.0	7.70569e-05
22660.0	8.94826e-05
22670.0	0.000145038
22679.999999999996	8.29388e-05
22690.0	9.80139e-05
22700.0	5.29861e-05
22710.0	8.89613e-05
22719.999999999996	0.000103726
22730.0	9.98857e-05
22740.0	0.00010722
22750.0	5.53555e-05
22759.999999999996	0.000127786
22770.0	9.39367e-05
22780.0	8.27776e-05
22790.0	8.63733e-05
22799.999999999996	7.13983e-05
22810.0	6.5768e-05
22820.0	9.57006e-05
22830.0	4.89688e-05
22839.999999999996	5.86556e-05
22850.0	8.309e-05
22860.0	8.49865e-05
22870.0	0.000120754
22879.999999999996	4.06792e-05
22890.0	6.37402e-05
22900.0	8.38463e-05
22910.0	0.000115642
22919.999999999996	8.4264e-05
22930.0	8.36071e-05
22940.0	7.00798e-05
22950.0	4.23781e-05
22960.0	0.000132605
22970.0	8.94932e-05
22980.0	5.73002e-05
22990.0	4.39184e-05
23000.0	6.20398e-05
23010.0	7.5835e-05
23020.0	0.00011138
23030.0	6.84476e-05
23040.0	8.50227e-05
23050.0	9.78622e-05
23060.0	9.51403e-05
23070.0	6.47437e-05
23080.0	5.85881e-05
23090.0	4.58089e-05
23100.0	7.30602e-05
23110.0	5.14386e-05
23120.0	0.000104974
23130.0	9.33102e-05
23140.0	5.90726e-05
23150.0	8.91471e-05
23160.0	0.000100608
23170.0	0.000110796
23180.0	5.83614e-05
23190.0	0.000124333
23200.0	5.50855e-05
23210.0	6.64388e-05
23220.0	4.37829e-05
23230.0	6.17508e-05
23240.0	9.45019e-05
23250.0	7.50267e-05
23260.0	7.04172e-05
23270.0	9.70197e-05
23280.0	7.85817e-05
23290.0	5.46875e-05
23300.0	8.49617e-05
23310.0	5.28743e-05
23320.0	5.39943e-05
23330.000000000004	8.19721e-05
23340.0	8.04204e-05
23350.0	8.40708e-05
23360.0	5.2488e-05
23370.000000000004	7.06918e-05
23380.0	8.46462e-05
23390.0	2.94346e-05
23400.0	7.40134e-05
23410.000000000004	7.4572e-05
23420.0	9.14946e-05
23430.0	5.31783e-05
23440.0	9.0751e-05
23450.000000000004	8.49564e-05
23460.0	4.80495e-05
23470.0	3.88507e-05
23480.0	8.00956e-05
23490.000000000004	8.49908e-05
23500.0	6.91652e-05
23510.0	7.46154e-05
23520.0	5.98529e-05
23530.000000000004	5.23169e-05
23540.0	5.31566e-05
23550.0	5.49652e-05
23560.0	6.87177e-05
23570.000000000004	8.15318e-05
23580.0	4.40137e-05
23590.0	4.54708e-05
23600.0	6.58349e-05
23610.000000000004	7.76768e-05
23620.0	6.53797e-05
23630.0	8.91914e-05
23640.0	6.78809e-05
23650.000000000004	0.000107706
23660.0	0.000130324
23670.0	7.74234e-05
23680.0	0.000100651
23690.000000000004	8.64813e-05
23700.0	5.69655e-05
23710.0	9.90731e-05
23720.0	5.54801e-05
23730.000000000004	6.61125e-05
23740.0	5.70988e-05
23750.0	8.73756e-05
23760.0	7.90355e-05
23769.999999999996	4.58423e-05
23780.0	4.01641e-05
23790.0	0.000103575
23800.0	7.95706e-05
23809.999999999996	6.63024e-05
23820.0	7.87037e-05
23830.0	8.52935e-05
23840.0	5.72e-05
23849.999999999996	6.58603e-05
23860.0	5.63057e-05
23870.0	7.19705e-05
23880.0	4.75363e-05
23889.999999999996	5.6453e-05
23900.0	5.47699e-05
23910.0	6.84041e-05
23920.0	7.4655e-05
23929.999999999996	6.88328e-05
23940.0	8.45694e-05
23950.0	7.69023e-05
23960.0	8.19372e-05
23969.999999999996	7.67608e-05
23980.0	4.78195e-05
23990.0	5.87444e-05
24000.0	5.57241e-05
24009.999999999996	6.09252e-05
24020.0	4.93114e-05
24030.0	8.32567e-05
24040.0	5.81597e-05
24049.999999999996	6.38448e-05
24060.0	8.09318e-05
24070.0	6.82979e-05
24080.0	8.1944e-05
24089.999999999996	7.38434e-05
24100.0	8.64662e-05
24110.0	6.21692e-05
24120.0	8.99752e-05
24129.999999999996	7.35594e-05
24140.0	7.09684e-05
24150.0	8.87389e-05
24160.0	8.6658e-05
24169.999999999996	0.000102
24180.0	7.08709e-05
24190.0	8.437e-05
24200.0	5.96658e-05
24210.0	0.000101501
24220.0	3.2211e-05
24230.0	8.82815e-05
24240.0	8.41235e-05
24250.0	9.76775e-05
24260.0	7.56283e-05
24270.0	7.19286e-05
24280.0	5.57851e-05
24290.0	8.92088e-05
24300.0	6.78334e-05
24310.0	0.000104839
24320.0	5.89052e-05
24330.0	6.86733e-05
24340.0	5.14658e-05
24350.0	9.48391e-05
24360.0	6.63018e-05
24370.0	3.86869e-05
24380.0	7.98013e-05
24390.0	4.02061e-05
24400.0	7.30794e-05
24410.0	7.35471e-05
24420.0	2.82951e-05
24430.0	8.69741e-05
24440.0	8.01375e-05
24450.0	4.83913e-05
24460.0	9.60159e-05
24470.0	8.26857e-05
24480.0	6.94778e-05
24490.0	5.65837e-05
24500.0	9.26908e-05
24510.0	6.84361e-05
24520.0	8.04487e-05
24530.0	8.21875e-05
24540.0	2.94707e-05
24550.0	2.32487e-05
24560.0	5.34001e-05
24570.0	5.52226e-05
24580.000000000004	4.27501e-05
24590.0	4.05306e-05
24600.0	5.25928e-05
24610.0	8.59629e-05
24620.000000000004	0.000113399
24630.0	7.57932e-05
24640.0	7.11829e-05
24650.0	8.39342e-05
24660.000000000004	7.00938e-05
24670.0	0.000114133
24680.0	6.74254e-05
24690.0	0.000104429
24700.000000000004	9.18743e-05
24710.0	7.67206e-05
24720.0	7.44561e-05
24730.0	6.69015e-05
24740.000000000004	6.71624e-05
24750.0	9.34471e-05
24760.0	7.87795e-05
24770.0	8.64058e-05
24780.000000000004	8.37194e-05
24790.0	2.30778e-05
24800.0	7.05437e-05
24810.0	0.000105635
24820.000000000004	8.09003e-05
24830.0	8.26609e-05
24840.0	6.67882e-05
24850.0	6.30361e-05
24860.000000000004	7.07956e-05
24870.0	9.88495e-05
24880.0	8.06538e-05
24890.0	8.36815e-05
24900.000000000004	9.5615e-05
24910.0	0.000139559
24920.0	9.01645e-05
24930.0	0.000102722
24940.000000000004	7.80166e-05
24950.0	7.68975e-05
24960.0	8.48364e-05
24970.0	5.37544e-05
24980.000000000004	0.000101303
24990.0	5.17716e-05
25000.0	1.47714e-05
25010.0	9.77932e-06
25019.999999999996	4.7861e-06
25030.0	7.53285e-06
25040.0	1.54357e-05
25050.0	2.33405e-05
25059.999999999996	1.58496e-05
25070.0	6.65008e-06
25080.0	1.87782e-07
25090.0	1.13691e-07
25099.999999999996	3.96185e-08
25110.0	1.16164e-06
25120.0	3.08105e-06
25130.0	5e-06
25139.999999999996	3.15929e-06
25150.0	1.31814e-06
25160.0	5.89755e-06
25170.0	2.54436e-05
25179.999999999996	4.49897e-05
25190.0	5.47188e-05
25200.0	5.78994e-05
25210.0	6.108e-05
25219.999999999996	6.71289e-05
25230.0	7.31765e-05
25240.0	8.07047e-05
25250.0	9.16913e-05
25259.999999999996	0.000102675
25270.0	0.00010303
25280.0	9.88296e-05
25290.0	9.463e-05
25299.999999999996	7.08082e-05
25310.0	4.69865e-05
25320.0	3.28826e-05
25330.0	3.3364e-05
25339.999999999996	3.38455e-05
25350.0	2.48406e-05
25360.0	1.17709e-05
25370.0	0.0
25379.999999999996	0.0
25390.0	0.0
25400.0	0.0
25410.0	0.0
25419.999999999996	0.0
25430.0	0.0
25440.0	0.0
25450.0	0.0
25460.0	0.0
25470.0	0.0
25480.0	2.80363e-06
25490.0	8.38822e-06
25500.0	1.39728e-05
25510.0	1.06209e-05
25520.0	5.03578e-06
25530.0	2.19384e-08
25540.0	1.41152e-07
25550.0	2.60393e-07
25560.0	2.75556e-07
25570.0	1.86669e-07
25580.0	9.77605e-08
25590.0	8.89312e-06
25600.0	1.99069e-05
25610.0	2.88919e-05
25620.0	2.97511e-05
25630.0	3.06104e-05
25640.0	2.96017e-05
25650.0	2.67246e-05
25660.0	2.38481e-05
25670.0	1.57247e-05
25680.0	7.01539e-06
25690.0	4.69225e-08
25700.0	3.15387e-08
25710.0	1.61513e-08
25720.0	0.0
25730.0	0.0
25740.0	0.0
25750.0	0.0
25760.0	0.0
25770.0	0.0
25780.0	0.0
25790.0	0.0
25800.0	0.0
25810.0	0.0
25820.0	0.0
25830.000000000004	1.74073e-08
25840.0	2.48163e-08
25850.0	2.77766e-08
25860.0	2.037e-08
25870.000000000004	1.29634e-08
25880.0	0.0
25890.0	0.0
25900.0	0.0
25910.000000000004	0.0
25920.0	0.0
25930.0	0.0
25940.0	0.0
25950.000000000004	0.0
25960.0	0.0
25970.0	0.0
25980.0	0.0
25990.000000000004	6.56118e-07
26000.0	1.30224e-06
26010.0	1.44108e-06
26020.0	8.18922e-07
26030.000000000004	1.96766e-07
26040.0	8.00073e-08
26050.0	1.80011e-07
26060.0	2.60358e-07
26070.000000000004	1.64058e-07
26080.0	6.77803e-08
26090.0	0.0
26100.0	0.0
26110.000000000004	0.0
26120.0	0.0
26130.0	0.0
26140.0	1.96286e-08
26150.000000000004	1.15777e-07
26160.0	2.11926e-07
26170.0	3.19257e-06
26180.0	9.05491e-06
26190.000000000004	1.49173e-05
26200.0	2.30492e-05
26210.0	3.17508e-05
26220.0	4.01028e-05
26230.000000000004	4.7065e-05
26240.0	5.40289e-05
26250.0	5.916e-05
26260.0	6.24599e-05
26269.999999999996	6.57606e-05
26280.0	4.59843e-05
26290.0	2.04457e-05
26300.0	0.0
26309.999999999996	0.0
26320.0	0.0
26330.0	0.0
26340.0	0.0
26349.999999999996	0.0
26360.0	2.99965e-08
26370.0	5.22236e-08
26380.0	6.53838e-08
26389.999999999996	4.23081e-08
26400.0	1.9227e-08
26410.0	0.0
26420.0	0.0
26429.999999999996	0.0
26440.0	0.0
26450.0	0.0
26460.0	0.0
26469.999999999996	0.0
26480.0	0.0
26490.0	3.52032e-06
26500.0	9.37086e-06
26509.999999999996	1.522e-05
26520.0	9.58677e-06
26530.0	3.95219e-06
26540.0	5.79124e-07
26549.999999999996	2.475e-06
26560.0	4.37088e-06
26570.0	5.83449e-06
26580.0	7.11224e-06
26589.999999999996	8.39e-06
26600.0	1.0957e-05
26610.0	1.35234e-05
26620.0	1.35538e-05
26629.999999999996	7.6643e-06
26640.0	1.77616e-06
26650.0	0.0
26660.0	0.0
26669.999999999996	0.0
26680.0	0.0
26690.0	0.0
26700.0	0.0
26710.0	0.0
26720.0	0.0
26730.0	0.0
26740.0	0.0
26750.0	0.0
26760.0	0.0
26770.0	0.0
26780.0	0.0
26790.0	0.0
26800.0	0.0
26810.0	0.0
26820.0	0.0
26830.0	0.0
26840.0	0.0
26850.0	0.0
26860.0	0.0
26870.0	0.0
26880.0	0.0
26890.0	0.0
26900.0	0.0
26910.0	1.14817e-08
26920.0	1.88883e-08
26930.0	2.62967e-08
26940.0	8.41133e-06
26950.0	2.5174e-05
26960.0	4.19407e-05
26970.0	3.99018e-05
26980.0	3.31682e-05
26990.0	2.69216e-05
27000.0	2.26243e-05
27010.0	1.83281e-05
27020.0	2.59497e-05
27030.0	4.54938e-05
27040.0	6.50333e-05
27050.0	6.73999e-05
27060.0	6.78556e-05
27070.0	6.9184e-05
27080.000000000004	7.4003e-05
27090.0	7.88231e-05
27100.0	7.46247e-05
27110.0	6.44184e-05
27120.000000000004	5.42121e-05
27130.0	6.52056e-05
27140.0	7.85549e-05
27150.0	8.53527e-05
27160.000000000004	7.68582e-05
27170.0	6.83658e-05
27180.0	4.99802e-05
27190.0	2.49971e-05
27200.000000000004	2e-08
27210.0	3.26824e-05
27220.0	6.53448e-05
27230.0	9.22181e-05
27240.000000000004	0.00010557
27250.0	0.000118922
27260.0	0.000112427
27270.0	9.74234e-05
27280.000000000004	8.242e-05
27290.0	6.37144e-05
27300.0	4.50133e-05
27310.0	2.87919e-05
27320.000000000004	1.62891e-05
27330.0	3.78934e-06
27340.0	1.86956e-05
27350.0	4.53446e-05
27360.000000000004	7.2e-05
27370.0	4.69937e-05
27380.0	2.19874e-05
27390.0	8.20535e-06
27400.000000000004	1.1268e-05
27410.0	1.43306e-05
27420.0	1.76195e-05
27430.0	2.10042e-05
27440.000000000004	2.39488e-05
27450.0	2.29378e-05
27460.0	2.19267e-05
27470.0	2.25427e-05
27480.000000000004	2.56005e-05
27490.0	2.8659e-05
27500.0	2.50917e-05
27510.0	1.987e-05
27519.999999999996	1.66771e-05
27530.0	3.17262e-05
27540.0	4.67754e-05
27550.0	4.42778e-05
27559.999999999996	2.42429e-05
27570.0	4.20794e-06
27580.0	5.67937e-06
27590.0	1.25306e-05
27599.999999999996	1.95732e-05
27610.0	2.73872e-05
27620.0	3.5203e-05
27630.0	3.77908e-05
27639.999999999996	3.51525e-05
27650.0	3.25136e-05
27660.0	3.54067e-05
27670.0	3.89137e-05
27679.999999999996	4.11872e-05
27690.0	3.85199e-05
27700.0	3.58533e-05
27710.0	3.58102e-05
27719.999999999996	3.83912e-05
27730.0	4.09716e-05
27740.0	3.78706e-05
27750.0	3.41364e-05
27759.999999999996	2.90758e-05
27770.0	1.87071e-05
27780.0	8.33598e-06
27790.0	3.26766e-06
27799.999999999996	1.73078e-06
27810.0	1.93907e-07
27820.0	2.96149e-08
27830.0	1.8077e-08
27839.999999999996	0.0
27850.0	0.0
27860.0	0.0
27870.0	0.0
27879.999999999996	0.0
27890.0	0.0
27900.0	0.0
27910.0	0.0
27919.999999999996	0.0
27930.0	0.0
27940.0	0.0
27950.0	0.0
27960.0	0.0
27970.0	0.0
27980.0	0.0
27990.0	0.0
28000.0	0.0
28010.0	0.0
28020.0	0.0
28030.0	4.53317e-07
28040.0	1.08658e-06
28050.0	1.72e-06
28060.0	1.27771e-05
28070.0	2.38342e-05
28080.0	2.94773e-05
28090.0	2.69961e-05
28100.0	2.45148e-05
28110.0	3.35737e-05
28120.0	4.75781e-05
28130.0	6.07993e-05
28140.0	6.69833e-05
28150.0	7.31687e-05
28160.0	8.11832e-05
28170.0	9.19452e-05
28180.0	0.00010271
28190.0	0.000106478
28200.0	0.0001085
28210.0	0.00011054
28220.0	0.000112732
28230.0	0.000114924
28240.0	0.000115576
28250.0	0.000114687
28260.0	0.000113798
28270.0	0.000106978
28280.0	9.86723e-05
28290.0	8.95845e-05
28300.0	7.73599e-05
28310.0	6.51323e-05
28320.0	6.90137e-05
28330.000000000004	8.9001e-05
28340.0	0.000108993
28350.0	9.33733e-05
28360.0	7.38013e-05
28370.000000000004	5.71099e-05
28380.0	5.19532e-05
28390.0	4.67977e-05
28400.0	4.67139e-05
28410.000000000004	5.17028e-05
28420.0	5.66905e-05
28430.0	5.61302e-05
28440.0	5.49522e-05
28450.000000000004	5.25467e-05
28460.0	4.52317e-05
28470.0	3.79167e-05
28480.0	4.29399e-05
28490.000000000004	5.61867e-05
28500.0	6.94334e-05
28510.0	5.58712e-05
28520.0	3.93298e-05
28530.000000000004	2.4675e-05
28540.0	1.44209e-05
28550.0	4.1692e-06
28560.0	7.03756e-06
28570.000000000004	1.86502e-05
28580.0	3.026e-05
28590.0	2.99156e-05
28600.0	2.95711e-05
28610.000000000004	2.82483e-05
28620.0	2.4645e-05
28630.0	2.10417e-05
28640.0	1.70147e-05
28650.000000000004	1.28073e-05
28660.0	8.6e-06
28670.0	2.1705e-05
28680.0	3.4807e-05
28690.000000000004	3.97585e-05
28700.0	3.24771e-05
28710.0	2.51941e-05
28720.0	1.70411e-05
28730.000000000004	8.51462e-06
28740.0	8.09219e-07
28750.0	5.01844e-07
28760.0	1.94469e-07
28769.999999999996	2.48588e-06
28780.0	8.67412e-06
28790.0	1.48623e-05
28800.0	2.0013e-05
28809.999999999996	2.47171e-05
28820.0	2.99483e-05
28830.0	3.99167e-05
28840.0	4.98875e-05
28849.999999999996	5.17975e-05
28860.0	4.16125e-05
28870.0	3.14251e-05
28880.0	2.06837e-05
28889.999999999996	9.80333e-06
28900.0	0.0
28910.0	0.0
28920.0	0.0
28929.999999999996	0.0
28940.0	0.0
28950.0	0.0
28960.0	0.0
28969.999999999996	0.0
28980.0	0.0
28990.0	0.0
29000.0	0.0
29009.999999999996	0.0
29020.0	0.0
29030.0	0.0
29040.0	0.0
29049.999999999996	0.0
29060.0	0.0
29070.0	0.0
29080.0	0.0
29089.999999999996	0.0
29100.0	0.0
29110.0	0.0
29120.0	0.0
29129.999999999996	0.0
29140.0	0.0
29150.0	0.0
29160.0	0.0
29169.999999999996	0.0
29180.0	0.0
29190.0	0.0
29200.0	1.41545e-07
29210.0	2.87691e-07
29220.0	2.69737e-06
29230.0	1.03917e-05
29240.0	1.80841e-05
29250.0	1.62903e-05
29260.0	8.17419e-06
29270.0	6e-08
29280.0	1.04228e-05
29290.0	2.07856e-05
29300.0	3.17918e-05
29310.0	4.429e-05
29320.0	5.67882e-05
29330.0	5.94951e-05
29340.0	5.80026e-05
29350.0	5.651e-05
29360.0	6.90227e-05
29370.0	8.15324e-05
29380.0	8.50978e-05
29390.0	7.52387e-05
29400.0	6.53773e-05
29410.0	6.333e-05
29420.0	6.46299e-05
29430.0	6.47056e-05
29440.0	5.37771e-05
29450.0	4.28486e-05
29460.0	3.75539e-05
29470.0	4.07128e-05
29480.0	4.38717e-05
29490.0	5.90724e-05
29500.0	7.94434e-05
29510.0	9.67402e-05
29520.0	8.6457e-05
29530.0	7.61714e-05
29540.0	6.65919e-05
29550.0	5.80685e-05
29560.0	4.95431e-05
29570.0	5.12538e-05
29580.000000000004	5.552e-05
29590.0	5.91713e-05
29600.0	5.72868e-05
29610.0	5.54023e-05
29620.000000000004	5.87984e-05
29630.0	6.74774e-05
29640.0	7.61542e-05
29650.0	6.53099e-05
29660.000000000004	4.95801e-05
29670.0	3.49457e-05
29680.0	2.46764e-05
29690.0	1.44046e-05
29700.000000000004	1.0743e-05
29710.0	1.3689e-05
29720.0	1.6635e-05
29730.0	1.129e-05
29740.000000000004	5.024e-06
29750.0	2.99817e-08
29760.0	1.30009e-07
29770.0	2.30013e-07
29780.000000000004	1.73229e-06
29790.0	4.16943e-06
29800.0	6.606e-06
29810.0	4.57707e-06
29820.000000000004	2.05058e-06
29830.0	3.23081e-08
29840.0	4.38459e-08
29850.0	5.53838e-08
29860.000000000004	5.11099e-08
29870.0	3.62967e-08
29880.0	2.14834e-08
29890.0	1.65383e-08
29900.000000000004	1.26923e-08
29910.0	0.0
29920.0	0.0
29930.0	0.0
29940.000000000004	0.0
29950.0	0.0
29960.0	0.0
29970.0	0.0
29980.000000000004	0.0
29990.0	0.0
30000.0	0.0
30010.0	0.0
30019.999999999996	0.0
30030.0	0.0
30040.0	0.0
30050.0	2.67716e-07
30059.999999999996	5.2537e-07
30070.0	5.80778e-07
30080.0	3.32634e-07
30090.0	8.44313e-08
30099.999999999996	0.0
30110.0	0.0
30120.0	1.43139e-07
30130.0	1.47263e-06
30139.999999999996	2.80212e-06
30150.0	3.04759e-06
30160.0	1.6669e-06
30170.0	2.86204e-07
30179.999999999996	0.0
30190.0	0.0
30200.0	0.0
30210.0	0.0
30219.999999999996	0.0
30230.0	0.0
30240.0	0.0
30250.0	0.0
30259.999999999996	0.0
30270.0	0.0
30280.0	0.0
30290.0	0.0
30299.999999999996	0.0
30310.0	0.0
30320.0	0.0
30330.0	0.0
30339.999999999996	0.0
30350.0	0.0
30360.0	0.0
30370.0	0.0
30379.999999999996	0.0
30390.0	0.0
30400.0	0.0
30410.0	0.0
30419.999999999996	0.0
30430.0	0.0
30440.0	0.0
30450.0	0.0
30460.0	0.0
30470.0	0.0
30480.0	0.0
30490.0	0.0
30500.0	0.0
30510.0	0.0
30520.0	0.0
30530.0	0.0
30540.0	0.0
30550.0	1.22225e-08
30560.0	1.59258e-08
30570.0	1.96291e-08
30580.0	3.35709e-06
30590.0	7.06458e-06
30600.0	1.20951e-05
30610.0	2.02154e-05
30620.0	2.83338e-05
30630.0	3.0223e-05
30640.0	2.79617e-05
30650.0	2.57e-05
30660.0	1.61891e-05
30670.0	6.67811e-06
30680.0	1.28408e-06
30690.0	5.495e-06
30700.0	9.70592e-06
30710.0	1.90204e-05
30720.0	3.05202e-05
30730.0	4.202e-05
30740.0	3.68708e-05
30750.0	3.17203e-05
30760.0	2.67566e-05
30770.0	2.20715e-05
30780.0	1.73853e-05
30790.0	1.48977e-05
30800.0	1.33516e-05
30810.0	1.19263e-05
30820.0	1.15893e-05
30830.000000000004	1.12522e-05
30840.0	9.35123e-06
30850.0	5.10531e-06
30860.0	8.59387e-07
30870.000000000004	0.0
30880.0	0.0
30890.0	0.0
30900.0	0.0
30910.000000000004	0.0
30920.0	0.0
30930.0	0.0
30940.0	0.0
30950.000000000004	0.0
30960.0	0.0
30970.0	0.0
30980.0	0.0
30990.000000000004	0.0
31000.0	0.0
31010.0	0.0
31020.0	0.0
31030.000000000004	0.0
31040.0	0.0
31050.0	0.0
31060.0	0.0
31070.000000000004	0.0
31080.0	0.0
31090.0	0.0
31100.0	0.0
31110.000000000004	0.0
31120.0	0.0
31130.0	0.0
31140.0	0.0
31150.000000000004	0.0
31160.0	0.0
31170.0	0.0
31180.0	0.0
31190.000000000004	0.0
31200.0	0.0
31210.0	0.0
31220.0	0.0
31230.000000000004	0.0
31240.0	0.0
31250.0	0.0
31260.0	0.0
31269.999999999996	0.0
31280.0	0.0
31290.0	0.0
31300.0	0.0
31309.999999999996	0.0
31320.0	0.0
31330.0	0.0
31340.0	0.0
31349.999999999996	0.0
31360.0	0.0
31370.0	0.0
31380.0	0.0
31389.999999999996	0.0
31400.0	0.0
31410.0	0.0
31420.0	0.0
31429.999999999996	0.0
31440.0	0.0
31450.0	0.0
31460.0	0.0
31469.999999999996	0.0
31480.0	0.0
31490.0	0.0
31500.0	0.0
31509.999999999996	0.0
31520.0	0.0
31530.0	0.0
31540.0	0.0
31549.999999999996	0.0
31560.0	0.0
31570.0	0.0
31580.0	0.0
31589.999999999996	0.0
31600.0	0.0
31610.0	0.0
31620.0	0.0
31629.999999999996	0.0
31640.0	0.0
31650.0	0.0
31660.0	0.0
31669.999999999996	0.0
31680.0	0.0
31690.0	0.0
31700.0	0.0
31710.0	0.0
31720.0	0.0
31730.0	0.0
31740.0	0.0
31750.0	0.0
31760.0	0.0
31770.0	0.0
31780.0	0.0
31790.0	0.0
31800.0	0.0
31810.0	0.0
31820.0	0.0
31830.0	0.0
31840.0	0.0
31850.0	0.0
31860.0	0.0
31870.0	0.0
31880.0	0.0
31890.0	0.0
31900.0	0.0
31910.0	0.0
31920.0	0.0
31930.0	0.0
31940.0	0.0
31950.0	0.0
31960.0	0.0
31970.0	0.0
31980.0	0.0
31990.0	0.0
32000.0	0.0
32010.0	7.95842e-06
32020.0	2.12026e-05
32030.0	3.445e-05
32040.0	3.75574e-05
32050.0	4.06647e-05
32060.0	4.14039e-05
32070.0	3.662e-05
32080.000000000004	3.18361e-05
32090.0	3.79993e-05
32100.0	4.88546e-05
32110.0	5.971e-05
32120.000000000004	6.04137e-05
32130.0	6.11177e-05
32140.0	5.86255e-05
32150.0	5.13368e-05
32160.000000000004	4.40463e-05
32170.0	3.72453e-05
32180.0	3.06534e-05
32190.0	2.46506e-05
32200.000000000004	2.39581e-05
32210.0	2.32656e-05
32220.0	2.47077e-05
32230.0	2.93547e-05
32240.000000000004	3.40006e-05
32250.0	2.70136e-05
32260.0	1.71151e-05
32270.0	8.086e-06
32280.000000000004	6.84772e-06
32290.0	5.60914e-06
32300.0	5.67703e-06
32310.0	7.05107e-06
32320.000000000004	8.42545e-06
32330.0	6.12484e-06
32340.0	2.90667e-06
32350.0	1.65319e-08
32360.000000000004	8.19285e-08
32370.0	1.47309e-07
32380.0	1.80575e-06
32390.0	5.05804e-06
32400.000000000004	8.30954e-06
32410.0	6.30184e-06
32420.0	2.97816e-06
32430.0	2.97034e-07
32440.000000000004	1.82231e-07
32450.0	6.74287e-08
32460.0	0.0
32470.0	0.0
32480.000000000004	0.0
32490.0	0.0
32500.0	0.0
32510.0	0.0
32519.999999999996	0.0
32530.0	0.0
32540.0	0.0
32550.0	0.0
32559.999999999996	0.0
32570.0	0.0
32580.0	0.0
32590.0	0.0
32599.999999999996	0.0
32610.0	0.0
32620.0	0.0
32630.0	0.0
32639.999999999996	0.0
32650.0	2.46218e-06
32660.0	4.91377e-06
32670.0	6.26085e-06
32679.999999999996	5.03015e-06
32690.0	3.79915e-06
32700.0	2.54337e-06
32710.0	1.27683e-06
32719.999999999996	0.0
32730.0	0.0
32740.0	0.0
32750.0	0.0
32759.999999999996	0.0
32770.0	0.0
32780.0	0.0
32790.0	0.0
32800.0	0.0
32810.0	3.75331e-07
32820.0	7.40749e-07
32830.0	4.44314e-06
32840.0	1.31541e-05
32850.0	2.18671e-05
32860.0	1.78918e-05
32870.0	8.48082e-06
32880.0	0.0
32890.0	0.0
32900.0	0.0
32910.0	0.0
32920.0	0.0
32930.0	0.0
32940.0	0.0
32950.0	0.0
32960.0	0.0
32970.0	0.0
32980.0	0.0
32990.0	0.0
33000.0	0.0
33010.0	0.0
33020.0	2.44646e-05
33030.0	5.50255e-05
33040.0	7.8774e-05
33050.0	7.52399e-05
33060.0	7.17066e-05
33070.0	6.25963e-05
33080.0	4.79055e-05
33090.0	3.32182e-05
33100.0	2.10564e-05
33110.0	9.52356e-06
33120.0	2.78516e-07
33130.0	1.7112e-07
33140.0	6.37236e-08
33150.0	0.0
33160.0	0.0
33170.0	0.0
33180.0	0.0
33190.0	0.0
33200.0	0.0
33210.0	0.0
33220.0	0.0
33230.0	0.0
33240.0	0.0
33250.0	0.0
33260.0	0.0
33270.0	0.0
33280.0	1.44468e-08
33290.0	2.926e-08
33300.0	4.40733e-08
33310.0	8.23136e-08
33320.0	1.36157e-07
33330.0	1.9e-07
33340.0	1.23324e-07
33350.0	5.66649e-08
33360.0	0.0
33370.0	0.0
33380.0	0.0
33390.0	0.0
33400.0	0.0
33410.0	0.0
33420.0	0.0
33430.0	0.0
33440.0	0.0
33450.0	0.0
33460.0	0.0
33470.0	0.0
33480.0	0.0
33490.0	0.0
33500.0	0.0
33510.0	0.0
33520.0	0.0
33530.0	0.0
33540.0	0.0
33550.0	0.0
33560.0	0.0
33570.0	0.0
33580.0	0.0
33590.0	0.0
33600.0	0.0
33610.0	0.0
33620.0	0.0
33630.0	0.0
33640.0	0.0
33650.0	0.0
33660.0	0.0
33670.0	0.0
33680.0	0.0
33690.0	0.0
33700.0	0.0
33710.0	0.0
33720.0	0.0
33730.0	1.074e-08
33740.0	1.44445e-08
33750.0	1.81482e-08
33760.0	1.67201e-05
33770.0	5.01282e-05
33780.0	8.35284e-05
33790.0	0.000123102
33800.0	0.000164228
33810.0	0.000203981
33820.0	0.000238277
33830.0	0.000272574
33840.0	0.000297172
33850.0	0.000312056
33860.0	0.00032694
33870.0	0.000327027
33880.0	0.000325468
33890.0	0.000324173
33900.0	0.000323938
33910.0	0.000323704
33920.0	0.000321434
33930.0	0.000317809
33940.0	0.000314183
33950.0	0.000302426
33960.0	0.000289764
33970.0	0.000274951
33980.0	0.000255135
33990.0	0.000235318
34000.0	0.000211969
34010.0	0.000186275
34020.0	0.00016058
34030.0	0.000137351
34040.0	0.000114128
34050.0	9.33225e-05
34060.0	7.81618e-05
34070.0	6.29975e-05
34080.0	5.13362e-05
34090.0	4.11743e-05
34100.0	3.101e-05
34110.0	2.29181e-05
34120.0	1.48263e-05
34130.0	1.36623e-05
34140.0	2.2891e-05
34150.0	3.21196e-05
34160.0	4.19217e-05
34170.0	5.1972e-05
34180.0	6.202e-05
34190.0	6.55272e-05
34200.0	6.90352e-05
34210.0	7.17546e-05
34220.0	7.32916e-05
34230.0	7.4829e-05
34240.0	7.51877e-05
34250.0	7.50415e-05
34260.0	7.53624e-05
34270.0	7.98805e-05
34280.0	8.43985e-05
34290.0	9.22356e-05
34300.0	0.000105057
34310.0	0.000117876
34320.0	0.000120541
34330.0	0.000120667
34340.0	0.000121494
34350.0	0.000128628
34360.0	0.000135763
34370.0	0.000142378
34380.0	0.000148474
34390.0	0.00015457
34400.0	0.000165157
34410.0	0.000176863
34420.0	0.000188424
34430.0	0.000199408
34440.0	0.000210389
34450.0	0.000219328
34460.0	0.000226224
34470.0	0.000233119
34480.0	0.000244775
34490.0	0.00025696
34500.0	0.000268579
34510.0	0.000277923
34520.0	0.000287266
34530.0	0.000298103
34540.0	0.000310429
34550.0	0.000322756
34560.0	0.000332643
34570.0	0.000342257
34580.0	0.000349228
34590.0	0.000345611
34600.0	0.000341996
34610.0	0.000341114
34620.0	0.000342055
34630.0	0.000342996
34640.0	0.000348832
34650.0	0.000355213
34660.0	0.000360667
34670.0	0.000363956
34680.0	0.000367244
34690.0	0.000362845
34700.0	0.000353323
34710.0	0.0003438
34720.0	0.000343426
34730.0	0.000343052
34740.0	0.00034465
34750.0	0.000350849
34760.0	0.00035705
34770.0	0.000357759
34780.0	0.000356115
34790.0	0.00035447
34800.0	0.000358401
34810.0	0.000362331
34820.0	0.000369221
34830.0	0.000380546
34840.0	0.00039187
34850.0	0.000393782
34860.0	0.000391656
34870.0	0.00038953
34880.0	0.000397948
34890.0	0.000406368
34900.0	0.000418118
34910.0	0.00043487
34920.0	0.000451625
34930.0	0.000461908
34940.0	0.000469419
34950.0	0.000477159
34960.0	0.000486964
34970.0	0.000496767
34980.0	0.000504351
34990.0	0.000508605
35000.0	0.000512859
35010.0	0.000517559
35020.0	0.000522371
35030.0	0.000527571
35040.0	0.000536266
35050.0	0.000544963
35060.0	0.000544564
35070.0	0.000535071
35080.0	0.000525579
35090.0	0.000524951
35100.0	0.000526539
35110.0	0.000530342
35120.0	0.000543015
35130.0	0.000555685
35140.0	0.000562703
35150.0	0.000564068
35160.0	0.000565433
35170.0	0.000560544
35180.0	0.000554959
35190.0	0.0005474
35200.0	0.000531955
35210.0	0.00051651
35220.0	0.000499164
35230.0	0.000480559
35240.0	0.000461953
35250.0	0.000448917
35260.0	0.000436503
35270.0	0.000423949
35280.0	0.000410826
35290.0	0.000397706
35300.0	0.000383064
35310.0	0.000367408
35320.0	0.000351748
35330.0	0.000345248
35340.0	0.000339767
35350.0	0.000339112
35360.0	0.000349711
35370.0	0.000360309
35380.0	0.000384127
35390.0	0.000416749
35400.0	0.00044937
35410.0	0.000497739
35420.0	0.000546119
35430.0	0.000599821
35440.0	0.000665967
35450.0	0.000732129
35460.0	0.000801489
35470.0	0.000872226
35480.0	0.00094298
35490.0	0.0010097
35500.0	0.00107642
35510.0	0.00113613
35520.0	0.00118528
35530.0	0.00123443
35540.0	0.00126073
35550.0	0.00127722
35560.0	0.00129045
35570.0	0.00127436
35580.0	0.00125827
35590.0	0.00123847
35600.0	0.00121308
35610.0	0.00118769
35620.0	0.00115202
35630.0	0.00111195
35640.0	0.00107127
35650.0	0.00102511
35660.0	0.000978957
35670.0	0.000934722
35680.0	0.000893353
35690.0	0.000851994
35700.0	0.000820273
35710.0	0.000790955
35720.0	0.00076204
35730.0	0.000736674
35740.0	0.000711309
35750.0	0.000689848
35760.0	0.000672304
35770.0	0.00065476
35780.0	0.000643342
35790.0	0.000633458
35800.0	0.000624721
35810.0	0.000620572
35820.0	0.000616424
35830.0	0.000614742
35840.0	0.000615527
35850.0	0.000616311
35860.0	0.000605632
35870.0	0.000593677
35880.0	0.000581383
35890.0	0.000567753
35900.0	0.000554123
35910.0	0.000544078
35920.0	0.000536427
35930.0	0.000528776
35940.0	0.000531103
35950.0	0.00053454
35960.0	0.000538152
35970.0	0.000542468
35980.0	0.000546784
35990.0	0.000545852
36000.0	0.000541423
36010.0	0.000536993
36020.0	0.000541368
36030.0	0.000546722
36040.0	0.000551793
36050.0	0.0005562
36060.0	0.000560607
36070.0	0.000565015
36080.0	0.000569423
36090.0	0.00057383
36100.0	0.000584436
36110.0	0.000595045
36120.0	0.000606489
36130.0	0.000619888
36140.0	0.000633291
36150.0	0.000648717
36160.0	0.000665012
36170.0	0.00068131
36180.0	0.000699494
36190.0	0.000717677
36200.0	0.000732002
36210.0	0.000740536
36220.0	0.000749069
36230.0	0.000755083
36240.0	0.000760019
36250.0	0.000765862
36260.0	0.000779867
36270.0	0.000793875
36280.0	0.000807998
36290.0	0.000822298
36300.0	0.000836601
36310.0	0.000849072
36320.0	0.00086076
36330.0	0.000872863
36340.0	0.000888717
36350.0	0.000904568
36360.0	0.000924703
36370.0	0.000951277
36380.0	0.000977845
36390.0	0.00101059
36400.0	0.00104488
36410.0	0.00107982
36420.0	0.00112067
36430.0	0.00116152
36440.0	0.00120385
36450.0	0.00124763
36460.0	0.00129141
36470.0	0.00134055
36480.0	0.00139101
36490.0	0.00144321
36500.0	0.00150236
36510.0	0.00156151
36520.0	0.00163123
36530.0	0.00171154
36540.0	0.00179183
36550.0	0.00188876
36560.0	0.00198754
36570.0	0.00209215
36580.0	0.00221991
36590.0	0.00234767
36600.0	0.00248873
36610.0	0.00263859
36620.0	0.00278845
36630.0	0.00296588
36640.0	0.00314634
36650.0	0.00333438
36660.0	0.00354013
36670.0	0.00374594
36680.0	0.00398592
36690.0	0.0042487
36700.0	0.00451154
36710.0	0.00484955
36720.0	0.00519593
36730.0	0.00555969
36740.0	0.00596369
36750.0	0.0063677
36760.0	0.00684141
36770.0	0.0073614
36780.0	0.00788139
36790.0	0.00851296
36800.0	0.00914467
36810.0	0.00982927
36820.0	0.0106376
36830.0	0.0114461
36840.0	0.0123722
36850.0	0.0133487
36860.0	0.0143254
36870.0	0.0156374
36880.0	0.0169494
36890.0	0.0183924
36900.0	0.0200326
36910.0	0.0216723
36920.0	0.0237055
36930.0	0.025908
36940.0	0.0281643
36950.0	0.0309085
36960.0	0.0336534
36970.0	0.0367801
36980.0	0.0404807
36990.0	0.0441814
37000.0	0.0486151
37010.0	0.0532308
37020.0	0.0579809
37030.0	0.0639434
37040.0	0.0699044
37050.0	0.0766724
37060.0	0.0846534
37070.0	0.0926324
37080.0	0.102116
37090.0	0.111978
37100.0	0.122154
37110.0	0.135182
37120.0	0.148209
37130.0	0.162601
37140.0	0.178352
37150.0	0.194104
37160.0	0.213372
37170.0	0.233514
37180.0	0.25428
37190.0	0.277551
37200.0	0.300816
37210.0	0.326422
37220.0	0.354369
37230.0	0.382323
37240.0	0.411883
37250.0	0.441622
37260.0	0.471881
37270.0	0.504179
37280.0	0.536478
37290.0	0.567739
37300.0	0.598297
37310.0	0.628855
37320.0	0.658147
37330.0	0.687291
37340.0	0.714902
37350.0	0.738938
37360.0	0.76298
37370.0	0.784098
37380.0	0.803272
37390.0	0.822451
37400.0	0.83766
37410.0	0.852429
37420.0	0.865693
37430.0	0.875439
37440.0	0.885185
37450.0	0.892873
37460.0	0.899191
37470.0	0.905509
37480.0	0.908803
37490.0	0.912098
37500.0	0.914795
37510.0	0.916098
37520.0	0.917402
37530.0	0.917671
37540.0	0.917496
37550.0	0.917322
37560.0	0.916144
37570.0	0.914966
37580.0	0.913568
37590.0	0.911839
37600.0	0.91011
37610.0	0.908081
37620.0	0.905922
37630.0	0.903755
37640.0	0.901506
37650.0	0.899256
37660.0	0.896954
37670.0	0.894572
37680.0	0.892191
37690.0	0.889925
37700.0	0.887689
37710.0	0.88547
37720.0	0.883404
37730.0	0.881338
37740.0	0.879338
37750.0	0.877438
37760.0	0.875539
37770.0	0.873933
37780.0	0.872401
37790.0	0.870897
37800.0	0.869641
37810.0	0.868385
37820.0	0.867316
37830.0	0.866436
37840.0	0.865555
37850.0	0.864922
37860.0	0.864351
37870.0	0.863851
37880.0	0.863637
37890.0	0.863422
37900.0	0.863383
37910.0	0.863518
37920.0	0.863653
37930.0	0.864058
37940.0	0.864493
37950.0	0.864985
37960.0	0.865708
37970.0	0.866432
37980.0	0.867266
37990.0	0.868175
38000.0	0.869084
38010.0	0.870195
38020.0	0.871328
38030.0	0.872492
38040.0	0.873732
38050.0	0.874972
38060.0	0.876292
38070.0	0.877667
38080.0	0.879042
38090.0	0.880385
38100.0	0.881728
38110.0	0.883063
38120.0	0.884377
38130.0	0.885691
38140.0	0.886995
38150.0	0.888291
38160.0	0.889587
38170.0	0.89074
38180.0	0.891892
38190.0	0.893021
38200.0	0.894095
38210.0	0.895169
38220.0	0.896125
38230.0	0.897032
38240.0	0.897939
38250.0	0.898735
38260.0	0.89953
38270.0	0.900257
38280.0	0.90088
38290.0	0.901503
38300.0	0.90204
38310.0	0.90254
38320.0	0.903028
38330.0	0.903404
38340.0	0.90378
38350.0	0.904152
38360.0	0.904516
38370.0	0.90488
38380.0	0.905225
38390.0	0.905564
38400.0	0.905905
38410.0	0.906257
38420.0	0.906609
38430.0	0.906959
38440.0	0.907308
38450.0	0.907657
38460.0	0.908042
38470.0	0.908436
38480.0	0.908841
38490.0	0.909344
38500.0	0.909846
38510.0	0.910392
38520.0	0.910981
38530.0	0.91157
38540.0	0.912241
38550.0	0.912931
38560.0	0.913622
38570.0	0.914315
38580.0	0.915008
38590.0	0.915711
38600.0	0.916425
38610.0	0.917139
38620.0	0.917819
38630.0	0.918496
38640.0	0.919173
38650.0	0.919847
38660.0	0.920522
38670.0	0.921146
38680.0	0.921737
38690.0	0.922328
38700.0	0.9228
38710.0	0.92326
38720.0	0.923653
38730.0	0.923893
38740.0	0.924133
38750.0	0.924238
38760.0	0.924254
38770.0	0.92427
38780.0	0.924078
38790.0	0.923886
38800.0	0.923643
38810.0	0.923283
38820.0	0.922923
38830.0	0.922456
38840.0	0.921918
38850.0	0.92138
38860.0	0.920724
38870.0	0.920067
38880.0	0.91937
38890.0	0.918575
38900.0	0.917781
38910.0	0.916947
38920.0	0.916096
38930.0	0.915246
38940.0	0.914307
38950.0	0.913368
38960.0	0.912436
38970.0	0.911514
38980.0	0.910593
38990.0	0.909579
39000.0	0.908527
39010.0	0.907444
39020.0	0.906087
39030.0	0.904729
39040.0	0.903029
39050.0	0.900815
39060.0	0.8986
39070.0	0.895374
39080.0	0.891896
39090.0	0.888191
39100.0	0.882442
39110.0	0.876695
39120.0	0.869612
39130.0	0.861192
39140.0	0.852775
39150.0	0.841019
39160.0	0.828429
39170.0	0.815066
39180.0	0.798629
39190.0	0.782193
39200.0	0.763516
39210.0	0.742606
39220.0	0.721696
39230.0	0.696792
39240.0	0.670897
39250.0	0.644502
39260.0	0.616099
39270.0	0.587702
39280.0	0.558033
39290.0	0.527092
39300.0	0.496144
39310.0	0.466794
39320.0	0.437622
39330.0	0.408657
39340.0	0.38056
39350.0	0.352463
39360.0	0.326844
39370.0	0.302886
39380.0	0.278927
39390.0	0.257447
39400.0	0.236237
39410.0	0.216331
39420.0	0.199457
39430.0	0.182579
39440.0	0.167347
39450.0	0.153209
39460.0	0.139067
39470.0	0.128258
39480.0	0.117449
39490.0	0.107237
39500.0	0.0984145
39510.0	0.0895945
39520.0	0.0822943
39530.0	0.0756444
39540.0	0.0689962
39550.0	0.0637935
39560.0	0.0585895
39570.0	0.053677
39580.0	0.0494409
39590.0	0.0452038
39600.0	0.0416902
39610.0	0.0384862
39620.0	0.0352821
39630.0	0.0326627
39640.0	0.0300439
39650.0	0.0276759
39660.0	0.0256838
39670.0	0.0236921
39680.0	0.0219493
39690.0	0.0203126
39700.0	0.0187164
39710.0	0.0174796
39720.0	0.0162428
39730.0	0.0150927
39740.0	0.0140735
39750.0	0.0130544
39760.0	0.0122144
39770.0	0.0114195
39780.0	0.0106367
39790.0	0.00996266
39800.0	0.00928879
39810.0	0.00868707
39820.0	0.00815737
39830.0	0.0076278
39840.0	0.00716253
39850.0	0.00671331
39860.0	0.0062824
39870.0	0.00592524
39880.0	0.00556808
39890.0	0.00523916
39900.0	0.00493867
39910.0	0.00463817
39920.0	0.00436767
39930.0	0.00410473
39940.0	0.00385308
39950.0	0.00364658
39960.0	0.00344003
39970.0	0.00324855
39980.0	0.00307209
39990.0	0.00289558
40000.0	0.00274775
40010.0	0.00260311
40020.0	0.00246186
40030.0	0.0023342
40039.99999999999	0.00220648
40050.0	0.00209514
40060.0	0.00199466
40070.0	0.00189418
40080.0	0.00180988
40090.0	0.00172738
40100.0	0.00164957
40110.0	0.00158285
40119.99999999999	0.00151612
40130.0	0.00145377
40140.0	0.00139432
40150.0	0.00133487
40160.0	0.00129397
40170.0	0.00125304
40180.0	0.0012157
40190.0	0.00118663
40199.99999999999	0.00115756
40210.0	0.00113227
40220.0	0.0011086
40230.0	0.00108493
40240.0	0.00105855
40250.0	0.00103218
40260.0	0.00100631
40270.0	0.000981606
40279.99999999999	0.000956902
40290.0	0.000934631
40300.0	0.000913396
40310.0	0.00089217
40320.0	0.000867216
40330.0	0.000842262
40340.0	0.000818175
40350.0	0.00079539
40359.99999999999	0.000772605
40370.0	0.0007514
40380.0	0.000730888
40390.0	0.00071077
40400.0	0.000694192
40410.00000000001	0.000677613
40420.0	0.000661807
40430.0	0.000647153
40439.99999999999	0.000632507
40450.0	0.000617773
40460.0	0.000603018
40470.0	0.000587859
40480.0	0.000569082
40490.00000000001	0.000550303
40500.0	0.000532875
40510.0	0.000516812
40519.99999999999	0.000500749
40530.0	0.000486093
40540.0	0.000471787
40550.0	0.000457557
40560.0	0.000443621
40570.00000000001	0.000429691
40580.0	0.000414025
40590.0	0.000396624
40599.99999999999	0.000379223
40610.0	0.000363206
40620.0	0.000347343
40630.0	0.00033252
40640.0	0.000321887
40650.00000000001	0.000311254
40660.0	0.000299596
40670.0	0.000286913
40679.99999999999	0.00027423
40690.0	0.000259859
40700.0	0.000245293
40710.0	0.000231231
40720.0	0.000219152
40730.00000000001	0.000207073
40740.0	0.0002011
40750.0	0.0001992
40759.99999999999	0.000197299
40770.0	0.000202522
40780.0	0.000208532
40790.0	0.000214006
40800.0	0.000218229
40810.00000000001	0.000222451
40820.0	0.000227833
40830.0	0.000233993
40839.99999999999	0.00024015
40850.0	0.000246391
40860.0	0.000252631
40870.0	0.000257944
40880.0	0.000261089
40890.00000000001	0.000264236
40900.0	0.000262471
40910.0	0.0002586
40920.0	0.00025473
40930.0	0.000248715
40940.0	0.000242701
40950.0	0.000236383
40960.0	0.000229604
40970.00000000001	0.000222829
40980.0	0.000209161
40990.0	0.000192545
41000.0	0.00017593
41010.0	0.000148615
41020.0	0.000121287
41030.0	9.25062e-05
41040.0	6.15289e-05
41050.00000000001	3.05517e-05
41060.0	1.55409e-05
41070.0	7.37141e-06
41080.0	1.96292e-08
41090.0	1.59244e-08
41100.0	1.22214e-08
41110.0	0.0
41120.0	0.0
41130.00000000001	0.0
41140.0	0.0
41150.0	0.0
41160.0	0.0
41170.0	0.0
41180.0	0.0
41190.0	0.0
41200.0	0.0
41210.00000000001	0.0
41220.0	0.0
41230.0	0.0
41240.0	1.58331e-07
41250.0	8.98928e-07
41260.0	1.63953e-06
41270.0	2.36869e-05
41280.0	6.70613e-05
41289.99999999999	0.000110456
41300.0	0.00016009
41310.0	0.00021042
41320.0	0.000260394
41330.0	0.000308944
41340.0	0.000357494
41350.0	0.000398611
41360.0	0.000432256
41369.99999999999	0.000465901
41380.0	0.000479447
41390.0	0.000490756
41400.0	0.00049782
41410.0	0.000487933
41420.0	0.000478041
41430.0	0.000458654
41440.0	0.000432945
41449.99999999999	0.000407235
41460.0	0.000371595
41470.0	0.000334851
41480.0	0.000294057
41490.0	0.00024377
41500.0	0.000193506
41510.0	0.000133466
41520.0	6.69179e-05
41529.99999999999	3.7e-07
41540.0	2.36693e-07
41550.0	1.03322e-07
41560.0	0.0
41570.0	0.0
41580.0	0.0
41590.0	0.0
41600.0	0.0
41609.99999999999	0.0
41620.0	0.0
41630.0	0.0
41640.0	0.0
41650.0	0.0
41660.00000000001	0.0
41670.0	0.0
41680.0	0.0
41689.99999999999	0.0
41700.0	0.0
41710.0	0.0
41720.0	0.0
41730.0	0.0
41740.00000000001	0.0
41750.0	0.0
41760.0	0.0
41769.99999999999	0.0
41780.0	0.0
41790.0	0.0
41800.0	0.0
41810.0	0.0
41820.00000000001	0.0
41830.0	0.0
41840.0	0.0
41849.99999999999	0.0
41860.0	0.0
41870.0	0.0
41880.0	0.0
41890.0	0.0
41900.00000000001	0.0
41910.0	1.69978e-07
41920.0	3.70022e-07
41929.99999999999	4.64471e-06
41940.0	2.51889e-05
41950.0	4.57428e-05
41960.0	6.93317e-05
41970.0	9.59624e-05
41980.00000000001	0.000122593
41990.0	0.000139587
42000.0	0.000155509
42009.99999999999	0.000170861
42020.0	0.000183898
42030.0	0.000196934
42040.0	0.00020928
42050.0	0.000221165
42060.00000000001	0.00023305
42070.0	0.000246454
42080.0	0.000260035
42089.99999999999	0.000274242
42100.0	0.000290978
42110.0	0.000307714
42120.0	0.000319987
42130.0	0.000329283
42140.00000000001	0.000338583
42150.0	0.000337592
42160.0	0.000335461
42170.0	0.000331403
42180.0	0.000322844
42190.0	0.000314284
42200.0	0.000305672
42210.0	0.000297019
42220.00000000001	0.00028837
42230.0	0.000285952
42240.0	0.000283533
42250.0	0.000280805
42260.0	0.000277355
42270.0	0.000273903
42280.0	0.00027018
42290.0	0.00026634
42300.00000000001	0.0002625
42310.0	0.000258139
42320.0	0.000253778
42330.0	0.000249203
42340.0	0.000244304
42350.0	0.000239407
42360.0	0.00023232
42370.0	0.000224299
42380.00000000001	0.000216421
42390.0	0.000209841
42400.0	0.000203261
42410.0	0.000197779
42420.0	0.000193953
42430.0	0.000190128
42440.0	0.000189815
42450.0	0.000191007
42460.00000000001	0.000192093
42470.0	0.000192219
42480.0	0.000192344
42490.0	0.000191823
42500.0	0.000190331
42510.0	0.000188839
42520.0	0.000187361
42530.0	0.000185887
42539.99999999999	0.000184637
42550.0	0.000185411
42560.0	0.000186184
42570.0	0.000190077
42580.0	0.000197086
42590.0	0.000204096
42600.0	0.000209757
42610.0	0.000215076
42619.99999999999	0.000219837
42630.0	0.000222366
42640.0	0.000224895
42650.0	0.000226079
42660.0	0.000225918
42670.0	0.000225756
42680.0	0.00022632
42690.0	0.000226965
42699.99999999999	0.00022725
42710.0	0.0002261
42720.0	0.00022495
42730.0	0.000223461
42740.0	0.000221746
42750.0	0.000220032
42760.0	0.000218503
42770.0	0.000216996
42779.99999999999	0.000214877
42790.0	0.000210316
42800.0	0.000205753
42810.0	0.000201529
42820.0	0.00019753
42830.0	0.000193531
42840.0	0.000189157
42850.0	0.000184743
42859.99999999999	0.000180188
42870.0	0.000175303
42880.0	0.000170421
42890.0	0.000165104
42900.0	0.000159497
42910.00000000001	0.00015389
42920.0	0.000152242
42930.0	0.000150594
42939.99999999999	0.000149071
42950.0	0.00014784
42960.0	0.000146609
42970.0	0.000144106
42980.0	0.000141058
42990.00000000001	0.00013801
43000.0	0.000131631
43010.0	0.000125255
43019.99999999999	0.000118729
43030.0	0.000111977
43040.0	0.000105225
43050.0	0.000100225
43060.0	9.59738e-05
43070.00000000001	9.22516e-05
43080.0	9.32664e-05
43090.0	9.42812e-05
43099.99999999999	9.66963e-05
43110.0	0.000101211
43120.0	0.000105726
43130.0	0.000108656
43140.0	0.000110906
43150.00000000001	0.000112927
43160.0	0.000112893
43170.0	0.00011286
43179.99999999999	0.00011233
43190.0	0.000111053
43200.0	0.000109775
43210.0	0.000103101
43220.0	9.50787e-05
43230.00000000001	8.7161e-05
43240.0	8.01813e-05
43250.0	7.32015e-05
43259.99999999999	6.78317e-05
43270.0	6.40769e-05
43280.0	6.0322e-05
43290.0	6.20804e-05
43300.0	6.52196e-05
43310.00000000001	6.89908e-05
43320.0	7.52859e-05
43330.0	8.1584e-05
43339.99999999999	8.79695e-05
43350.0	9.44455e-05
43360.0	0.000100921
43370.0	0.000105153
43380.0	0.000109134
43390.00000000001	0.000112478
43400.0	0.000113266
43410.0	0.000114055
43420.0	0.000117085
43430.0	0.000121606
43440.0	0.000126127
43450.0	0.000130829
43460.0	0.000135554
43470.00000000001	0.000139187
43480.0	0.000140275
43490.0	0.000141364
43500.0	0.000137181
43510.0	0.000129481
43520.0	0.000121777
43530.0	0.00011635
43540.0	0.000111174
43550.00000000001	0.000106893
43560.0	0.000104705
43570.0	0.000102516
43580.0	0.00010299
43590.0	0.00010524
43600.0	0.00010749
43610.0	0.000103097
43620.0	9.8705e-05
43630.00000000001	9.19578e-05
43640.0	7.9715e-05
43650.0	6.74722e-05
43660.0	5.51671e-05
43670.0	4.28435e-05
43680.0	3.052e-05
43690.0	2.24404e-05
43700.0	1.43608e-05
43710.00000000001	9.66987e-06
43720.0	1.00701e-05
43730.0	1.04702e-05
43740.0	1.28745e-05
43750.0	1.61355e-05
43760.0	1.94015e-05
43770.0	2.2712e-05
43780.0	2.60225e-05
43789.99999999999	3.02917e-05
43800.0	3.59948e-05
43810.0	4.16978e-05
43820.0	4.88625e-05
43830.0	5.63933e-05
43840.0	6.40885e-05
43850.0	7.32652e-05
43860.0	8.24375e-05
43869.99999999999	9.0728e-05
43880.0	9.76962e-05
43890.0	0.000104664
43900.0	0.00011515
43910.0	0.000126516
43920.0	0.000138444
43930.0	0.00015536
43940.0	0.000172276
43949.99999999999	0.000191352
43960.0	0.000212584
43970.0	0.000233817
43980.0	0.000251404
43990.0	0.000268086
44000.0	0.000283873
44010.0	0.000296123
44020.0	0.000308372
44029.99999999999	0.00031821
44040.0	0.000325633
44050.0	0.00033306
44060.0	0.00033325
44070.0	0.000332639
44080.0	0.000330582
44090.0	0.000322752
44100.0	0.000314923
44109.99999999999	0.000304339
44120.0	0.000291914
44130.0	0.000279494
44140.0	0.000262568
44150.0	0.00024514
44160.00000000001	0.000227906
44170.0	0.000211125
44180.0	0.000194336
44189.99999999999	0.000178599
44200.0	0.000163558
44210.0	0.000148516
44220.0	0.000134656
44230.0	0.000120927
44240.00000000001	0.000104709
44250.0	8.26583e-05
44260.0	6.06178e-05
44269.99999999999	4.01366e-05
44280.0	2.06933e-05
44290.0	1.25e-06
44300.0	7.9083e-07
44310.0	3.31441e-07
44320.00000000001	0.0
44330.0	0.0
44340.0	0.0
44349.99999999999	0.0
44360.0	0.0
44370.0	0.0
44380.0	0.0
44390.0	0.0
44400.00000000001	0.0
44410.0	0.0
44420.0	0.0
44429.99999999999	0.0
44440.0	0.0
44450.0	0.0
44460.0	0.0
44470.0	0.0
44480.00000000001	0.0
44490.0	0.0
44500.0	0.0
44509.99999999999	0.0
44520.0	0.0
44530.0	0.0
44540.0	0.0
44550.0	0.0
44560.00000000001	0.0
44570.0	0.0
44580.0	0.0
44589.99999999999	0.0
44600.0	0.0
44610.0	0.0
44620.0	0.0
44630.0	0.0
44640.00000000001	0.0
44650.0	0.0
44660.0	0.0
44670.0	0.0
44680.0	0.0
44690.0	0.0
44700.0	0.0
44710.0	0.0
44720.00000000001	0.0
44730.0	0.0
44740.0	0.0
44750.0	0.0
44760.0	0.0
44770.0	0.0
44780.0	0.0
44790.0	0.0
44800.00000000001	0.0
44810.0	0.0
44820.0	0.0
44830.0	0.0
44840.0	0.0
44850.0	0.0
44860.0	0.0
44870.0	0.0
44880.00000000001	0.0
44890.0	0.0
44900.0	0.0
44910.0	0.0
44920.0	0.0
44930.0	0.0
44940.0	0.0
44950.0	0.0
44960.00000000001	0.0
44970.0	0.0
44980.0	0.0
44990.0	0.0
45000.0	0.0
45010.0	0.0
45020.0	0.0
45030.0	0.0
45039.99999999999	0.0
45050.0	0.0
45060.0	0.0
45070.0	0.0
45080.0	0.0
45090.0	0.0
45100.0	0.0
45110.0	0.0
45119.99999999999	0.0
45130.0	0.0
45140.0	0.0
45150.0	0.0
45160.0	0.0
45170.0	0.0
45180.0	0.0
45190.0	0.0
45199.99999999999	0.0
45210.0	0.0
45220.0	0.0
45230.0	0.0
45240.0	0.0
45250.0	0.0
45260.0	0.0
45270.0	0.0
45279.99999999999	0.0
45290.0	0.0
45300.0	0.0
45310.0	0.0
45320.0	0.0
45330.0	0.0
45340.0	0.0
45350.0	0.0
45359.99999999999	0.0
45370.0	0.0
45380.0	0.0
45390.0	0.0
45400.0	0.0
45410.00000000001	0.0
45420.0	0.0
45430.0	0.0
45439.99999999999	0.0
45450.0	0.0
45460.0	0.0
45470.0	0.0
45480.0	0.0
45490.00000000001	0.0
45500.0	0.0
45510.0	0.0
45519.99999999999	0.0
45530.0	0.0
45540.0	0.0
45550.0	0.0
45560.0	0.0
45570.00000000001	0.0
45580.0	0.0
45590.0	0.0
45599.99999999999	0.0
45610.0	0.0
45620.0	0.0
45630.0	0.0
45640.0	0.0
45650.00000000001	0.0
45660.0	0.0
45670.0	0.0
45679.99999999999	0.0
45690.0	0.0
45700.0	0.0
45710.0	0.0
45720.0	0.0
45730.00000000001	0.0
45740.0	0.0
45750.0	0.0
45759.99999999999	0.0
45770.0	0.0
45780.0	0.0
45790.0	0.0
45800.0	0.0
45810.00000000001	0.0
45820.0	0.0
45830.0	0.0
45839.99999999999	0.0
45850.0	0.0
45860.0	0.0
45870.0	0.0
45880.0	0.0
45890.00000000001	0.0
45900.0	0.0
45910.0	0.0
45920.0	0.0
45930.0	0.0
45940.0	0.0
45950.0	0.0
45960.0	0.0
45970.00000000001	0.0
45980.0	0.0
45990.0	0.0
46000.0	0.0
46010.0	0.0
46020.0	0.0
46030.0	0.0
46040.0	0.0
46050.00000000001	0.0
46060.0	0.0
46070.0	0.0
46080.0	0.0
46090.0	0.0
46100.0	0.0
46110.0	0.0
46120.0	0.0
46130.00000000001	0.0
46140.0	0.0
46150.0	0.0
46160.0	0.0
46170.0	0.0
46180.0	0.0
46190.0	0.0
46200.0	0.0
46210.00000000001	0.0
46220.0	0.0
46230.0	0.0
46240.0	0.0
46250.0	0.0
46260.0	0.0
46270.0	0.0
46280.0	0.0
46289.99999999999	0.0
46300.0	0.0
46310.0	0.0
46320.0	0.0
46330.0	0.0
46340.0	0.0
46350.0	0.0
46360.0	0.0
46369.99999999999	0.0
46380.0	0.0
46390.0	0.0
46400.0	0.0
46410.0	0.0
46420.0	0.0
46430.0	0.0
46440.0	0.0
46449.99999999999	0.0
46460.0	0.0
46470.0	0.0
46480.0	0.0
46490.0	0.0
46500.0	0.0
46510.0	0.0
46520.0	0.0
46529.99999999999	0.0
46540.0	0.0
46550.0	0.0
46560.0	0.0
46570.0	0.0
46580.0	0.0
46590.0	0.0
46600.0	0.0
46609.99999999999	0.0
46620.0	0.0
46630.0	0.0
46640.0	0.0
46650.0	0.0
46660.00000000001	0.0
46670.0	0.0
46680.0	0.0
46689.99999999999	0.0
46700.0	0.0
46710.0	0.0
46720.0	0.0
46730.0	0.0
46740.00000000001	0.0
46750.0	0.0
46760.0	0.0
46769.99999999999	0.0
46780.0	0.0
46790.0	0.0
46800.0	0.0
46810.0	0.0
46820.00000000001	0.0
46830.0	0.0
46840.0	0.0
46849.99999999999	0.0
46860.0	0.0
46870.0	0.0
46880.0	0.0
46890.0	0.0
46900.00000000001	0.0
46910.0	0.0
46920.0	5.88803e-08
46929.99999999999	2.2184e-07
46940.0	3.848e-07
46950.0	2.42173e-06
46960.0	5.70587e-06
46970.0	8.99e-06
46980.00000000001	1.38002e-05
46990.0	1.86104e-05
47000.0	2.35157e-05
47009.99999999999	2.86462e-05
47020.0	3.37743e-05
47030.0	3.84903e-05
47040.0	4.30301e-05
47050.0	4.757e-05
47060.00000000001	5.01806e-05
47070.0	5.27912e-05
47080.0	5.492e-05
47089.99999999999	5.592e-05
47100.0	5.692e-05
47110.0	5.6647e-05
47120.0	5.58285e-05
47130.0	5.501e-05
47140.00000000001	5.20513e-05
47150.0	4.90941e-05
47160.0	4.1738e-05
47170.0	2.77864e-05
47180.0	1.38348e-05
47190.0	7.06828e-06
47200.0	3.38036e-06
47210.0	5.81455e-08
47220.00000000001	3.96273e-08
47230.0	2.11092e-08
47240.0	0.0
47250.0	0.0
47260.0	0.0
47270.0	0.0
47280.0	0.0
47290.0	0.0
47300.00000000001	0.0
47310.0	0.0
47320.0	0.0
47330.0	0.0
47340.0	0.0
47350.0	0.0
47360.0	0.0
47370.0	0.0
47380.00000000001	0.0
47390.0	0.0
47400.0	0.0
47410.0	0.0
47420.0	0.0
47430.0	0.0
47440.0	0.0
47450.0	0.0
47460.00000000001	0.0
47470.0	0.0
47480.0	0.0
47490.0	0.0
47500.0	0.0
47510.0	0.0
47520.0	0.0
47530.0	0.0
47539.99999999999	0.0
47550.0	0.0
47560.0	0.0
47570.0	0.0
47580.0	0.0
47590.0	0.0
47600.0	0.0
47610.0	0.0
47619.99999999999	0.0
47630.0	0.0
47640.0	0.0
47650.0	0.0
47660.0	0.0
47670.0	0.0
47680.0	0.0
47690.0	0.0
47699.99999999999	0.0
47710.0	0.0
47720.0	0.0
47730.0	0.0
47740.0	0.0
47750.0	0.0
47760.0	0.0
47770.0	0.0
47779.99999999999	0.0
47790.0	0.0
47800.0	0.0
47810.0	0.0
47820.0	0.0
47830.0	0.0
47840.0	0.0
47850.0	0.0
47859.99999999999	0.0
47870.0	0.0
47880.0	0.0
47890.0	0.0
47900.0	0.0
47910.00000000001	0.0
47920.0	0.0
47930.0	0.0
47939.99999999999	0.0
47950.0	0.0
47960.0	0.0
47970.0	0.0
47980.0	0.0
47990.00000000001	0.0
48000.0	0.0
48010.0	0.0
48019.99999999999	0.0
48030.0	0.0
48040.0	0.0
48050.0	0.0
48060.0	0.0
48070.00000000001	0.0
48080.0	0.0
48090.0	0.0
48099.99999999999	0.0
48110.0	0.0
48120.0	0.0
48130.0	0.0
48140.0	0.0
48150.00000000001	0.0
48160.0	0.0
48170.0	0.0
48179.99999999999	0.0
48190.0	0.0
48200.0	0.0
48210.0	0.0
48220.0	0.0
48230.00000000001	0.0
48240.0	0.0
48250.0	0.0
48259.99999999999	0.0
48270.0	0.0
48280.0	0.0
48290.0	0.0
48300.0	0.0
48310.00000000001	0.0
48320.0	0.0
48330.0	0.0
48339.99999999999	0.0
48350.0	0.0
48360.0	0.0
48370.0	0.0
48380.0	0.0
48390.00000000001	0.0
48400.0	0.0
48410.0	0.0
48420.0	0.0
48430.0	0.0
48440.0	0.0
48450.0	0.0
48460.0	0.0
48470.00000000001	0.0
48480.0	0.0
48490.0	0.0
48500.0	0.0
48510.0	0.0
48520.0	0.0
48530.0	0.0
48540.0	0.0
48550.00000000001	0.0
48560.0	0.0
48570.0	0.0
48580.0	0.0
48590.0	0.0
48600.0	0.0
48610.0	0.0
48620.0	0.0
48630.00000000001	0.0
48640.0	0.0
48650.0	0.0
48660.0	0.0
48670.0	0.0
48680.0	0.0
48690.0	0.0
48700.0	0.0
48710.00000000001	0.0
48720.0	0.0
48730.0	0.0
48740.0	0.0
48750.0	0.0
48760.0	0.0
48770.0	0.0
48780.0	0.0
48789.99999999999	0.0
48800.0	0.0
48810.0	0.0
48820.0	0.0
48830.0	0.0
48840.0	0.0
48850.0	0.0
48860.0	0.0
48869.99999999999	0.0
48880.0	0.0
48890.0	0.0
48900.0	0.0
48910.0	0.0
48920.0	0.0
48930.0	0.0
48940.0	0.0
48949.99999999999	0.0
48960.0	0.0
48970.0	0.0
48980.0	0.0
48990.0	0.0
49000.0	0.0
49010.0	0.0
49020.0	0.0
49029.99999999999	0.0
49040.0	0.0
49050.0	0.0
49060.0	0.0
49070.0	0.0
49080.0	0.0
49090.0	0.0
49100.0	0.0
49109.99999999999	0.0
49120.0	0.0
49130.0	0.0
49140.0	0.0
49150.0	0.0
49160.00000000001	0.0
49170.0	0.0
49180.0	0.0
49189.99999999999	0.0
49200.0	0.0
49210.0	0.0
49220.0	0.0
49230.0	0.0
49240.00000000001	0.0
49250.0	0.0
49260.0	0.0
49269.99999999999	0.0
49280.0	0.0
49290.0	0.0
49300.0	0.0
49310.0	0.0
49320.00000000001	0.0
49330.0	0.0
49340.0	0.0
49349.99999999999	0.0
49360.0	0.0
49370.0	0.0
49380.0	0.0
49390.0	0.0
49400.00000000001	0.0
49410.0	0.0
49420.0	0.0
49429.99999999999	0.0
49440.0	0.0
49450.0	0.0
49460.0	0.0
49470.0	0.0
49480.00000000001	0.0
49490.0	0.0
49500.0	0.0
49509.99999999999	0.0
49520.0	0.0
49530.0	0.0
49540.0	0.0
49550.0	0.0
49560.00000000001	0.0
49570.0	0.0
49580.0	0.0
49589.99999999999	0.0
49600.0	0.0
49610.0	0.0
49620.0	0.0
49630.0	0.0
49640.00000000001	0.0
49650.0	0.0
49660.0	0.0
49670.0	0.0
49680.0	0.0
49690.0	0.0
49700.0	0.0
49710.0	0.0
49720.00000000001	0.0
49730.0	0.0
49740.0	0.0
49750.0	0.0
49760.0	0.0
49770.0	0.0
49780.0	0.0
49790.0	0.0
49800.00000000001	0.0
49810.0	0.0
49820.0	0.0
49830.0	0.0
49840.0	0.0
49850.0	0.0
49860.0	0.0
49870.0	0.0
49880.00000000001	0.0
49890.0	0.0
49900.0	0.0
49910.0	0.0
49920.0	0.0
49930.0	0.0
49940.0	0.0
49950.0	0.0
49960.00000000001	0.0
49970.0	0.0
49980.0	0.0
49990.0	0.0
50000.0	0.0
50010.0	0.0
50020.0	0.0
50030.0	0.0
50039.99999999999	0.0
50050.0	0.0
50060.0	0.0
50070.0	0.0
50080.0	0.0
50090.0	0.0
50100.0	0.0
50110.0	0.0
50119.99999999999	0.0
50130.0	0.0
50140.0	0.0
50150.0	0.0
50160.0	0.0
50170.0	0.0
50180.0	0.0
50190.0	0.0
50199.99999999999	0.0
50210.0	0.0
50220.0	0.0
50230.0	0.0
50240.0	0.0
50250.0	0.0
50260.0	0.0
50270.0	0.0
50279.99999999999	0.0
50290.0	0.0
50300.0	0.0
50310.0	0.0
50320.0	0.0
50330.0	0.0
50340.0	0.0
50350.0	0.0
50359.99999999999	0.0
50370.0	1.44437e-08
50380.0	2.92582e-08
50390.0	4.40728e-08
50400.0	1.33753e-06
50410.00000000001	3.48377e-06
50420.0	5.63e-06
50430.0	2.74954e-05
50439.99999999999	4.93504e-05
50450.0	6.68467e-05
50460.0	7.417e-05
50470.0	8.14933e-05
50480.0	8.5489e-05
50490.00000000001	8.80589e-05
50500.0	9.063e-05
50510.0	9.01415e-05
50519.99999999999	8.9653e-05
50530.0	8.80412e-05
50540.0	8.4745e-05
50550.0	8.14487e-05
50560.0	7.78684e-05
50570.00000000001	7.4169e-05
50580.0	7.05893e-05
50590.0	6.80861e-05
50599.99999999999	6.55829e-05
50610.0	6.31532e-05
50620.0	6.08338e-05
50630.0	5.85134e-05
50640.0	5.64022e-05
50650.00000000001	5.4343e-05
50660.0	5.21589e-05
50670.0	4.88521e-05
50679.99999999999	4.55453e-05
50690.0	4.09383e-05
50700.0	3.43746e-05
50710.0	2.7814e-05
50720.0	2.00391e-05
50730.00000000001	1.196e-05
50740.0	4.51246e-06
50750.0	2.73965e-06
50759.99999999999	9.65986e-07
50770.0	6.70334e-08
50780.0	4.11125e-08
50790.0	1.51916e-08
50800.0	0.0
50810.00000000001	0.0
50820.0	0.0
50830.0	0.0
50839.99999999999	0.0
50850.0	0.0
50860.0	0.0
50870.0	0.0
50880.0	0.0
50890.00000000001	0.0
50900.0	0.0
50910.0	0.0
50920.0	0.0
50930.0	0.0
50940.0	0.0
50950.0	0.0
50960.0	0.0
50970.00000000001	0.0
50980.0	0.0
50990.0	0.0
51000.0	0.0
51010.0	0.0
51020.0	0.0
51030.0	0.0
51040.0	0.0
51050.00000000001	0.0
51060.0	0.0
51070.0	0.0
51080.0	0.0
51090.0	0.0
51100.0	0.0
51110.0	0.0
51120.0	0.0
51130.00000000001	0.0
51140.0	0.0
51150.0	0.0
51160.0	0.0
51170.0	0.0
51180.0	0.0
51190.0	0.0
51200.0	0.0
51210.00000000001	0.0
51220.0	0.0
51230.0	0.0
51240.0	0.0
51250.0	0.0
51260.0	0.0
51270.0	0.0
51280.0	0.0
51289.99999999999	0.0
51300.0	0.0
51310.0	0.0
51320.0	0.0
51330.0	0.0
51340.0	0.0
51350.0	0.0
51360.0	0.0
51369.99999999999	0.0
51380.0	0.0
51390.0	0.0
51400.0	0.0
51410.0	0.0
51420.0	0.0
51430.0	0.0
51440.0	0.0
51449.99999999999	0.0
51460.0	0.0
51470.0	0.0
51480.0	0.0
51490.0	0.0
51500.0	0.0
51510.0	0.0
51520.0	0.0
51529.99999999999	0.0
51540.0	0.0
51550.0	0.0
51560.0	0.0
51570.0	0.0
51580.0	0.0
51590.0	0.0
51600.0	0.0
51609.99999999999	0.0
51620.0	0.0
51630.0	0.0
51640.0	0.0
51650.0	0.0
51660.00000000001	0.0
51670.0	1.11093e-08
51680.0	1.48154e-08
51689.99999999999	1.85197e-08
51700.0	2.02397e-07
51710.0	5.06198e-07
51720.0	8.1e-07
51730.0	7.35317e-06
51740.00000000001	1.38963e-05
51750.0	1.85855e-05
51760.0	1.89374e-05
51769.99999999999	1.92892e-05
51780.0	1.67465e-05
51790.0	1.22732e-05
51800.0	7.8e-06
51810.0	4.96957e-06
51820.00000000001	2.14049e-06
51830.0	1.43848e-07
51840.0	9e-08
51849.99999999999	3.61519e-08
51860.0	1.41836e-07
51870.0	3.15877e-07
51880.0	4.9e-07
51890.0	2.37084e-06
51900.00000000001	4.25168e-06
51910.0	7.22337e-06
51920.0	1.18307e-05
51929.99999999999	1.6438e-05
51940.0	2.26658e-05
51950.0	2.95911e-05
51960.0	3.56631e-05
51970.0	3.40968e-05
51980.00000000001	3.25304e-05
51990.0	2.93167e-05
52000.0	2.3628e-05
52009.99999999999	1.79367e-05
52020.0	1.31103e-05
52030.0	8.49927e-06
52040.0	4.20635e-06
52050.0	2.77195e-06
52060.00000000001	1.33754e-06
52070.0	5.12665e-07
52080.0	2.97789e-07
52089.99999999999	8.30161e-08
52100.0	3.11129e-08
52110.0	2e-08
52120.0	0.0
52130.0	0.0
52140.00000000001	0.0
52150.0	0.0
52160.0	0.0
52170.0	0.0
52180.0	0.0
52190.0	0.0
52200.0	0.0
52210.0	0.0
52220.00000000001	0.0
52230.0	0.0
52240.0	0.0
52250.0	0.0
52260.0	0.0
52270.0	0.0
52280.0	0.0
52290.0	0.0
52300.00000000001	0.0
52310.0	0.0
52320.0	0.0
52330.0	0.0
52340.0	0.0
52350.0	0.0
52360.0	0.0
52370.0	0.0
52380.00000000001	0.0
52390.0	0.0
52400.0	0.0
52410.0	0.0
52420.0	0.0
52430.0	0.0
52440.0	0.0
52450.0	0.0
52460.00000000001	0.0
52470.0	0.0
52480.0	0.0
52490.0	0.0
52500.0	0.0
52510.0	0.0
52520.0	0.0
52530.0	0.0
52539.99999999999	0.0
52550.0	0.0
52560.0	0.0
52570.0	0.0
52580.0	0.0
52590.0	0.0
52600.0	0.0
52610.0	0.0
52619.99999999999	0.0
52630.0	0.0
52640.0	0.0
52650.0	0.0
52660.0	0.0
52670.0	0.0
52680.0	0.0
52690.0	0.0
52699.99999999999	0.0
52710.0	0.0
52720.0	0.0
52730.0	0.0
52740.0	0.0
52750.0	0.0
52760.0	0.0
52770.0	0.0
52779.99999999999	0.0
52790.0	2.23037e-08
52800.0	3.76963e-08
52810.0	1.51607e-07
52820.0	6.58916e-07
52830.0	1.16622e-06
52840.0	1.5181e-06
52850.0	1.71439e-06
52859.99999999999	1.91069e-06
52870.0	1.37138e-06
52880.0	6.48276e-07
52890.0	6.55501e-08
52900.0	4.33322e-08
52910.00000000001	2.11142e-08
52920.0	0.0
52930.0	0.0
52939.99999999999	0.0
52950.0	0.0
52960.0	0.0
52970.0	0.0
52980.0	0.0
52990.00000000001	0.0
53000.0	0.0
53010.0	0.0
53019.99999999999	0.0
53030.0	0.0
53040.0	0.0
53050.0	1.22187e-08
53060.0	1.96308e-08
53070.00000000001	2.70394e-08
53080.0	3.78632e-07
53090.0	9.59316e-07
53099.99999999999	1.54e-06
53110.0	1.18676e-05
53120.0	2.21952e-05
53130.0	3.00299e-05
53140.0	3.203e-05
53150.00000000001	3.40301e-05
53160.0	3.58252e-05
53170.0	3.75326e-05
53179.99999999999	3.924e-05
53190.0	3.88142e-05
53200.0	3.83881e-05
53210.0	3.79135e-05
53220.0	3.7325e-05
53230.00000000001	3.67365e-05
53240.0	3.55542e-05
53250.0	3.41174e-05
53259.99999999999	3.268e-05
53270.0	3.14492e-05
53280.0	3.02184e-05
53290.0	2.95007e-05
53300.0	2.95526e-05
53310.00000000001	2.96044e-05
53320.0	2.96523e-05
53330.0	2.96985e-05
53339.99999999999	2.97022e-05
53350.0	2.93245e-05
53360.0	2.89468e-05
53370.0	2.85694e-05
53380.0	2.81924e-05
53390.00000000001	2.78153e-05
53400.0	2.79652e-05
53410.0	2.82467e-05
53420.0	2.85347e-05
53430.0	2.88808e-05
53440.0	2.92269e-05
53450.0	2.97276e-05
53460.0	3.03833e-05
53470.00000000001	3.10387e-05
53480.0	3.17884e-05
53490.0	3.25616e-05
53500.0	3.3404e-05
53510.0	3.45223e-05
53520.0	3.56411e-05
53530.0	3.68576e-05
53540.0	3.81722e-05
53550.00000000001	3.94867e-05
53560.0	4.0562e-05
53570.0	4.15775e-05
53580.0	4.2558e-05
53590.0	4.33991e-05
53600.0	4.42398e-05
53610.0	4.44907e-05
53620.0	4.41523e-05
53630.00000000001	4.38139e-05
53640.0	4.28702e-05
53650.0	4.18591e-05
53660.0	4.12341e-05
53670.0	4.21532e-05
53680.0	4.30723e-05
53690.0	4.51664e-05
53700.0	4.80441e-05
53710.00000000001	5.09218e-05
53720.0	5.42915e-05
53730.0	5.7714e-05
53740.0	6.12254e-05
53750.0	6.49438e-05
53760.0	6.86623e-05
53770.0	7.24362e-05
53780.0	7.62472e-05
53789.99999999999	8.006e-05
53800.0	8.27748e-05
53810.0	8.54895e-05
53820.0	8.79542e-05
53830.0	8.9835e-05
53840.0	9.17158e-05
53850.0	9.09259e-05
53860.0	8.8993e-05
53869.99999999999	8.706e-05
53880.0	8.46834e-05
53890.0	8.23069e-05
53900.0	7.88209e-05
53910.0	7.36682e-05
53920.0	6.85131e-05
53930.0	6.39972e-05
53940.0	5.97536e-05
53949.99999999999	5.551e-05
53960.0	5.55369e-05
53970.0	5.55638e-05
53980.0	5.55904e-05
53990.0	5.56163e-05
54000.0	5.56422e-05
54010.0	5.6517e-05
54020.0	5.77555e-05
54029.99999999999	5.9012e-05
54040.0	6.04303e-05
54050.0	6.18492e-05
54060.0	6.26923e-05
54070.0	6.26731e-05
54080.0	6.26538e-05
54090.0	6.22798e-05
54100.0	6.18168e-05
54109.99999999999	6.13298e-05
54120.0	6.06256e-05
54130.0	5.99218e-05
54140.0	5.91829e-05
54150.0	5.84089e-05
54160.00000000001	5.7635e-05
54170.0	5.85597e-05
54180.0	5.99103e-05
54189.99999999999	6.17302e-05
54200.0	6.54258e-05
54210.0	6.91213e-05
54220.0	7.32248e-05
54230.0	7.77365e-05
54240.00000000001	8.22482e-05
54250.0	8.7345e-05
54260.0	9.25041e-05
54269.99999999999	9.77388e-05
54280.0	0.000103275
54290.0	0.000108811
54300.0	0.000113975
54310.0	0.000118769
54320.00000000001	0.00012356
54330.0	0.000128357
54340.0	0.000133154
54349.99999999999	0.000137332
54360.0	0.000139039
54370.0	0.000140747
54380.0	0.000142448
54390.0	0.000144144
54400.00000000001	0.00014584
54410.0	0.000144429
54420.0	0.000142671
54429.99999999999	0.000140886
54440.0	0.000139038
54450.0	0.000137189
54460.0	0.000138119
54470.0	0.0001409
54480.00000000001	0.00014368
54490.0	0.000147846
54500.0	0.000152012
54509.99999999999	0.000156166
54520.0	0.000160285
54530.0	0.000164404
54540.0	0.000168373
54550.0	0.000172276
54560.00000000001	0.00017618
54570.0	0.000177211
54580.0	0.000178242
54589.99999999999	0.000177861
54600.0	0.000175365
54610.0	0.000172869
54620.0	0.000170114
54630.0	0.000167247
54640.00000000001	0.00016438
54650.0	0.000160461
54660.0	0.000156541
54670.0	0.000152766
54680.0	0.000149207
54690.0	0.000145648
54700.0	0.000142044
54710.0	0.00013842
54720.00000000001	0.000134834
54730.0	0.000131575
54740.0	0.000128316
54750.0	0.000124797
54760.0	0.000120885
54770.0	0.000116972
54780.0	0.000113395
54790.0	0.000109903
54800.00000000001	0.000106229
54810.0	0.000100922
54820.0	9.56147e-05
54830.0	9.04987e-05
54840.0	8.55714e-05
54850.0	8.06464e-05
54860.0	7.43346e-05
54870.0	6.76754e-05
54880.00000000001	6.11189e-05
54890.0	5.49719e-05
54900.0	4.88249e-05
54910.0	4.39398e-05
54920.0	4.03211e-05
54930.0	3.67024e-05
54940.0	3.50936e-05
54950.0	3.37084e-05
54960.00000000001	3.24098e-05
54970.0	3.14575e-05
54980.0	3.05057e-05
54990.0	0.0
55000.0	0.0
