5000.0	0.0
5010.0	0.0
5020.0	0.0
5030.0	0.0
5040.0	0.0
5050.0	0.0
5060.0	0.0
5070.0	0.0
5080.0	0.0
5090.0	0.0
5100.0	0.0
5110.0	0.0
5120.0	0.0
5130.0	0.0
5140.0	0.0
5150.0	0.0
5160.0	0.0
5170.0	0.0
5180.0	0.0
5190.0	0.0
5200.0	0.0
5210.0	0.0
5220.0	0.0
5230.0	0.0
5240.0	0.0
5250.0	0.0
5260.0	0.0
5270.0	0.0
5280.0	0.0
5290.0	0.0
5300.0	0.0
5310.0	0.0
5320.0	0.0
5330.0	0.0
5340.0	0.0
5350.0	0.0
5360.0	0.0
5370.0	0.0
5380.0	0.0
5390.0	0.0
5400.0	0.0
5410.0	0.0
5420.0	0.0
5430.0	0.0
5440.0	0.0
5450.0	0.0
5460.0	0.0
5470.0	0.0
5480.0	0.0
5490.0	0.0
5500.0	0.0
5510.0	0.0
5520.000000000001	0.0
5530.000000000001	0.0
5540.000000000001	0.0
5550.000000000001	0.0
5560.000000000001	0.0
5570.000000000001	0.0
5580.000000000001	0.0
5590.000000000001	0.0
5600.000000000001	0.0
5610.000000000001	0.0
5620.000000000001	0.0
5629.999999999999	0.0
5639.999999999999	0.0
5649.999999999999	0.0
5659.999999999999	0.0
5669.999999999999	0.0
5679.999999999999	0.0
5689.999999999999	0.0
5699.999999999999	0.0
5709.999999999999	0.0
5719.999999999999	0.0
5729.999999999999	0.0
5740.0	0.0
5750.0	0.0
5760.0	0.0
5770.0	0.0
5780.0	0.0
5790.0	0.0
5800.0	0.0
5810.0	0.0
5820.0	0.0
5830.0	0.0
5840.0	0.0
5850.0	0.0
5860.0	0.0
5870.0	0.0
5880.0	0.0
5890.0	0.0
5900.0	0.0
5910.0	0.0
5920.0	0.0
5930.0	0.0
5940.0	0.0
5950.0	0.0
5960.0	0.0
5970.0	0.0
5980.0	0.0
5990.0	0.0
6000.0	0.0
6010.0	0.0
6020.0	0.0
6030.0	0.0
6040.0	0.0
6050.0	0.0
6060.0	0.0
6070.0	0.0
6080.0	0.0
6090.0	0.0
6100.0	0.0
6110.0	0.0
6120.0	0.0
6130.0	0.0
6140.0	0.0
6150.0	0.0
6160.0	0.0
6170.0	0.0
6180.0	0.0
6190.0	0.0
6200.0	0.0
6210.0	0.0
6220.0	0.0
6230.0	0.0
6240.0	0.0
6250.0	0.0
6260.0	0.0
6270.0	0.0
6280.0	0.0
6290.0	0.0
6300.0	0.0
6310.0	0.0
6320.0	0.0
6330.0	0.0
6340.0	0.0
6350.0	0.0
6360.0	0.0
6370.0	0.0
6380.0	0.0
6390.0	0.0
6400.0	0.0
6410.0	0.0
6420.0	0.0
6430.0	0.0
6440.0	0.0
6450.0	0.0
6460.0	0.0
6470.0	0.0
6480.0	0.0
6490.0	0.0
6500.0	0.0
6510.0	0.0
6520.0	0.0
6530.0	0.0
6540.0	0.0
6550.0	0.0
6560.0	0.0
6570.0	0.0
6580.0	0.0
6590.0	0.0
6600.0	0.0
6610.0	0.0
6620.0	0.0
6630.0	0.0
6640.0	0.0
6650.0	0.0
6660.0	0.0
6670.0	0.0
6680.0	0.0
6690.0	0.0
6700.0	0.0
6710.0	0.0
6720.0	0.0
6730.0	0.0
6740.0	0.0
6750.0	0.0
6760.0	0.0
6770.000000000001	0.0
6780.000000000001	0.0
6790.000000000001	0.0
6800.000000000001	0.0
6810.000000000001	0.0
6820.000000000001	0.0
6830.000000000001	0.0
6840.000000000001	0.0
6850.000000000001	0.0
6860.000000000001	0.0
6870.000000000001	0.0
6879.999999999999	0.0
6889.999999999999	0.0
6899.999999999999	0.0
6909.999999999999	0.0
6919.999999999999	0.0
6929.999999999999	0.0
6939.999999999999	0.0
6949.999999999999	0.0
6959.999999999999	0.0
6969.999999999999	0.0
6979.999999999999	0.0
6990.0	0.0
7000.0	0.0
7010.0	0.0
7020.0	0.0
7030.0	0.0
7040.0	0.0
7050.0	0.0
7060.0	0.0
7070.0	0.0
7080.0	0.0
7090.0	0.0
7100.0	0.0
7110.0	0.0
7120.0	0.0
7130.0	0.0
7140.0	0.0
7150.0	0.0
7160.0	0.0
7170.0	0.0
7180.0	0.0
7190.0	0.0
7200.0	0.0
7210.0	0.0
7220.0	0.0
7230.0	0.0
7240.0	0.0
7250.0	0.0
7260.0	0.0
7270.0	0.0
7280.0	0.0
7290.0	0.0
7300.0	0.0
7310.0	0.0
7320.0	0.0
7330.0	0.0
7340.0	0.0
7350.0	0.0
7360.0	0.0
7370.0	0.0
7380.0	0.0
7390.0	0.0
7400.0	0.0
7410.0	0.0
7420.0	0.0
7430.0	0.0
7440.0	0.0
7450.0	0.0
7460.0	0.0
7470.0	0.0
7480.0	0.0
7490.0	0.0
7500.0	0.0
7510.0	0.0
7520.0	0.0
7530.0	0.0
7540.0	0.0
7550.0	0.0
7560.0	0.0
7570.0	0.0
7580.0	0.0
7590.0	0.0
7600.0	0.0
7610.0	0.0
7620.0	0.0
7630.0	0.0
7640.0	0.0
7650.0	0.0
7660.0	0.0
7670.0	0.0
7680.0	0.0
7690.0	0.0
7700.0	0.0
7710.0	0.0
7720.0	0.0
7730.0	0.0
7740.0	0.0
7750.0	0.0
7760.0	0.0
7770.0	0.0
7780.0	0.0
7790.0	0.0
7800.0	0.0
7810.0	0.0
7820.0	0.0
7830.0	0.0
7840.0	0.0
7850.0	0.0
7860.0	0.0
7870.0	0.0
7880.0	0.0
7890.0	0.0
7900.0	0.0
7910.0	0.0
7920.0	0.0
7930.0	0.0
7940.0	0.0
7950.0	0.0
7960.0	0.0
7970.0	0.0
7980.0	0.0
7990.0	0.0
8000.0	0.0
8010.0	0.0
8020.000000000001	0.0
8030.000000000001	0.0
8040.000000000001	0.0
8050.000000000001	0.0
8060.000000000001	0.0
8070.000000000001	0.0
8080.000000000001	0.0
8090.000000000001	0.0
8100.000000000001	0.0
8110.000000000001	0.0
8120.000000000001	0.0
8129.999999999999	0.0
8139.999999999999	0.0
8149.999999999999	0.0
8159.999999999999	0.0
8169.999999999999	0.0
8179.999999999999	0.0
8189.999999999999	0.0
8200.0	0.0
8210.0	0.0
8220.0	0.0
8230.0	0.0
8240.0	0.0
8250.0	0.0
8260.0	0.0
8270.0	0.0
8280.0	0.0
8290.0	0.0
8300.0	0.0
8310.0	0.0
8320.0	0.0
8330.0	0.0412472
8340.0	0.0415377
8350.0	0.0419784
8360.0	0.0426446
8370.0	0.0427807
8380.0	0.0428531
8390.0	0.0432601
8400.0	0.0432514
8410.0	0.0429368
8420.0	0.0414777
8430.0	0.0394571
8440.0	0.0365054
8450.0	0.032906
8460.0	0.0290125
8470.0	0.0246379
8480.0	0.0203048
8490.0	0.0160076
8500.0	0.0129164
8510.0	0.0101868
8520.0	0.0080258
8530.0	0.00615882
8540.0	0.00448262
8550.0	0.00342696
8560.0	0.00265961
8570.0	0.00218631
8580.0	0.00165303
8590.0	0.00118677
8600.0	0.000913535
8610.0	0.000824255
8620.0	0.000815633
8630.0	0.000665375
8640.0	0.000498195
8650.0	0.000310768
8660.0	0.000270383
8670.0	0.000221399
8680.0	5.98049e-05
8690.0	3.26978e-06
8700.0	9.12892e-06
8710.0	4.54528e-05
8720.0	4.98596e-05
8730.0	9.07914e-06
8740.0	6.93803e-07
8750.0	3.14462e-06
8760.0	1.79148e-05
8770.0	1.51787e-05
8780.0	2.78207e-07
8790.0	6.90991e-05
8800.0	8.68263e-05
8810.0	1.64734e-05
8820.0	0.0
8830.0	0.0
8840.0	0.0
8850.0	0.0
8860.0	0.0
8870.0	0.0
8880.0	0.0
8890.0	0.0
8900.0	0.0
8910.0	1.03551e-05
8920.0	9.87755e-05
8930.0	9.71859e-05
8940.0	8.76415e-06
8950.0	0.000143213
8960.0	0.000270519
8970.0	0.000321493
8980.0	0.000424917
8990.0	0.000539049
9000.0	0.000492421
9010.0	0.000510959
9020.0	0.000603275
9030.0	0.000757966
9040.0	0.000898497
9050.0	0.000966853
9060.0	0.000912958
9070.0	0.00079857
9080.0	0.000873835
9090.0	0.000795128
9100.0	0.000510598
9110.0	0.000436728
9120.0	0.000409236
9130.0	0.000382327
9140.0	0.000285736
9150.0	0.000143448
9160.0	0.000271881
9170.0	0.000334789
9180.0	0.00029262
9190.0	0.000315765
9200.0	0.000337475
9210.0	0.000262449
9220.0	0.000157488
9230.0	2.92892e-05
9240.0	7.047e-05
9250.0	8.04543e-05
9260.0	1.67243e-05
9270.0	1.06277e-05
9280.0	2.11461e-05
9290.0	6.8353e-06
9300.0	0.0
9310.0	0.0
9320.0	0.0
9330.0	0.0
9340.0	0.0
9350.0	0.0
9360.0	0.0
9370.0	0.0
9380.0	1.29977e-08
9390.0	1.92167e-08
9400.0	1.45647e-08
9410.0	0.0
9420.0	0.0
9430.0	0.0
9440.0	0.0
9450.0	0.0
9460.0	4.39941e-06
9470.0	1.43314e-05
9480.0	7.69694e-06
9490.0	0.0
9500.0	0.0
9510.0	0.0
9520.0	0.0
9530.0	0.0
9540.0	0.0
9550.0	0.0
9560.0	0.0
9570.0	1.00898e-07
9580.0	5.92199e-07
9590.0	5.20109e-07
9600.0	3.50628e-08
9610.0	1.39738e-08
9620.0	0.0
9630.0	0.0
9640.0	1.07301e-06
9650.0	5.18023e-06
9660.0	2.51802e-05
9670.0	3.95628e-05
9680.0	4.91028e-05
9690.0	2.10264e-05
9700.0	6.18748e-08
9710.0	2.23461e-07
9720.0	7.58037e-06
9730.0	1.56953e-05
9740.0	5.26683e-06
9750.0	9.36831e-06
9760.0	2.82368e-05
9770.0	9.95688e-05
9780.0	0.000148322
9790.0	0.00012201
9800.0	9.91786e-05
9810.0	7.62403e-05
9820.0	2.68819e-05
9830.0	5.15136e-06
9840.0	1.63835e-05
9850.0	8.55509e-06
9860.0	2.19391e-08
9870.0	7.16911e-08
9880.0	6.43815e-07
9890.0	1.47868e-06
9900.0	5.52084e-07
9910.0	0.0
9920.0	0.0
9930.0	0.0
9940.0	0.0
9950.0	0.0
9960.0	1.51776e-05
9970.0	4.08425e-05
9980.0	1.60502e-05
9990.0	4.62488e-06
10000.0	1.693e-05
10009.999999999998	4.6e-06
10020.0	1.011e-05
10029.999999999998	5.143e-05
10040.0	1.362e-05
10049.999999999998	6.957e-05
10060.0	8.24e-06
10069.999999999998	1.752e-05
10080.0	1.38e-05
10089.999999999998	6.76e-06
10100.0	1.877e-05
10109.999999999998	2.135e-05
10120.0	1.48e-05
10129.999999999998	3.61e-05
10140.0	1.727e-05
10149.999999999998	1.089e-05
10160.0	5.03e-05
10169.999999999998	1.68e-05
10180.0	7.44e-05
10189.999999999998	5.052e-05
10200.0	5.4e-07
10209.999999999998	7.98e-06
10220.0	5.105e-05
10230.0	1.586e-05
10240.0	2.053e-05
10250.0	2.134e-05
10260.0	2.002e-05
10270.0	2.382e-05
10280.0	3.236e-05
10290.0	3.695e-05
10300.0	3.7e-07
10310.0	3.02e-06
10320.0	2.3e-06
10330.0	4.757e-05
10340.0	3.16e-06
10350.0	1.058e-05
10360.0	1.212e-05
10370.0	3.909e-05
10380.0	4.43e-06
10390.0	1.007e-05
10400.0	2.022e-05
10410.0	1.452e-05
10420.0	1.19e-06
10430.0	1.118e-05
10440.0	2.684e-05
10450.0	2.021e-05
10460.0	3.404e-05
10470.0	2.32e-05
10480.0	9.1e-06
10490.0	4.59e-06
10500.0	2.61e-06
10510.0	2.013e-05
10520.0	1.2e-05
10530.0	3.18e-06
10540.0	2.009e-05
10550.0	1.788e-05
10560.0	2.965e-05
10570.0	1.43e-06
10580.0	1.917e-05
10590.0	7.32e-06
10600.0	3.49e-05
10610.0	3.133e-05
10620.0	8.56e-06
10630.0	3.91e-06
10640.0	6.37e-06
10650.0	1.57e-06
10660.0	1.654e-05
10670.0	9.98e-06
10680.0	1.456e-05
10690.0	6.144e-05
10700.0	5.18e-06
10710.0	4.198e-05
10720.0	9.44e-06
10730.0	1.607e-05
10740.0	3.044e-05
10750.0	2.96e-05
10760.0	3.431e-05
10770.0	4.465e-05
10780.0	5.671e-05
10790.0	4.487e-05
10800.0	3.997e-05
10810.0	3.581e-05
10820.0	1.414e-05
10830.0	9.11e-06
10840.0	1.897e-05
10850.0	6.34e-06
10860.0	2.7e-07
10870.0	2.898e-05
10880.0	3.53e-05
10890.0	5.143e-05
10900.0	2.339e-05
10910.0	1.64e-05
10920.0	2.593e-05
10930.0	2.881e-05
10940.0	8.25e-06
10950.0	2.377e-05
10960.0	3.495e-05
10970.0	8.81e-06
10980.0	1.616e-05
10990.0	1.755e-05
11000.0	2.586e-05
11010.0	4.132e-05
11020.0	2.206e-05
11030.0	4.296e-05
11040.000000000002	1.816e-05
11050.0	4.07e-05
11060.000000000002	2.298e-05
11070.0	8.02e-06
11080.000000000002	2.323e-05
11090.0	2.753e-05
11100.000000000002	8e-06
11110.0	1.753e-05
11120.000000000002	4.184e-05
11130.0	3.457e-05
11140.000000000002	9.58e-06
11150.0	3.345e-05
11160.000000000002	4.997e-05
11170.0	3.481e-05
11180.000000000002	3.63e-06
11190.0	2.603e-05
11200.000000000002	1.583e-05
11210.0	1.96e-05
11220.000000000002	1.842e-05
11230.0	1.087e-05
11240.000000000002	2.276e-05
11250.0	2.019e-05
11259.999999999998	1.991e-05
11270.0	2.381e-05
11279.999999999998	6.45e-06
11290.0	1.391e-05
11299.999999999998	3.285e-05
11310.0	5.859e-05
11319.999999999998	8.03e-06
11330.0	1.776e-05
11339.999999999998	1.545e-05
11350.0	6.933e-05
11359.999999999998	2.213e-05
11370.0	3.194e-05
11379.999999999998	2.682e-05
11390.0	6.38e-06
11399.999999999998	3.166e-05
11410.0	1.376e-05
11419.999999999998	1.868e-05
11430.0	2.581e-05
11439.999999999998	1.68e-06
11450.0	2.275e-05
11459.999999999998	6.68e-06
11470.0	6.91e-06
11480.0	3.473e-05
11490.0	2.583e-05
11500.0	1.298e-05
11510.0	1.891e-05
11520.0	2.56e-06
11530.0	2.274e-05
11540.0	1.526e-05
11550.0	5.82e-06
11560.0	2.034e-05
11570.0	2.891e-05
11580.0	8.01e-06
11590.0	3.417e-05
11600.0	2.25e-06
11610.0	5.12e-06
11620.0	2.98e-06
11630.0	3.758e-05
11640.0	1.114e-05
11650.0	1.64e-05
11660.0	1.731e-05
11670.0	4.438e-05
11680.0	3.651e-05
11690.0	1.386e-05
11700.0	3.135e-05
11710.0	4.724e-05
11720.0	3.928e-05
11730.0	2.166e-05
11740.0	3.601e-05
11750.0	1.724e-05
11760.0	6.381e-05
11770.0	1.131e-05
11780.0	2.625e-05
11790.0	1.216e-05
11800.0	3.03e-05
11810.0	3.099e-05
11820.0	2.507e-05
11830.0	2.44e-05
11840.0	3.596e-05
11850.0	3.591e-05
11860.0	3.367e-05
11870.0	1.14e-05
11880.0	3.981e-05
11890.0	2.893e-05
11900.0	1.766e-05
11910.0	4.04e-06
11920.0	7.87e-06
11930.0	1.459e-05
11940.0	8.96e-06
11950.0	4.57e-06
11960.0	1.536e-05
11970.0	1.254e-05
11980.0	2.573e-05
11990.0	9.11e-06
12000.0	7.1e-06
12010.0	1.40519e-06
12020.0	0.0
12030.0	0.0
12040.0	0.0
12050.0	0.0
12060.0	0.0
12070.0	0.0
12080.0	0.0
12090.0	0.0
12100.0	0.0
12110.0	0.0
12120.0	0.0
12130.0	0.0
12140.0	0.0
12150.0	0.0
12160.0	0.0
12170.0	0.0
12180.0	0.0
12190.0	0.0
12200.0	0.0
12210.0	0.0
12220.0	0.0
12230.0	0.0
12240.0	0.0
12250.0	0.0
12260.0	0.0
12270.0	0.0
12280.0	0.0
12290.000000000002	0.0
12300.0	0.0
12310.000000000002	0.0
12320.0	0.0
12330.000000000002	0.0
12340.0	0.0
12350.000000000002	0.0
12360.0	0.0
12370.000000000002	0.0
12380.0	0.0
12390.000000000002	0.0
12400.0	0.0
12410.000000000002	0.0
12420.0	0.0
12430.000000000002	0.0
12440.0	0.0
12450.000000000002	0.0
12460.0	0.0
12470.000000000002	0.0
12480.0	0.0
12490.000000000002	0.0
12500.0	0.0
12509.999999999998	0.0
12520.0	0.0
12529.999999999998	0.0
12540.0	0.0
12549.999999999998	0.0
12560.0	0.0
12569.999999999998	0.0
12580.0	0.0
12589.999999999998	0.0
12600.0	0.0
12609.999999999998	0.0
12620.0	0.0
12629.999999999998	0.0
12640.0	0.0
12649.999999999998	0.0
12660.0	0.0
12669.999999999998	0.0
12680.0	0.0
12689.999999999998	0.0
12700.0	0.0
12709.999999999998	0.0
12720.0	0.0
12730.0	0.0
12740.0	0.0
12750.0	0.0
12760.0	0.0
12770.0	0.0
12780.0	0.0
12790.0	0.0
12800.0	0.0
12810.0	0.0
12820.0	0.0
12830.0	0.0
12840.0	0.0
12850.0	0.0
12860.0	0.0
12870.0	0.0
12880.0	0.0
12890.0	0.0
12900.0	0.0
12910.0	0.0
12920.0	0.0
12930.0	0.0
12940.0	0.0
12950.0	5.2561e-06
12960.0	1.60533e-05
12970.0	1.81072e-05
12980.0	1.71416e-05
12990.0	1.12956e-05
13000.0	1.20329e-05
13010.0	1.57505e-05
13020.0	1.27964e-05
13030.0	8.06952e-06
13040.0	1.13929e-06
13050.0	1.5205e-08
13060.0	3.2049e-07
13070.0	1.63273e-06
13080.0	7.38186e-06
13090.0	1.56207e-05
13100.0	7.20654e-06
13110.0	3.61562e-06
13120.0	7.11052e-06
13130.0	1.10066e-05
13140.0	1.58329e-05
13150.0	2.42107e-05
13160.0	3.61137e-05
13170.0	5.05608e-05
13180.0	4.63392e-05
13190.0	4.30077e-05
13200.0	4.21245e-05
13210.0	4.35236e-05
13220.0	4.37823e-05
13230.0	3.32538e-05
13240.0	2.82354e-05
13250.0	2.7912e-05
13260.0	3.46769e-05
13270.0	3.97068e-05
13280.0	4.00364e-05
13290.0	3.07924e-05
13300.0	1.87102e-05
13310.0	1.45504e-05
13320.0	1.11082e-05
13330.0	8.38451e-06
13340.0	6.38702e-06
13350.0	6.22484e-06
13360.0	1.04658e-05
13370.0	7.319e-06
13380.0	1.03534e-06
13390.0	3.69972e-07
13400.0	1.41317e-07
13410.0	4.27342e-07
13420.0	7.57731e-06
13430.0	1.67055e-05
13440.0	2.82469e-05
13450.0	3.35381e-05
13460.0	3.54608e-05
13470.0	4.55109e-05
13480.0	5.20145e-05
13490.0	5.36003e-05
13500.0	4.37714e-05
13510.0	3.27015e-05
13520.0	2.71917e-05
13530.0	2.99443e-05
13540.000000000002	3.83211e-05
13550.0	4.02213e-05
13560.000000000002	3.7262e-05
13570.0	2.64469e-05
13580.000000000002	1.80886e-05
13590.0	1.14048e-05
13600.000000000002	9.58275e-06
13610.0	1.32135e-05
13620.000000000002	2.12367e-05
13630.0	2.68885e-05
13640.000000000002	2.81819e-05
13650.0	2.1204e-05
13660.000000000002	1.81941e-05
13670.0	1.76273e-05
13680.000000000002	2.40832e-05
13690.0	1.97685e-05
13700.000000000002	5.27172e-06
13710.0	1.71816e-06
13720.000000000002	1.10314e-06
13730.0	4.73918e-06
13740.000000000002	1.07887e-05
13750.0	1.7596e-05
13759.999999999998	2.06309e-05
13770.0	2.48893e-05
13779.999999999998	3.05114e-05
13790.0	3.43521e-05
13799.999999999998	3.40267e-05
13810.0	2.2452e-05
13819.999999999998	1.86604e-05
13830.0	1.9121e-05
13839.999999999998	2.06071e-05
13850.0	2.20127e-05
13859.999999999998	2.33125e-05
13870.0	2.84858e-05
13879.999999999998	3.7423e-05
13890.0	5.69698e-05
13899.999999999998	6.98333e-05
13910.0	7.841e-05
13919.999999999998	7.56988e-05
13930.0	7.74189e-05
13939.999999999998	8.60144e-05
13950.0	9.80117e-05
13959.999999999998	0.000110877
13970.0	0.000123414
13980.0	0.000130875
13990.0	0.000134476
14000.0	0.000138196
14010.0	0.000146766
14020.0	0.000164252
14030.0	0.000182684
14040.0	0.00019906
14050.0	0.00020031
14060.0	0.000202079
14070.0	0.000204311
14080.0	0.000212484
14090.0	0.000220135
14100.0	0.000225489
14110.0	0.00023985
14120.0	0.000258697
14130.0	0.000284067
14140.0	0.00030269
14150.0	0.000314206
14160.0	0.000311713
14170.0	0.000311798
14180.0	0.000323998
14190.0	0.000341927
14200.0	0.000362433
14210.0	0.000377222
14220.0	0.000400168
14230.0	0.0004332
14240.0	0.000477433
14250.0	0.000522744
14260.0	0.000564512
14270.0	0.000603334
14280.0	0.0006406
14290.0	0.000694634
14300.0	0.000757859
14310.0	0.000834554
14320.0	0.000921923
14330.0	0.00101453
14340.0	0.00111799
14350.0	0.00122831
14360.0	0.00134356
14370.0	0.00147863
14380.0	0.00162246
14390.0	0.00178063
14400.0	0.00195714
14410.0	0.00214477
14420.0	0.0023624
14430.0	0.00259992
14440.0	0.0028543
14450.0	0.00313947
14460.0	0.00343894
14470.0	0.00376361
14480.0	0.00412686
14490.0	0.0045129
14500.0	0.00496044
14510.0	0.00545101
14520.0	0.00598457
14530.0	0.00663063
14540.0	0.00733983
14550.0	0.00817333
14560.0	0.00914483
14570.0	0.0101998
14580.0	0.0114904
14590.0	0.0129435
14600.0	0.0145865
14610.0	0.0166246
14620.0	0.018875
14630.0	0.0215711
14640.0	0.0247485
14650.0	0.0282292
14660.0	0.0326538
14670.0	0.0375899
14680.0	0.0432314
14690.0	0.0500964
14700.0	0.0576214
14710.0	0.0666111
14720.0	0.0768937
14730.0	0.0880524
14740.0	0.101651
14750.0	0.116343
14760.0	0.132769
14770.0	0.151508
14780.0	0.171447
14790.000000000002	0.194035
14800.0	0.218414
14810.000000000002	0.244223
14820.0	0.27307
14830.000000000002	0.303121
14840.0	0.335186
14850.000000000002	0.369252
14860.0	0.40432
14870.000000000002	0.441332
14880.0	0.479102
14890.000000000002	0.517582
14900.0	0.556471
14910.000000000002	0.595142
14920.0	0.633203
14930.000000000002	0.669641
14940.0	0.705026
14950.000000000002	0.736887
14960.0	0.766362
14970.000000000002	0.793185
14980.0	0.815004
14990.000000000002	0.834526
15000.0	0.849685
15009.999999999998	0.861319
15020.0	0.870859
15029.999999999998	0.87592
15040.0	0.879543
15049.999999999998	0.881294
15060.0	0.881457
15069.999999999998	0.881098
15080.0	0.880065
15089.999999999998	0.879016
15100.0	0.877958
15109.999999999998	0.877488
15120.0	0.877394
15129.999999999998	0.87788
15140.0	0.879217
15149.999999999998	0.880964
15160.0	0.883531
15169.999999999998	0.886515
15180.0	0.889816
15189.999999999998	0.893436
15200.0	0.897019
15209.999999999998	0.900512
15220.0	0.903464
15230.0	0.906097
15240.0	0.907893
15250.0	0.909147
15260.0	0.909919
15270.0	0.909902
15280.0	0.909647
15290.0	0.909017
15300.0	0.908281
15310.0	0.907525
15320.0	0.906991
15330.0	0.906725
15340.0	0.906741
15350.0	0.907351
15360.0	0.908228
15370.0	0.9096
15380.0	0.911121
15390.0	0.912702
15400.0	0.914056
15410.0	0.915093
15420.0	0.915738
15430.0	0.915479
15440.0	0.914757
15450.0	0.913074
15460.0	0.910644
15470.0	0.907749
15480.0	0.903937
15490.0	0.899969
15500.0	0.895772
15510.0	0.8919
15520.0	0.888299
15530.0	0.885495
15540.0	0.883495
15550.0	0.882071
15560.0	0.882203
15570.0	0.88297
15580.0	0.884765
15590.0	0.88765
15600.0	0.891038
15610.0	0.895312
15620.0	0.899726
15630.0	0.904256
15640.0	0.908373
15650.0	0.912147
15660.0	0.915278
15670.0	0.917479
15680.0	0.919153
15690.0	0.919538
15700.0	0.919227
15710.0	0.918225
15720.0	0.916167
15730.0	0.913874
15740.0	0.911306
15750.0	0.908816
15760.0	0.906399
15770.0	0.904441
15780.0	0.902836
15790.0	0.901642
15800.0	0.901226
15810.0	0.901179
15820.0	0.901856
15830.0	0.902854
15840.0	0.904036
15850.0	0.905241
15860.0	0.906276
15870.0	0.907077
15880.0	0.907226
15890.0	0.906992
15900.0	0.905855
15910.0	0.903723
15920.0	0.900919
15930.0	0.89681
15940.0	0.892326
15950.0	0.887255
15960.0	0.881784
15970.0	0.876189
15980.0	0.870573
15990.0	0.865287
16000.0	0.860263
16010.0	0.85662
16020.0	0.85362
16030.0	0.851726
16040.000000000002	0.851218
16050.0	0.851466
16060.000000000002	0.853458
16070.0	0.856509
16080.000000000002	0.860552
16090.0	0.866579
16100.000000000002	0.873134
16110.0	0.880445
16120.000000000002	0.888103
16130.0	0.895903
16140.000000000002	0.903585
16150.0	0.910889
16160.000000000002	0.917774
16170.0	0.9227
16180.000000000002	0.926746
16190.0	0.929125
16200.000000000002	0.93001
16210.0	0.93
16220.000000000002	0.927913
16230.0	0.924983
16240.000000000002	0.920961
16250.0	0.915818
16259.999999999998	0.910412
16270.0	0.904906
16279.999999999998	0.899645
16290.0	0.894544
16299.999999999998	0.890297
16310.0	0.886645
16319.999999999998	0.883904
16330.0	0.88264
16339.999999999998	0.882043
16350.0	0.882667
16359.999999999998	0.884041
16370.0	0.88598
16379.999999999998	0.888981
16390.0	0.892338
16400.0	0.896264
16410.0	0.900282
16420.0	0.904307
16430.0	0.908187
16440.0	0.911855
16450.0	0.915335
16460.0	0.918103
16470.0	0.920538
16480.0	0.92238
16490.0	0.923754
16500.0	0.924874
16510.0	0.925453
16520.0	0.925756
16530.0	0.925772
16540.0	0.925341
16550.0	0.924753
16560.0	0.92391
16570.0	0.922816
16580.0	0.921571
16590.0	0.919924
16600.0	0.917905
16610.0	0.915431
16620.0	0.912323
16630.0	0.908894
16640.0	0.90481
16650.0	0.900135
16660.0	0.895074
16670.0	0.888274
16680.0	0.880929
16690.0	0.872795
16700.0	0.863544
16710.0	0.853731
16720.0	0.842726
16730.0	0.830243
16740.0	0.816705
16750.0	0.801416
16760.0	0.785408
16770.0	0.768242
16780.0	0.749521
16790.0	0.729774
16800.0	0.707048
16810.0	0.683068
16820.0	0.658038
16830.0	0.631052
16840.0	0.603059
16850.0	0.573285
16860.0	0.541176
16870.0	0.508068
16880.0	0.474245
16890.0	0.440437
16900.0	0.406649
16910.0	0.372641
16920.0	0.339065
16930.0	0.30664
16940.0	0.27627
16950.0	0.247109
16960.0	0.221017
16970.0	0.196328
16980.0	0.173274
16990.0	0.153367
17000.0	0.1348
17010.0	0.118693
17020.0	0.10438
17030.0	0.0911587
17040.0	0.0802886
17050.0	0.0702857
17060.0	0.0614666
17070.0	0.054001
17080.0	0.0471241
17090.0	0.0413186
17100.0	0.0361804
17110.0	0.0314913
17120.0	0.0276973
17130.0	0.0241916
17140.0	0.0211378
17150.0	0.0185415
17160.0	0.0161589
17170.0	0.0141773
17180.0	0.0124118
17190.0	0.0108176
17200.0	0.00952961
17210.0	0.00834443
17220.0	0.00732565
17230.0	0.00645481
17240.0	0.00565806
17250.0	0.0050041
17260.0	0.00442068
17270.0	0.00390305
17280.0	0.00347709
17290.0	0.00308441
17300.0	0.00274754
17310.0	0.00245322
17320.0	0.00218182
17330.0	0.00195491
17340.0	0.00174697
17350.0	0.00155978
17360.0	0.00140256
17370.0	0.0012562
17380.0	0.00112788
17390.0	0.00101284
17400.0	0.000905566
17410.0	0.000813589
17420.0	0.000728415
17430.0	0.000652012
17440.0	0.000585504
17450.0	0.000522828
17460.0	0.000466485
17470.0	0.000417596
17480.0	0.000373453
17490.0	0.000337162
17500.0	0.000303123
17510.0	0.000272525
17520.0	0.000239719
17530.0	0.000206922
17540.0	0.000176902
17550.0	0.000149082
17560.0	0.000122912
17570.0	0.000100277
17580.0	7.83972e-05
17590.0	5.76589e-05
17600.0	3.99412e-05
17610.0	2.33761e-05
17620.0	7.60745e-06
17630.0	1.43961e-07
17640.0	1.95782e-08
17650.0	0.0
17660.0	0.0
17670.0	0.0
17680.0	0.0
17690.0	0.0
17700.0	0.0
17710.0	0.0
17720.0	0.0
17730.0	0.0
17740.0	0.0
17750.0	0.0
17760.0	0.0
17770.0	0.0
17780.0	0.0
17790.0	0.0
17800.0	0.0
17810.0	0.0
17820.0	0.0
17830.0	0.0
17840.0	0.0
17850.0	0.0
17860.0	0.0
17870.0	0.0
17880.0	0.0
17890.0	0.0
17900.0	0.0
17910.0	0.0
17920.0	0.0
17930.0	0.0
17940.0	0.0
17950.0	0.0
17960.0	0.0
17970.0	0.0
17980.0	0.0
17990.0	0.0
18000.0	0.0
18010.0	0.0
18020.0	0.0
18030.0	0.0
18040.0	0.0
18050.0	0.0
18060.0	0.0
18070.0	0.0
18080.0	0.0
18090.0	0.0
18100.0	0.0
18110.0	0.0
18120.0	0.0
18130.0	0.0
18140.0	0.0
18150.0	0.0
18160.0	0.0
18170.0	0.0
18180.0	0.0
18190.0	0.0
18200.0	0.0
18210.0	0.0
18220.0	0.0
18230.0	0.0
18240.0	0.0
18250.0	0.0
18260.0	0.0
18270.0	0.0
18280.0	0.0
18290.0	0.0
18300.0	0.0
18310.0	0.0
18320.0	0.0
18330.0	0.0
18340.0	0.0
18350.0	0.0
18360.0	0.0
18370.0	0.0
18380.0	0.0
18390.0	0.0
18400.0	0.0
18410.0	0.0
18420.0	0.0
18430.0	0.0
18440.0	0.0
18450.0	0.0
18460.0	0.0
18470.0	0.0
18480.0	0.0
18490.0	0.0
18500.0	5.31643e-08
18510.0	1.43183e-07
18520.0	5.28741e-07
18530.0	1.69021e-06
18540.0	3.69876e-06
18550.0	1.89325e-06
18560.0	1.18825e-07
18570.0	3.797e-08
18580.0	0.0
18590.0	0.0
18600.0	0.0
18610.0	0.0
18620.0	0.0
18630.0	0.0
18640.0	1.13738e-08
18650.0	1.75934e-08
18660.0	1.4582e-07
18670.0	3.53985e-07
18680.0	1.15004e-06
18690.0	1.97315e-06
18700.0	2.83761e-06
18710.0	1.59698e-06
18720.0	1.07621e-07
18730.0	3.92105e-08
18740.0	0.0
18750.0	0.0
18760.0	5.8013e-08
18770.0	1.36447e-06
18780.0	4.93426e-06
18790.0	8.54088e-06
18800.0	1.11767e-05
18810.0	7.82063e-06
18820.0	4.20904e-06
18830.0	3.71827e-07
18840.0	3.97791e-08
18850.0	0.0
18860.0	0.0
18870.0	0.0
18880.0	0.0
18890.0	0.0
18900.0	0.0
18910.0	0.0
18920.0	0.0
18930.0	0.0
18940.0	0.0
18950.0	0.0
18960.0	0.0
18970.0	0.0
18980.0	0.0
18990.0	0.0
19000.0	0.0
19010.0	0.0
19020.0	0.0
19030.0	0.0
19040.0	0.0
19050.0	0.0
19060.0	0.0
19070.0	0.0
19080.0	0.0
19090.0	0.0
19100.0	0.0
19110.0	0.0
19120.0	0.0
19130.0	0.0
19140.0	0.0
19150.0	0.0
19160.0	0.0
19170.0	0.0
19180.0	0.0
19190.0	0.0
19200.0	0.0
19210.0	0.0
19220.0	0.0
19230.0	0.0
19240.0	0.0
19250.0	0.0
19260.0	0.0
19270.0	0.0
19280.0	0.0
19290.0	0.0
19300.0	0.0
19310.0	0.0
19320.0	0.0
19330.0	0.0
19340.0	0.0
19350.0	0.0
19360.0	0.0
19370.0	0.0
19380.0	0.0
19390.0	0.0
19400.0	0.0
19410.0	0.0
19420.0	0.0
19430.0	0.0
19440.0	0.0
19450.0	0.0
19460.0	0.0
19470.0	0.0
19480.0	0.0
19490.0	0.0
19500.0	0.0
19510.0	0.0
19520.0	0.0
19530.0	0.0
19540.0	0.0
19550.0	0.0
19560.0	0.0
19570.0	0.0
19580.0	0.0
19590.0	0.0
19600.0	0.0
19610.0	0.0
19620.0	0.0
19630.0	0.0
19640.0	0.0
19650.0	0.0
19660.0	0.0
19670.0	0.0
19680.0	0.0
19690.0	0.0
19700.0	0.0
19710.0	0.0
19720.0	0.0
19730.0	0.0
19740.0	0.0
19750.0	0.0
19760.0	0.0
19770.0	0.0
19780.0	0.0
19790.0	0.0
19800.0	0.0
19810.0	0.0
19820.0	0.0
19830.0	0.0
19840.0	0.0
19850.0	0.0
19860.0	0.0
19870.0	0.0
19880.0	0.0
19890.0	0.0
19900.0	0.0
19910.0	0.0
19920.0	0.0
19930.0	0.0
19940.0	0.0
19950.0	0.0
19960.0	0.0
19970.0	0.0
19980.0	0.0
19990.0	0.0
20000.0	0.0
20010.0	0.0
20019.999999999996	0.0
20030.0	0.0
20040.0	0.0
20050.0	0.0
20059.999999999996	1.44092e-08
20070.0	6.01423e-08
20080.0	4.58149e-07
20090.0	2.4048e-06
20099.999999999996	5.94333e-06
20110.0	8.34221e-06
20120.0	1.02147e-05
20130.0	1.10977e-05
20139.999999999996	1.02418e-05
20150.0	8.55332e-06
20160.0	7.29711e-06
20170.0	6.1931e-06
20179.999999999996	5.27284e-06
20190.0	5.59244e-06
20200.0	6.60658e-06
20210.0	9.12372e-06
20219.999999999996	1.12124e-05
20230.0	1.30216e-05
20240.0	1.35998e-05
20250.0	1.394e-05
20259.999999999996	1.394e-05
20270.0	1.365e-05
20280.0	1.33856e-05
20290.0	1.35162e-05
20299.999999999996	1.38113e-05
20310.0	1.42218e-05
20320.0	1.63998e-05
20330.0	1.92912e-05
20339.999999999996	2.33273e-05
20350.0	2.5791e-05
20360.0	2.75559e-05
20370.0	2.81713e-05
20379.999999999996	2.77355e-05
20390.0	2.64297e-05
20400.0	2.45223e-05
20410.0	2.31912e-05
20419.999999999996	2.31041e-05
20430.0	2.35746e-05
20440.0	2.43737e-05
20450.0	2.60591e-05
20460.0	2.80942e-05
20470.0	3.04698e-05
20480.0	3.18227e-05
20490.0	3.28865e-05
20500.0	3.3527e-05
20510.0	3.19836e-05
20520.0	2.93589e-05
20530.0	2.58831e-05
20540.0	2.3531e-05
20550.0	2.24619e-05
20560.0	2.22887e-05
20570.0	2.24689e-05
20580.0	2.32651e-05
20590.0	2.44443e-05
20600.0	2.58858e-05
20610.0	2.87161e-05
20620.0	3.22452e-05
20630.0	3.67165e-05
20640.0	4.11721e-05
20650.0	4.55875e-05
20660.0	4.98598e-05
20670.0	5.32446e-05
20680.0	5.60433e-05
20690.0	5.69193e-05
20700.0	5.81894e-05
20710.0	6.01053e-05
20720.0	6.31654e-05
20730.0	6.63747e-05
20740.0	6.8713e-05
20750.0	6.9904e-05
20760.0	7.01962e-05
20770.0	7.03996e-05
20780.0	7.05236e-05
20790.0	7.05049e-05
20800.0	7.05229e-05
20810.0	7.05725e-05
20820.0	7.07466e-05
20830.000000000004	7.08689e-05
20840.0	7.09435e-05
20850.0	7.05639e-05
20860.0	7.01391e-05
20870.000000000004	6.971e-05
20880.0	6.92678e-05
20890.0	6.88206e-05
20900.0	6.83794e-05
20910.000000000004	6.90159e-05
20920.0	7.08191e-05
20930.0	7.27091e-05
20940.0	7.52032e-05
20950.000000000004	7.9345e-05
20960.0	8.39314e-05
20970.0	8.85492e-05
20980.0	8.91587e-05
20990.000000000004	8.92155e-05
21000.0	8.85687e-05
21010.0	8.70835e-05
21020.0	8.53331e-05
21030.000000000004	8.32501e-05
21040.0	8.17986e-05
21050.0	8.07479e-05
21060.0	8.0493e-05
21070.000000000004	8.07229e-05
21080.0	8.16801e-05
21090.0	8.40448e-05
21100.0	8.67536e-05
21110.000000000004	8.93405e-05
21120.0	9.15554e-05
21130.0	9.34957e-05
21140.0	9.48288e-05
21150.000000000004	9.46814e-05
21160.0	9.19264e-05
21170.0	8.92689e-05
21180.0	8.65281e-05
21190.000000000004	8.30896e-05
21200.0	7.97638e-05
21210.0	7.65355e-05
21220.0	7.54929e-05
21230.000000000004	7.47611e-05
21240.0	7.43258e-05
21250.0	7.51457e-05
21260.0	7.65703e-05
21269.999999999996	7.8828e-05
21280.0	8.04309e-05
21290.0	8.13637e-05
21300.0	8.10842e-05
21309.999999999996	8.06454e-05
21320.0	8.01978e-05
21330.0	7.97418e-05
21340.0	7.92819e-05
21349.999999999996	7.88279e-05
21360.0	7.83965e-05
21370.0	7.79923e-05
21380.0	7.7588e-05
21389.999999999996	7.75996e-05
21400.0	7.8943e-05
21410.0	8.03685e-05
21420.0	8.18525e-05
21429.999999999996	8.37917e-05
21440.0	8.58215e-05
21450.0	8.79792e-05
21460.0	8.87955e-05
21469.999999999996	8.9011e-05
21480.0	8.8103e-05
21490.0	8.7305e-05
21500.0	8.65836e-05
21509.999999999996	8.62162e-05
21520.0	8.56468e-05
21530.0	8.47264e-05
21540.0	8.07807e-05
21549.999999999996	7.59763e-05
21560.0	7.15547e-05
21570.0	6.76889e-05
21580.0	6.42815e-05
21589.999999999996	6.11954e-05
21600.0	5.92742e-05
21610.0	5.96471e-05
21620.0	6.13439e-05
21629.999999999996	6.35182e-05
21640.0	6.54834e-05
21650.0	6.72177e-05
21660.0	6.87287e-05
21669.999999999996	7.0313e-05
21680.0	7.1954e-05
21690.0	7.3714e-05
21700.0	7.5525e-05
21710.0	7.73549e-05
21720.0	7.91335e-05
21730.0	8.09387e-05
21740.0	8.27732e-05
21750.0	8.44525e-05
21760.0	8.60863e-05
21770.0	8.76587e-05
21780.0	8.94235e-05
21790.0	9.13131e-05
21800.0	9.37017e-05
21810.0	9.61137e-05
21820.0	9.85577e-05
21830.0	0.000100747
21840.0	0.000102895
21850.0	0.000105096
21860.0	0.000105467
21870.0	0.000104634
21880.0	0.000103052
21890.0	0.000101262
21900.0	9.91468e-05
21910.0	9.66599e-05
21920.0	9.41448e-05
21930.0	9.2005e-05
21940.0	9.06816e-05
21950.0	8.99917e-05
21960.0	8.93073e-05
21970.0	8.91634e-05
21980.0	9.00402e-05
21990.0	9.10776e-05
22000.0	9.21997e-05
22010.0	9.35057e-05
22020.0	9.49058e-05
22030.0	9.63924e-05
22040.0	9.78046e-05
22050.0	9.91034e-05
22060.0	0.000100161
22070.0	0.000101231
22080.000000000004	0.000102179
22090.0	0.000101837
22100.0	0.000101426
22110.0	0.000100941
22120.000000000004	9.88219e-05
22130.0	9.61246e-05
22140.0	9.24804e-05
22150.0	8.93999e-05
22160.000000000004	8.67353e-05
22170.0	8.64369e-05
22180.0	8.61411e-05
22190.0	8.58488e-05
22200.000000000004	8.56497e-05
22210.0	8.5475e-05
22220.0	8.53196e-05
22230.0	8.49031e-05
22240.000000000004	8.43207e-05
22250.0	8.32947e-05
22260.0	8.24406e-05
22270.0	8.18436e-05
22280.000000000004	8.40675e-05
22290.0	8.70602e-05
22300.0	9.01917e-05
22310.0	9.25155e-05
22320.000000000004	9.42448e-05
22330.0	9.54258e-05
22340.0	9.61566e-05
22350.0	9.61193e-05
22360.000000000004	9.42767e-05
22370.0	9.18533e-05
22380.0	8.95154e-05
22390.0	8.75333e-05
22400.000000000004	8.58605e-05
22410.0	8.42742e-05
22420.0	8.29451e-05
22430.0	8.21492e-05
22440.000000000004	8.18447e-05
22450.0	8.17416e-05
22460.0	8.16607e-05
22470.0	8.16878e-05
22480.000000000004	8.18245e-05
22490.0	8.19613e-05
22500.0	8.23688e-05
22510.0	8.34755e-05
22519.999999999996	8.49165e-05
22530.0	8.64588e-05
22540.0	8.70744e-05
22550.0	8.62864e-05
22559.999999999996	8.38179e-05
22570.0	8.14491e-05
22580.0	7.9345e-05
22590.0	7.80263e-05
22599.999999999996	7.68689e-05
22610.0	7.58403e-05
22620.0	7.62881e-05
22630.0	7.79309e-05
22639.999999999996	8.12575e-05
22650.0	8.47643e-05
22660.0	8.73623e-05
22670.0	8.61123e-05
22679.999999999996	8.45617e-05
22690.0	8.28019e-05
22700.0	8.13717e-05
22710.0	8.0101e-05
22719.999999999996	7.90871e-05
22730.0	7.80878e-05
22740.0	7.68279e-05
22750.0	7.41532e-05
22759.999999999996	7.15169e-05
22770.0	6.89116e-05
22780.0	6.70786e-05
22790.0	6.5568e-05
22799.999999999996	6.46041e-05
22810.0	6.36628e-05
22820.0	6.34364e-05
22830.0	6.84893e-05
22839.999999999996	7.39802e-05
22850.0	7.98949e-05
22860.0	8.42792e-05
22870.0	8.77447e-05
22879.999999999996	8.9399e-05
22890.0	9.10828e-05
22900.0	9.26643e-05
22910.0	9.28509e-05
22919.999999999996	9.30054e-05
22930.0	9.31236e-05
22940.0	9.28723e-05
22950.0	9.24229e-05
22960.0	9.15647e-05
22970.0	9.07105e-05
22980.0	8.97956e-05
22990.0	8.72587e-05
23000.0	8.4701e-05
23010.0	8.21148e-05
23020.0	8.05076e-05
23030.0	7.95049e-05
23040.0	7.99527e-05
23050.0	8.04043e-05
23060.0	8.08583e-05
23070.0	8.1975e-05
23080.0	8.3162e-05
23090.0	8.44554e-05
23100.0	8.49243e-05
23110.0	8.46597e-05
23120.0	8.1986e-05
23130.0	7.93927e-05
23140.0	7.68617e-05
23150.0	7.39379e-05
23160.0	7.09865e-05
23170.0	6.80157e-05
23180.0	6.55576e-05
23190.0	6.37521e-05
23200.0	6.5064e-05
23210.0	6.6396e-05
23220.0	6.77455e-05
23230.0	6.97093e-05
23240.0	7.19306e-05
23250.0	7.46053e-05
23260.0	7.73925e-05
23270.0	8.01393e-05
23280.0	8.19986e-05
23290.0	8.38578e-05
23300.0	8.57172e-05
23310.0	8.64615e-05
23320.0	8.63819e-05
23330.000000000004	8.44792e-05
23340.0	8.26217e-05
23350.0	8.07561e-05
23360.0	7.82813e-05
23370.000000000004	7.5757e-05
23380.0	7.31693e-05
23390.0	7.09039e-05
23400.0	6.91564e-05
23410.000000000004	6.89636e-05
23420.0	6.87747e-05
23430.0	6.85822e-05
23440.0	6.77984e-05
23450.000000000004	6.67748e-05
23460.0	6.53944e-05
23470.0	6.40485e-05
23480.0	6.26327e-05
23490.000000000004	6.08731e-05
23500.0	5.91168e-05
23510.0	5.73627e-05
23520.0	5.63274e-05
23530.000000000004	5.63669e-05
23540.0	5.827e-05
23550.0	6.02525e-05
23560.0	6.23009e-05
23570.000000000004	6.45837e-05
23580.0	6.70229e-05
23590.0	6.95971e-05
23600.0	7.23161e-05
23610.000000000004	7.33772e-05
23620.0	7.09087e-05
23630.0	6.79876e-05
23640.0	6.49203e-05
23650.000000000004	6.21654e-05
23660.0	5.97475e-05
23670.0	5.76703e-05
23680.0	5.56985e-05
23690.000000000004	5.42376e-05
23700.0	5.40512e-05
23710.0	5.50599e-05
23720.0	5.66565e-05
23730.000000000004	5.83232e-05
23740.0	5.94484e-05
23750.0	5.99272e-05
23760.0	6.01318e-05
23769.999999999996	6.02948e-05
23780.0	6.04814e-05
23790.0	6.0888e-05
23800.0	6.1423e-05
23809.999999999996	6.19641e-05
23820.0	6.24559e-05
23830.0	6.28788e-05
23840.0	6.31409e-05
23849.999999999996	6.33635e-05
23860.0	6.35812e-05
23870.0	6.36553e-05
23880.0	6.36304e-05
23889.999999999996	6.34772e-05
23900.0	6.33194e-05
23910.0	6.31577e-05
23920.0	6.34491e-05
23929.999999999996	6.389e-05
23940.0	6.43938e-05
23950.0	6.47331e-05
23960.0	6.49383e-05
23969.999999999996	6.36245e-05
23980.0	6.22379e-05
23990.0	6.08884e-05
24000.0	5.93307e-05
24009.999999999996	5.76473e-05
24020.0	5.56075e-05
24030.0	5.36245e-05
24040.0	5.16966e-05
24049.999999999996	5.12911e-05
24060.0	5.13337e-05
24070.0	5.20615e-05
24080.0	5.28018e-05
24089.999999999996	5.35891e-05
24100.0	5.48643e-05
24110.0	5.62093e-05
24120.0	5.76334e-05
24129.999999999996	5.90469e-05
24140.0	6.01821e-05
24150.0	6.05055e-05
24160.0	6.08289e-05
24169.999999999996	6.11383e-05
24180.0	6.10948e-05
24190.0	6.05888e-05
24200.0	5.94691e-05
24210.0	5.83804e-05
24220.0	5.71641e-05
24230.0	5.54548e-05
24240.0	5.33198e-05
24250.0	5.09069e-05
24260.0	4.86739e-05
24270.0	4.68505e-05
24280.0	4.56689e-05
24290.0	4.49487e-05
24300.0	4.43599e-05
24310.0	4.37816e-05
24320.0	4.43274e-05
24330.0	4.57394e-05
24340.0	4.77701e-05
24350.0	4.98784e-05
24360.0	5.208e-05
24370.0	5.48483e-05
24380.0	5.78551e-05
24390.0	6.11258e-05
24400.0	6.43769e-05
24410.0	6.76088e-05
24420.0	6.80566e-05
24430.0	6.82475e-05
24440.0	6.8434e-05
24450.0	6.79285e-05
24460.0	6.68418e-05
24470.0	6.29493e-05
24480.0	5.92371e-05
24490.0	5.57173e-05
24500.0	5.25398e-05
24510.0	4.95201e-05
24520.0	4.67966e-05
24530.0	4.42241e-05
24540.0	4.17792e-05
24550.0	4.02245e-05
24560.0	3.90591e-05
24570.0	3.83818e-05
24580.000000000004	3.77248e-05
24590.0	3.71084e-05
24600.0	3.66172e-05
24610.0	3.62029e-05
24620.000000000004	3.5836e-05
24630.0	3.54753e-05
24640.0	3.52801e-05
24650.0	3.53298e-05
24660.000000000004	3.55476e-05
24670.0	3.58077e-05
24680.0	3.60626e-05
24690.0	3.69262e-05
24700.000000000004	3.8232e-05
24710.0	3.99908e-05
24720.0	4.1806e-05
24730.0	4.36967e-05
24740.000000000004	4.55581e-05
24750.0	4.74213e-05
24760.0	4.93496e-05
24770.0	5.13442e-05
24780.000000000004	5.33962e-05
24790.0	5.26376e-05
24800.0	5.15433e-05
24810.0	5.01876e-05
24820.000000000004	4.88761e-05
24830.0	4.74112e-05
24840.0	4.45008e-05
24850.0	4.16775e-05
24860.000000000004	3.89413e-05
24870.0	3.64541e-05
24880.0	3.42133e-05
24890.0	3.25213e-05
24900.000000000004	3.09306e-05
24910.0	2.93967e-05
24920.0	2.79793e-05
24930.0	2.60616e-05
24940.000000000004	2.35492e-05
24950.0	2.13486e-05
24960.0	1.92793e-05
24970.0	1.74509e-05
24980.000000000004	1.73153e-05
24990.0	1.81629e-05
25000.0	1.90771e-05
25010.0	2.00249e-05
25019.999999999996	2.10202e-05
25030.0	4.02087e-05
25040.0	3.43238e-05
25050.0	3.78622e-05
25059.999999999996	3.81471e-05
25070.0	3.98164e-05
25080.0	4.31144e-05
25090.0	4.0257e-05
25099.999999999996	4.07717e-05
25110.0	3.76681e-05
25120.0	2.91556e-05
25130.0	3.9896e-05
25139.999999999996	4.10198e-05
25150.0	3.82975e-05
25160.0	3.57432e-05
25170.0	3.61947e-05
25179.999999999996	3.96413e-05
25190.0	4.0825e-05
25200.0	3.32668e-05
25210.0	3.47155e-05
25219.999999999996	2.88522e-05
25230.0	1.90592e-05
25240.0	1.28426e-05
25250.0	6.85377e-06
25259.999999999996	7.49065e-06
25270.0	1.18569e-05
25280.0	9.25126e-06
25290.0	1.75431e-05
25299.999999999996	2.92832e-05
25310.0	4.03576e-05
25320.0	3.86044e-05
25330.0	3.20966e-05
25339.999999999996	3.43715e-05
25350.0	4.71755e-05
25360.0	3.78062e-05
25370.0	3.00921e-05
25379.999999999996	2.98104e-05
25390.0	3.99558e-05
25400.0	3.8727e-05
25410.0	2.76277e-05
25419.999999999996	2.19953e-05
25430.0	3.63204e-05
25440.0	3.60131e-05
25450.0	3.5202e-05
25460.0	3.2486e-05
25470.0	2.52259e-05
25480.0	2.53427e-05
25490.0	3.05421e-05
25500.0	3.60377e-05
25510.0	3.12483e-05
25520.0	2.53979e-05
25530.0	2.45256e-05
25540.0	2.74104e-05
25550.0	2.59679e-05
25560.0	2.73083e-05
25570.0	2.79122e-05
25580.0	2.6549e-05
25590.0	2.18339e-05
25600.0	1.76502e-05
25610.0	1.97226e-05
25620.0	2.99004e-05
25630.0	3.35941e-05
25640.0	4.42898e-05
25650.0	4.07135e-05
25660.0	7.58498e-06
25670.0	1.07747e-05
25680.0	1.5353e-05
25690.0	2.05562e-05
25700.0	2.556e-05
25710.0	3.09258e-05
25720.0	3.05214e-05
25730.0	2.61904e-05
25740.0	2.13273e-05
25750.0	3.36539e-05
25760.0	3.47912e-05
25770.0	2.59196e-05
25780.0	1.90747e-05
25790.0	2.43614e-05
25800.0	2.01172e-05
25810.0	7.20282e-06
25820.0	1.18143e-05
25830.000000000004	1.59156e-05
25840.0	2.22085e-05
25850.0	3.1087e-05
25860.0	3.7016e-05
25870.000000000004	4.17022e-05
25880.0	3.85948e-05
25890.0	2.50655e-05
25900.0	3.47093e-05
25910.000000000004	3.48236e-05
25920.0	2.9239e-05
25930.0	2.09191e-05
25940.0	2.01159e-05
25950.000000000004	1.8745e-05
25960.0	1.75531e-05
25970.0	1.77751e-05
25980.0	1.74585e-05
25990.000000000004	1.47514e-05
26000.0	1.4323e-05
26010.0	2.71203e-05
26020.0	2.53972e-05
26030.000000000004	2.42458e-05
26040.0	2.44125e-05
26050.0	2.00239e-05
26060.0	1.17647e-05
26070.000000000004	1.31291e-05
26080.0	2.26763e-05
26090.0	8.34106e-06
26100.0	7.51517e-06
26110.000000000004	9.22844e-06
26120.0	8.49704e-06
26130.0	1.89284e-06
26140.0	9.79894e-06
26150.000000000004	1.47567e-05
26160.0	5.04124e-06
26170.0	1.01277e-05
26180.0	2.0661e-05
26190.000000000004	2.67379e-05
26200.0	1.70207e-05
26210.0	1.32388e-05
26220.0	1.50394e-05
26230.000000000004	1.86111e-05
26240.0	1.75377e-05
26250.0	8.90988e-06
26260.0	4.86541e-06
26269.999999999996	7.53632e-06
26280.0	1.96883e-05
26290.0	2.62149e-05
26300.0	2.67169e-05
26309.999999999996	2.21658e-05
26320.0	1.72739e-05
26330.0	1.88724e-05
26340.0	1.96773e-05
26349.999999999996	1.79671e-05
26360.0	2.01562e-05
26370.0	2.08095e-05
26380.0	2.17488e-05
26389.999999999996	2.37271e-05
26400.0	2.1654e-05
26410.0	1.76857e-05
26420.0	1.43727e-05
26429.999999999996	1.39142e-05
26440.0	2.44364e-05
26450.0	3.42144e-05
26460.0	3.80796e-05
26469.999999999996	2.856e-05
26480.0	2.18376e-05
26490.0	1.66795e-05
26500.0	1.43613e-05
26509.999999999996	1.81061e-05
26520.0	2.38203e-05
26530.0	2.29826e-05
26540.0	1.57663e-05
26549.999999999996	6.68404e-06
26560.0	1.0398e-05
26570.0	1.80754e-05
26580.0	2.51842e-05
26589.999999999996	1.85001e-05
26600.0	1.28768e-05
26610.0	1.17738e-05
26620.0	1.64911e-05
26629.999999999996	2.27315e-05
26640.0	1.63476e-05
26650.0	9.89979e-06
26660.0	1.15045e-05
26669.999999999996	1.27259e-05
26680.0	1.69582e-05
26690.0	1.79881e-05
26700.0	8.95709e-06
26710.0	5.60602e-06
26720.0	6.02378e-06
26730.0	6.42258e-06
26740.0	5.22106e-07
26750.0	7.75843e-08
26760.0	8.51508e-06
26770.0	1.97513e-05
26780.0	1.71037e-05
26790.0	1.71305e-05
26800.0	1.95147e-05
26810.0	2.30075e-05
26820.0	2.2482e-05
26830.0	1.47236e-05
26840.0	7.18018e-06
26850.0	3.57122e-06
26860.0	1.37793e-05
26870.0	1.60095e-05
26880.0	1.31166e-05
26890.0	6.99982e-06
26900.0	1.06795e-05
26910.0	1.02296e-05
26920.0	8.61592e-06
26930.0	8.17169e-06
26940.0	6.55542e-06
26950.0	3.24686e-06
26960.0	4.4204e-06
26970.0	1.8652e-05
26980.0	2.54277e-05
26990.0	2.29444e-05
27000.0	1.57481e-05
27010.0	1.29083e-05
27020.0	8.2587e-06
27030.0	9.90011e-06
27040.0	1.76489e-05
27050.0	2.75362e-05
27060.0	2.40869e-05
27070.0	1.34703e-05
27080.000000000004	4.60896e-08
27090.0	1.64796e-08
27100.0	6.58281e-06
27110.0	1.25542e-05
27120.000000000004	1.46217e-05
27130.0	8.94063e-06
27140.0	9.86536e-06
27150.0	1.07572e-05
27160.000000000004	7.73216e-06
27170.0	1.46087e-05
27180.0	1.58979e-05
27190.0	1.40698e-05
27200.000000000004	1.13686e-05
27210.0	9.53644e-06
27220.0	1.16446e-05
27230.0	1.37714e-05
27240.000000000004	9.43021e-06
27250.0	2.92129e-06
27260.0	0.0
27270.0	0.0
27280.000000000004	0.0
27290.0	4.25376e-07
27300.0	4.07034e-06
27310.0	9.39195e-06
27320.000000000004	7.7261e-06
27330.0	1.3646e-05
27340.0	1.55681e-05
27350.0	1.12148e-05
27360.000000000004	1.12592e-05
27370.0	1.47728e-05
27380.0	1.82283e-05
27390.0	1.92047e-05
27400.000000000004	7.09706e-06
27410.0	7.07711e-06
27420.0	8.20182e-06
27430.0	2e-06
27440.000000000004	4.26463e-06
27450.0	2.6344e-06
27460.0	1.11519e-06
27470.0	4.82034e-06
27480.000000000004	1.51203e-06
27490.0	0.0
27500.0	4.66793e-07
27510.0	2.33951e-06
27519.999999999996	8.6762e-07
27530.0	1.65333e-06
27540.0	5.76102e-06
27550.0	1.4462e-05
27559.999999999996	1.20089e-05
27570.0	1.3218e-05
27580.0	2.04118e-05
27590.0	2.70028e-05
27599.999999999996	1.77178e-05
27610.0	1.03276e-05
27620.0	1.06068e-05
27630.0	5.64087e-06
27639.999999999996	1.16345e-05
27650.0	1.37861e-05
27660.0	3.35637e-06
27670.0	8.2532e-07
27679.999999999996	0.0
27690.0	0.0
27700.0	0.0
27710.0	7.3086e-06
27719.999999999996	1.02494e-05
27730.0	8.30036e-06
27740.0	6.09634e-07
27750.0	3.12242e-06
27759.999999999996	1.06304e-05
27770.0	1.64071e-05
27780.0	4.92377e-06
27790.0	3.64776e-06
27799.999999999996	8.37673e-06
27810.0	1.48168e-05
27820.0	8.95071e-06
27830.0	3.902e-06
27839.999999999996	2.1293e-06
27850.0	4.13651e-06
27860.0	7.67468e-06
27870.0	4.04771e-06
27879.999999999996	4.0709e-07
27890.0	1.80503e-07
27900.0	3.1112e-06
27910.0	1.3215e-05
27919.999999999996	1.94428e-05
27930.0	1.32796e-05
27940.0	9.01092e-06
27950.0	4.4646e-06
27960.0	2.19385e-06
27970.0	5.51678e-06
27980.0	9.46061e-06
27990.0	1.58212e-05
28000.0	2.12605e-05
28010.0	1.90841e-05
28020.0	7.95113e-06
28030.0	1.69038e-06
28040.0	1.19181e-06
28050.0	4.22684e-06
28060.0	1.77237e-06
28070.0	0.0
28080.0	0.0
28090.0	0.0
28100.0	0.0
28110.0	0.0
28120.0	6.00725e-07
28130.0	7.3884e-06
28140.0	4.1848e-06
28150.0	0.0
28160.0	1.45071e-08
28170.0	1.47627e-07
28180.0	5.29913e-06
28190.0	8.08446e-06
28200.0	1.36459e-06
28210.0	2.73164e-06
28220.0	1.92187e-06
28230.0	3.6729e-06
28240.0	1.5661e-05
28250.0	1.12726e-05
28260.0	6.3475e-06
28270.0	2.47902e-06
28280.0	2.87875e-07
28290.0	5.52019e-08
28300.0	6.06783e-06
28310.0	1.7894e-05
28320.0	3.13287e-05
28330.000000000004	2.44679e-05
28340.0	1.42236e-05
28350.0	5.74118e-06
28360.0	1.10092e-06
28370.000000000004	5.76184e-07
28380.0	4.60231e-06
28390.0	1.22846e-05
28400.0	5.20953e-06
28410.000000000004	7.81489e-06
28420.0	1.30267e-05
28430.0	1.58001e-05
28440.0	6.98375e-06
28450.000000000004	2.04136e-06
28460.0	2.55143e-07
28470.0	1.054e-06
28480.0	8.95072e-06
28490.000000000004	1.15529e-05
28500.0	9.31981e-06
28510.0	3.69932e-06
28520.0	3.47695e-06
28530.000000000004	3.39981e-06
28540.0	2.60207e-06
28550.0	3.52248e-07
28560.0	4.98062e-06
28570.000000000004	5.03396e-06
28580.0	6.75666e-08
28590.0	1.19335e-07
28600.0	6.90637e-06
28610.000000000004	8.71092e-06
28620.0	2.66455e-06
28630.0	2.60534e-06
28640.0	1.3514e-06
28650.000000000004	2.37886e-07
28660.0	2.54342e-08
28670.0	4.32644e-07
28680.0	5.66084e-06
28690.000000000004	8.44085e-06
28700.0	2.04372e-06
28710.0	8.32061e-06
28720.0	8.91501e-06
28730.000000000004	5.45474e-06
28740.0	3.60921e-07
28750.0	0.0
28760.0	0.0
28769.999999999996	0.0
28780.0	0.0
28790.0	8.58356e-06
28800.0	1.22895e-05
28809.999999999996	9.42956e-06
28820.0	1.42761e-06
28830.0	0.0
28840.0	1.34945e-08
28849.999999999996	1.91036e-08
28860.0	1.17028e-08
28870.0	0.0
28880.0	0.0
28889.999999999996	0.0
28900.0	0.0
28910.0	0.0
28920.0	3.15976e-08
28929.999999999996	9.18108e-08
28940.0	2.32483e-07
28950.0	1.47692e-07
28960.0	0.0
28969.999999999996	0.0
28980.0	0.0
28990.0	0.0
29000.0	0.0
29009.999999999996	0.0
29020.0	1.10582e-07
29030.0	9.83692e-08
29040.0	0.0
29049.999999999996	0.0
29060.0	0.0
29070.0	0.0
29080.0	0.0
29089.999999999996	0.0
29100.0	0.0
29110.0	0.0
29120.0	0.0
29129.999999999996	0.0
29140.0	0.0
29150.0	0.0
29160.0	0.0
29169.999999999996	0.0
29180.0	0.0
29190.0	0.0
29200.0	0.0
29210.0	1.00546e-06
29220.0	7.28377e-07
29230.0	0.0
29240.0	0.0
29250.0	0.0
29260.0	0.0
29270.0	0.0
29280.0	0.0
29290.0	0.0
29300.0	0.0
29310.0	0.0
29320.0	0.0
29330.0	3.45182e-08
29340.0	4.94588e-07
29350.0	1.21938e-06
29360.0	4.93939e-07
29370.0	6.44848e-06
29380.0	7.60665e-06
29390.0	1.33077e-07
29400.0	3.69124e-08
29410.0	0.0
29420.0	1.76287e-06
29430.0	6.3439e-06
29440.0	1.59263e-06
29450.0	0.0
29460.0	0.0
29470.0	0.0
29480.0	0.0
29490.0	0.0
29500.0	2.74537e-08
29510.0	9.40603e-08
29520.0	1.67372e-07
29530.0	1.21378e-07
29540.0	0.0
29550.0	0.0
29560.0	0.0
29570.0	0.0
29580.000000000004	0.0
29590.0	0.0
29600.0	0.0
29610.0	2.23076e-06
29620.000000000004	6.63732e-06
29630.0	6.51154e-06
29640.0	2.89279e-06
29650.0	0.0
29660.000000000004	0.0
29670.0	0.0
29680.0	0.0
29690.0	0.0
29700.000000000004	0.0
29710.0	0.0
29720.0	0.0
29730.0	0.0
29740.000000000004	0.0
29750.0	0.0
29760.0	0.0
29770.0	0.0
29780.000000000004	0.0
29790.0	0.0
29800.0	0.0
29810.0	4.46379e-07
29820.000000000004	2.82999e-06
29830.0	1.0965e-05
29840.0	2.08903e-05
29850.0	2.82599e-05
29860.000000000004	1.39162e-05
29870.0	4.56091e-06
29880.0	0.0
29890.0	0.0
29900.000000000004	0.0
29910.0	0.0
29920.0	0.0
29930.0	0.0
29940.000000000004	0.0
29950.0	0.0
29960.0	0.0
29970.0	0.0
29980.000000000004	0.0
29990.0	0.0
30000.0	0.0
30010.0	0.0
30019.999999999996	4.65001e-06
30030.0	7.91211e-06
30040.0	8.06806e-06
30050.0	1.90504e-06
30059.999999999996	3.87131e-07
30070.0	0.0
30080.0	6.55312e-07
30090.0	4.72001e-06
30099.999999999996	8.82267e-06
30110.0	1.0213e-05
30120.0	9.13987e-06
30130.0	1.47496e-05
30139.999999999996	1.20896e-05
30150.0	6.25107e-06
30160.0	2.31078e-07
30170.0	3.97585e-06
30179.999999999996	6.26053e-06
30190.0	5.80701e-06
30200.0	1.41837e-06
30210.0	3.75873e-07
30219.999999999996	2.17316e-06
30230.0	5.05833e-06
30240.0	6.84963e-06
30250.0	1.09261e-05
30259.999999999996	1.94435e-05
30270.0	2.74849e-05
30280.0	2.47775e-05
30290.0	2.27604e-05
30299.999999999996	1.9939e-05
30310.0	1.75431e-05
30320.0	2.02746e-05
30330.0	1.89248e-05
30339.999999999996	1.87893e-05
30350.0	2.0984e-05
30360.0	2.44401e-05
30370.0	1.90647e-05
30379.999999999996	2.09412e-05
30390.0	3.55099e-05
30400.0	4.93641e-05
30410.0	4.63285e-05
30419.999999999996	3.46237e-05
30430.0	1.91303e-05
30440.0	8.47326e-06
30450.0	4.22986e-06
30460.0	3.25055e-06
30470.0	2.66589e-06
30480.0	9.40605e-06
30490.0	2.04412e-05
30500.0	2.98712e-05
30510.0	2.82879e-05
30520.0	2.36559e-05
30530.0	2.20488e-05
30540.0	2.14477e-05
30550.0	1.54443e-05
30560.0	5.38548e-06
30570.0	1.21311e-06
30580.0	4.32502e-06
30590.0	1.31853e-05
30600.0	1.97784e-05
30610.0	2.45655e-05
30620.0	2.71698e-05
30630.0	2.42634e-05
30640.0	2.42219e-05
30650.0	2.78516e-05
30660.0	3.51452e-05
30670.0	3.64926e-05
30680.0	3.16114e-05
30690.0	2.56959e-05
30700.0	2.26541e-05
30710.0	1.95599e-05
30720.0	2.19106e-05
30730.0	2.70131e-05
30740.0	3.1724e-05
30750.0	2.16616e-05
30760.0	1.37976e-05
30770.0	9.61671e-06
30780.0	1.04976e-05
30790.0	9.88782e-06
30800.0	1.37533e-05
30810.0	2.18102e-05
30820.0	3.1085e-05
30830.000000000004	3.12217e-05
30840.0	2.92164e-05
30850.0	2.69144e-05
30860.0	2.5435e-05
30870.000000000004	2.35589e-05
30880.0	2.13136e-05
30890.0	1.95882e-05
30900.0	2.71074e-05
30910.000000000004	3.54897e-05
30920.0	3.84245e-05
30930.0	3.22236e-05
30940.0	3.13723e-05
30950.000000000004	3.11302e-05
30960.0	3.26235e-05
30970.0	3.70714e-05
30980.0	3.2859e-05
30990.000000000004	3.04409e-05
31000.0	3.05776e-05
31010.0	3.43166e-05
31020.0	3.25276e-05
31030.000000000004	3.46251e-05
31040.0	3.92021e-05
31050.0	4.11118e-05
31060.0	4.20232e-05
31070.000000000004	4.32507e-05
31080.0	4.40358e-05
31090.0	4.05007e-05
31100.0	4.18008e-05
31110.000000000004	4.26393e-05
31120.0	4.20168e-05
31130.0	4.39188e-05
31140.0	5.05271e-05
31150.000000000004	5.72639e-05
31160.0	6.18727e-05
31170.0	6.29165e-05
31180.0	6.34404e-05
31190.000000000004	6.25459e-05
31200.0	5.95324e-05
31210.0	6.27724e-05
31220.0	6.71523e-05
31230.000000000004	7.29225e-05
31240.0	8.0504e-05
31250.0	8.64259e-05
31260.0	8.92798e-05
31269.999999999996	8.87202e-05
31280.0	8.38431e-05
31290.0	8.15136e-05
31300.0	8.6092e-05
31309.999999999996	9.4598e-05
31320.0	9.687e-05
31330.0	9.41481e-05
31340.0	8.7684e-05
31349.999999999996	8.01195e-05
31360.0	8.33314e-05
31370.0	9.51964e-05
31380.0	9.8524e-05
31389.999999999996	8.8245e-05
31400.0	7.89919e-05
31410.0	8.15852e-05
31420.0	8.86741e-05
31429.999999999996	9.57949e-05
31440.0	9.11782e-05
31450.0	9.41245e-05
31460.0	0.000100536
31469.999999999996	0.000106896
31480.0	0.000107155
31490.0	0.000105328
31500.0	0.000100851
31509.999999999996	9.25386e-05
31520.0	8.84168e-05
31530.0	9.26315e-05
31540.0	0.000101345
31549.999999999996	0.00010535
31560.0	0.000106238
31570.0	0.000103995
31580.0	9.97418e-05
31589.999999999996	9.7603e-05
31600.0	9.40659e-05
31610.0	9.09387e-05
31620.0	8.76238e-05
31629.999999999996	7.68716e-05
31640.0	7.19907e-05
31650.0	7.4026e-05
31660.0	8.33579e-05
31669.999999999996	9.39676e-05
31680.0	9.84418e-05
31690.0	9.91943e-05
31700.0	9.77156e-05
31710.0	9.64055e-05
31720.0	9.95995e-05
31730.0	0.000104174
31740.0	0.000106644
31750.0	0.000105057
31760.0	0.000103674
31770.0	0.00010373
31780.0	0.000107261
31790.0	0.000106731
31800.0	0.000105618
31810.0	0.000105445
31820.0	0.000109502
31830.0	0.00010904
31840.0	0.000107432
31850.0	0.000105677
31860.0	0.000105115
31870.0	0.000104611
31880.0	0.000103368
31890.0	0.000101252
31900.0	9.97866e-05
31910.0	9.9443e-05
31920.0	0.000101458
31930.0	0.000106668
31940.0	0.000114861
31950.0	0.000118149
31960.0	0.000117665
31970.0	0.000114129
31980.0	0.000125298
31990.0	0.000126743
32000.0	0.000122599
32010.0	0.000118757
32020.0	0.000113449
32030.0	0.000107589
32040.0	0.000102076
32050.0	9.87971e-05
32060.0	9.72157e-05
32070.0	9.73461e-05
32080.000000000004	9.99819e-05
32090.0	0.000108134
32100.0	0.00011607
32110.0	0.000120171
32120.000000000004	0.000119168
32130.0	0.00011175
32140.0	0.000100365
32150.0	9.61725e-05
32160.000000000004	0.000103733
32170.0	0.000113894
32180.0	0.000120097
32190.0	0.000120898
32200.000000000004	0.000115095
32210.0	0.000111408
32220.0	0.000112013
32230.0	0.000113389
32240.000000000004	0.000111695
32250.0	0.000109644
32260.0	0.000109509
32270.0	0.000108169
32280.000000000004	9.98644e-05
32290.0	9.6519e-05
32300.0	9.88881e-05
32310.0	0.000104008
32320.000000000004	0.000103757
32330.0	0.0001008
32340.0	9.74992e-05
32350.0	9.41414e-05
32360.000000000004	8.98109e-05
32370.0	8.61179e-05
32380.0	8.43827e-05
32390.0	8.47498e-05
32400.000000000004	8.41354e-05
32410.0	8.64734e-05
32420.0	8.8361e-05
32430.0	8.81933e-05
32440.000000000004	9.1374e-05
32450.0	8.98005e-05
32460.0	8.66102e-05
32470.0	8.43604e-05
32480.000000000004	8.24186e-05
32490.0	8.04514e-05
32500.0	8.16261e-05
32510.0	9.06048e-05
32519.999999999996	9.99726e-05
32530.0	0.000110007
32540.0	0.00011606
32550.0	0.000107679
32559.999999999996	9.39089e-05
32570.0	8.67009e-05
32580.0	8.75399e-05
32590.0	9.58411e-05
32599.999999999996	9.43314e-05
32610.0	9.17242e-05
32620.0	9.14358e-05
32630.0	0.000100295
32639.999999999996	0.000102504
32650.0	0.000100361
32660.0	9.44745e-05
32670.0	8.29005e-05
32679.999999999996	8.11868e-05
32690.0	8.79538e-05
32700.0	0.000102415
32710.0	0.000105679
32719.999999999996	0.000102114
32730.0	9.53927e-05
32740.0	8.91528e-05
32750.0	8.7238e-05
32759.999999999996	8.67831e-05
32770.0	8.94922e-05
32780.0	9.8747e-05
32790.0	0.000104912
32800.0	0.000101166
32810.0	9.14774e-05
32820.0	8.77465e-05
32830.0	9.19824e-05
32840.0	9.73667e-05
32850.0	0.000102614
32860.0	0.000107958
32870.0	0.000105085
32880.0	0.000101378
32890.0	9.99163e-05
32900.0	0.000105899
32910.0	0.000109741
32920.0	0.00011212
32930.0	0.00011333
32940.0	0.000113737
32950.0	0.000107696
32960.0	0.000101104
32970.0	9.87219e-05
32980.0	0.00010869
32990.0	0.000112322
33000.0	0.000109924
33010.0	0.000101508
33020.0	9.22748e-05
33030.0	8.94876e-05
33040.0	9.1433e-05
33050.0	9.40831e-05
33060.0	9.35453e-05
33070.0	9.51912e-05
33080.0	9.95387e-05
33090.0	0.000105955
33100.0	0.000104656
33110.0	9.67895e-05
33120.0	8.47015e-05
33130.0	8.02462e-05
33140.0	7.6088e-05
33150.0	7.47189e-05
33160.0	7.75862e-05
33170.0	8.79269e-05
33180.0	9.4399e-05
33190.0	9.8926e-05
33200.0	0.000102554
33210.0	0.000102717
33220.0	9.9283e-05
33230.0	9.46835e-05
33240.0	9.13082e-05
33250.0	9.68695e-05
33260.0	0.000101541
33270.0	0.000104579
33280.0	0.000105097
33290.0	0.000109707
33300.0	0.000108205
33310.0	0.000100225
33320.0	8.67801e-05
33330.0	8.48378e-05
33340.0	8.72172e-05
33350.0	9.11052e-05
33360.0	9.04538e-05
33370.0	8.62986e-05
33380.0	8.33627e-05
33390.0	8.33357e-05
33400.0	8.7415e-05
33410.0	8.79006e-05
33420.0	8.65623e-05
33430.0	8.43246e-05
33440.0	8.34659e-05
33450.0	8.35945e-05
33460.0	8.48359e-05
33470.0	8.736e-05
33480.0	9.49866e-05
33490.0	0.000103431
33500.0	0.000106866
33510.0	9.73905e-05
33520.0	8.36813e-05
33530.0	8.10414e-05
33540.0	8.68402e-05
33550.0	9.49176e-05
33560.0	9.68596e-05
33570.0	9.68492e-05
33580.0	9.65656e-05
33590.0	9.94894e-05
33600.0	9.81419e-05
33610.0	9.24768e-05
33620.0	8.34151e-05
33630.0	7.61685e-05
33640.0	7.97826e-05
33650.0	8.74468e-05
33660.0	9.5532e-05
33670.0	9.26303e-05
33680.0	9.01836e-05
33690.0	9.17924e-05
33700.0	9.97423e-05
33710.0	0.00010745
33720.0	0.000106374
33730.0	9.92524e-05
33740.0	8.82429e-05
33750.0	8.28602e-05
33760.0	7.87473e-05
33770.0	7.50668e-05
33780.0	7.07331e-05
33790.0	6.89925e-05
33800.0	6.97245e-05
33810.0	7.16297e-05
33820.0	7.16741e-05
33830.0	7.15259e-05
33840.0	7.02098e-05
33850.0	6.74458e-05
33860.0	6.27538e-05
33870.0	6.02531e-05
33880.0	5.72401e-05
33890.0	5.32308e-05
33900.0	5.06491e-05
33910.0	4.72791e-05
33920.0	4.3106e-05
33930.0	3.84157e-05
33940.0	3.83417e-05
33950.0	4.23622e-05
33960.0	4.77552e-05
33970.0	5.25152e-05
33980.0	4.63863e-05
33990.0	4.19932e-05
34000.0	3.99811e-05
34010.0	4.13419e-05
34020.0	4.40468e-05
34030.0	4.71958e-05
34040.0	4.78212e-05
34050.0	4.00504e-05
34060.0	3.78559e-05
34070.0	4.14352e-05
34080.0	4.81909e-05
34090.0	5.04111e-05
34100.0	4.48947e-05
34110.0	3.37453e-05
34120.0	1.94635e-05
34130.0	1.24731e-05
34140.0	1.34006e-05
34150.0	1.89707e-05
34160.0	2.7965e-05
34170.0	3.8856e-05
34180.0	4.31453e-05
34190.0	4.29547e-05
34200.0	3.93708e-05
34210.0	3.5774e-05
34220.0	3.34236e-05
34230.0	3.35317e-05
34240.0	3.74319e-05
34250.0	4.73665e-05
34260.0	4.94271e-05
34270.0	4.40959e-05
34280.0	3.18455e-05
34290.0	3.27014e-05
34300.0	3.77887e-05
34310.0	4.56822e-05
34320.0	5.51569e-05
34330.0	5.83581e-05
34340.0	5.08673e-05
34350.0	3.65821e-05
34360.0	3.30006e-05
34370.0	3.7964e-05
34380.0	4.23114e-05
34390.0	4.31749e-05
34400.0	3.9333e-05
34410.0	3.43308e-05
34420.0	3.16767e-05
34430.0	3.32412e-05
34440.0	4.06802e-05
34450.0	4.62667e-05
34460.0	4.79362e-05
34470.0	4.39623e-05
34480.0	3.75948e-05
34490.0	3.39078e-05
34500.0	3.33888e-05
34510.0	3.68826e-05
34520.0	3.90899e-05
34530.0	3.81929e-05
34540.0	3.72573e-05
34550.0	4.2127e-05
34560.0	4.24299e-05
34570.0	3.89123e-05
34580.0	3.47693e-05
34590.0	3.90413e-05
34600.0	4.03487e-05
34610.0	4.00019e-05
34620.0	3.83202e-05
34630.0	3.54924e-05
34640.0	3.22947e-05
34650.0	3.4539e-05
34660.0	4.32336e-05
34670.0	4.67859e-05
34680.0	4.84822e-05
34690.0	5.12054e-05
34700.0	5.64458e-05
34710.0	5.8694e-05
34720.0	6.31263e-05
34730.0	6.61896e-05
34740.0	6.45466e-05
34750.0	5.91231e-05
34760.0	5.65148e-05
34770.0	5.54603e-05
34780.0	5.41144e-05
34790.0	5.48944e-05
34800.0	5.76003e-05
34810.0	6.16821e-05
34820.0	6.60791e-05
34830.0	6.36755e-05
34840.0	5.94108e-05
34850.0	5.55514e-05
34860.0	5.7513e-05
34870.0	5.66234e-05
34880.0	5.50656e-05
34890.0	5.37787e-05
34900.0	5.49333e-05
34910.0	5.56838e-05
34920.0	5.74088e-05
34930.0	6.00316e-05
34940.0	5.39366e-05
34950.0	4.85855e-05
34960.0	4.67792e-05
34970.0	5.06492e-05
34980.0	5.44686e-05
34990.0	6.06563e-05
35000.0	6.65117e-05
35010.0	6.89596e-05
35020.0	6.91878e-05
35030.0	7.06937e-05
35040.0	7.16482e-05
35050.0	6.84504e-05
35060.0	6.5061e-05
35070.0	6.02806e-05
35080.0	5.46963e-05
35090.0	5.02911e-05
35100.0	5.14311e-05
35110.0	5.06683e-05
35120.0	4.7312e-05
35130.0	4.54467e-05
35140.0	4.73734e-05
35150.0	5.171e-05
35160.0	5.83994e-05
35170.0	7.03611e-05
35180.0	7.41429e-05
35190.0	7.20397e-05
35200.0	6.52628e-05
35210.0	6.05633e-05
35220.0	5.28854e-05
35230.0	4.39346e-05
35240.0	3.50954e-05
35250.0	3.27665e-05
35260.0	3.58635e-05
35270.0	4.27576e-05
35280.0	5.15311e-05
35290.0	5.40641e-05
35300.0	5.55181e-05
35310.0	5.69028e-05
35320.0	5.95909e-05
35330.0	6.32819e-05
35340.0	6.46367e-05
35350.0	6.22973e-05
35360.0	5.30677e-05
35370.0	4.55513e-05
35380.0	4.11128e-05
35390.0	4.02024e-05
35400.0	4.30225e-05
35410.0	4.66656e-05
35420.0	4.91131e-05
35430.0	4.97819e-05
35440.0	5.2905e-05
35450.0	5.61514e-05
35460.0	5.71414e-05
35470.0	5.42623e-05
35480.0	5.55802e-05
35490.0	6.10242e-05
35500.0	6.54822e-05
35510.0	6.32981e-05
35520.0	5.12671e-05
35530.0	4.58534e-05
35540.0	4.63339e-05
35550.0	5.10271e-05
35560.0	4.67954e-05
35570.0	4.29096e-05
35580.0	4.07262e-05
35590.0	4.13327e-05
35600.0	3.61113e-05
35610.0	3.29839e-05
35620.0	3.44563e-05
35630.0	4.46249e-05
35640.0	5.28058e-05
35650.0	5.79884e-05
35660.0	5.96132e-05
35670.0	5.67491e-05
35680.0	5.08682e-05
35690.0	4.23781e-05
35700.0	3.14791e-05
35710.0	2.08122e-05
35720.0	1.48436e-05
35730.0	1.20508e-05
35740.0	1.13848e-05
35750.0	1.34382e-05
35760.0	1.88385e-05
35770.0	2.5447e-05
35780.0	3.04733e-05
35790.0	2.98627e-05
35800.0	2.98603e-05
35810.0	3.18819e-05
35820.0	3.82125e-05
35830.0	4.09771e-05
35840.0	3.77368e-05
35850.0	3.04949e-05
35860.0	2.69722e-05
35870.0	2.99023e-05
35880.0	3.47866e-05
35890.0	4.07137e-05
35900.0	4.89595e-05
35910.0	5.43725e-05
35920.0	5.42921e-05
35930.0	4.8069e-05
35940.0	4.35707e-05
35950.0	4.27802e-05
35960.0	4.34129e-05
35970.0	4.40445e-05
35980.0	4.37928e-05
35990.0	4.25387e-05
36000.0	4.07361e-05
36010.0	3.88115e-05
36020.0	3.92013e-05
36030.0	4.05765e-05
36040.0	4.16491e-05
36050.0	4.03318e-05
36060.0	3.86702e-05
36070.0	4.00098e-05
36080.0	4.29404e-05
36090.0	4.30366e-05
36100.0	4.03865e-05
36110.0	4.23363e-05
36120.0	4.92155e-05
36130.0	5.65361e-05
36140.0	5.68507e-05
36150.0	5.21098e-05
36160.0	4.30341e-05
36170.0	3.13464e-05
36180.0	2.66932e-05
36190.0	2.73521e-05
36200.0	3.22563e-05
36210.0	3.29669e-05
36220.0	3.56569e-05
36230.0	4.0921e-05
36240.0	4.94057e-05
36250.0	5.0655e-05
36260.0	4.81836e-05
36270.0	4.33024e-05
36280.0	3.7513e-05
36290.0	3.189e-05
36300.0	3.04854e-05
36310.0	3.21463e-05
36320.0	3.43295e-05
36330.0	3.05982e-05
36340.0	2.70808e-05
36350.0	2.5861e-05
36360.0	3.11091e-05
36370.0	3.79491e-05
36380.0	4.28437e-05
36390.0	4.52788e-05
36400.0	4.72848e-05
36410.0	4.94457e-05
36420.0	4.95041e-05
36430.0	4.65278e-05
36440.0	4.12415e-05
36450.0	3.81156e-05
36460.0	3.64129e-05
36470.0	3.56592e-05
36480.0	3.21654e-05
36490.0	2.93465e-05
36500.0	3.00677e-05
36510.0	3.7498e-05
36520.0	4.55879e-05
36530.0	4.56296e-05
36540.0	4.05146e-05
36550.0	3.47568e-05
36560.0	3.28004e-05
36570.0	3.14529e-05
36580.0	3.10428e-05
36590.0	3.32778e-05
36600.0	3.2658e-05
36610.0	2.9172e-05
36620.0	2.41191e-05
36630.0	2.27645e-05
36640.0	2.0492e-05
36650.0	1.56201e-05
36660.0	8.52407e-06
36670.0	6.16966e-06
36680.0	6.96339e-06
36690.0	1.01521e-05
36700.0	1.5517e-05
36710.0	2.3452e-05
36720.0	2.5899e-05
36730.0	2.37895e-05
36740.0	1.75673e-05
36750.0	1.61251e-05
36760.0	1.73812e-05
36770.0	2.0374e-05
36780.0	2.403e-05
36790.0	2.43744e-05
36800.0	2.26502e-05
36810.0	2.04937e-05
36820.0	2.09153e-05
36830.0	2.10791e-05
36840.0	1.85037e-05
36850.0	1.36522e-05
36860.0	8.81756e-06
36870.0	6.57559e-06
36880.0	8.19172e-06
36890.0	1.39737e-05
36900.0	2.37986e-05
36910.0	2.71191e-05
36920.0	2.62397e-05
36930.0	2.24565e-05
36940.0	2.14648e-05
36950.0	2.11403e-05
36960.0	2.16784e-05
36970.0	2.33108e-05
36980.0	2.78549e-05
36990.0	2.86615e-05
37000.0	2.65783e-05
37010.0	2.21807e-05
37020.0	2.28827e-05
37030.0	2.52891e-05
37040.0	2.65426e-05
37050.0	2.22598e-05
37060.0	1.37378e-05
37070.0	7.64556e-06
37080.0	4.61971e-06
37090.0	5.07142e-06
37100.0	7.49211e-06
37110.0	9.1336e-06
37120.0	9.20185e-06
37130.0	6.3963e-06
37140.0	3.45815e-06
37150.0	1.71857e-06
37160.0	1.65214e-06
37170.0	3.59716e-06
37180.0	7.84986e-06
37190.0	1.22861e-05
37200.0	1.54125e-05
37210.0	1.01284e-05
37220.0	4.15488e-06
37230.0	9.82895e-08
37240.0	1.11011e-08
37250.0	1.88719e-07
37260.0	2.07327e-06
37270.0	3.57833e-06
37280.0	2.15839e-06
37290.0	6.52351e-07
37300.0	3.22058e-08
37310.0	0.0
37320.0	0.0
37330.0	1.4311e-07
37340.0	1.91672e-06
37350.0	4.91752e-06
37360.0	7.45658e-06
37370.0	6.06143e-06
37380.0	7.00032e-06
37390.0	1.17755e-05
37400.0	2.0761e-05
37410.0	2.20546e-05
37420.0	1.91704e-05
37430.0	1.38752e-05
37440.0	1.1803e-05
37450.0	1.03322e-05
37460.0	8.87435e-06
37470.0	7.15716e-06
37480.0	7.07573e-06
37490.0	7.96159e-06
37500.0	8.85246e-06
37510.0	8.85987e-06
37520.0	5.94743e-06
37530.0	2.6258e-06
37540.0	6.55479e-08
37550.0	1.37304e-08
37560.0	0.0
37570.0	0.0
37580.0	6.99682e-08
37590.0	3.36458e-07
37600.0	1.61852e-06
37610.0	1.44076e-06
37620.0	9.7824e-08
37630.0	2.01361e-07
37640.0	1.41096e-07
37650.0	6.22181e-08
37660.0	0.0
37670.0	0.0
37680.0	1.85978e-07
37690.0	3.00627e-06
37700.0	9.13607e-06
37710.0	1.0483e-05
37720.0	7.88792e-06
37730.0	4.24432e-06
37740.0	1.568e-06
37750.0	4.73197e-07
37760.0	5.6096e-08
37770.0	0.0
37780.0	0.0
37790.0	0.0
37800.0	0.0
37810.0	0.0
37820.0	0.0
37830.0	5.01059e-08
37840.0	9.97307e-07
37850.0	2.0469e-06
37860.0	5.88696e-07
37870.0	1.43691e-07
37880.0	0.0
37890.0	0.0
37900.0	0.0
37910.0	0.0
37920.0	0.0
37930.0	1.06882e-08
37940.0	1.80889e-08
37950.0	5.36287e-07
37960.0	6.85027e-07
37970.0	0.0
37980.0	0.0
37990.0	0.0
38000.0	9.02789e-07
38010.0	3.55335e-06
38020.0	1.19832e-05
38030.0	1.94383e-05
38040.0	2.27089e-05
38050.0	1.69044e-05
38060.0	5.13347e-06
38070.0	1.56997e-08
38080.0	0.0
38090.0	0.0
38100.0	1.94726e-06
38110.0	5.49479e-06
38120.0	8.19216e-06
38130.0	1.27124e-06
38140.0	2.9467e-08
38150.0	0.0
38160.0	2.53591e-08
38170.0	1.51172e-07
38180.0	1.17226e-07
38190.0	5.13486e-08
38200.0	0.0
38210.0	0.0
38220.0	0.0
38230.0	2.89606e-08
38240.0	1.05605e-07
38250.0	1.8381e-06
38260.0	3.84518e-06
38270.0	5.7989e-06
38280.0	7.33014e-06
38290.0	3.06477e-06
38300.0	7.2297e-07
38310.0	0.0
38320.0	0.0
38330.0	0.0
38340.0	0.0
38350.0	0.0
38360.0	0.0
38370.0	0.0
38380.0	0.0
38390.0	0.0
38400.0	0.0
38410.0	0.0
38420.0	0.0
38430.0	0.0
38440.0	0.0
38450.0	0.0
38460.0	0.0
38470.0	0.0
38480.0	0.0
38490.0	0.0
38500.0	0.0
38510.0	0.0
38520.0	0.0
38530.0	0.0
38540.0	0.0
38550.0	0.0
38560.0	0.0
38570.0	0.0
38580.0	0.0
38590.0	0.0
38600.0	0.0
38610.0	0.0
38620.0	0.0
38630.0	0.0
38640.0	0.0
38650.0	0.0
38660.0	4.84895e-08
38670.0	3.51992e-07
38680.0	2.1336e-07
38690.0	4.43039e-08
38700.0	0.0
38710.0	0.0
38720.0	9.01624e-08
38730.0	1.36452e-06
38740.0	4.49537e-06
38750.0	1.63128e-06
38760.0	3.48784e-07
38770.0	0.0
38780.0	0.0
38790.0	1.71502e-08
38800.0	2.47216e-06
38810.0	5.85579e-06
38820.0	7.55086e-06
38830.0	2.5163e-06
38840.0	1.58472e-08
38850.0	0.0
38860.0	0.0
38870.0	0.0
38880.0	0.0
38890.0	5.03917e-08
38900.0	3.09479e-07
38910.0	1.19939e-06
38920.0	1.21019e-06
38930.0	9.32028e-08
38940.0	2.65802e-08
38950.0	0.0
38960.0	0.0
38970.0	0.0
38980.0	0.0
38990.0	0.0
39000.0	0.0
39010.0	0.0
39020.0	0.0
39030.0	0.0
39040.0	2.2184e-07
39050.0	9.47113e-07
39060.0	5.11986e-06
39070.0	7.09906e-06
39080.0	7.64456e-06
39090.0	8.9612e-06
39100.0	1.07187e-05
39110.0	1.15045e-05
39120.0	1.10051e-05
39130.0	8.76213e-06
39140.0	4.35931e-06
39150.0	1.19929e-06
39160.0	0.0
39170.0	0.0
39180.0	0.0
39190.0	0.0
39200.0	0.0
39210.0	0.0
39220.0	0.0
39230.0	0.0
39240.0	0.0
39250.0	0.0
39260.0	0.0
39270.0	0.0
39280.0	0.0
39290.0	0.0
39300.0	0.0
39310.0	0.0
39320.0	0.0
39330.0	0.0
39340.0	0.0
39350.0	0.0
39360.0	0.0
39370.0	0.0
39380.0	0.0
39390.0	0.0
39400.0	0.0
39410.0	0.0
39420.0	0.0
39430.0	0.0
39440.0	0.0
39450.0	0.0
39460.0	0.0
39470.0	0.0
39480.0	0.0
39490.0	0.0
39500.0	0.0
39510.0	0.0
39520.0	0.0
39530.0	0.0
39540.0	0.0
39550.0	0.0
39560.0	0.0
39570.0	0.0
39580.0	0.0
39590.0	0.0
39600.0	0.0
39610.0	0.0
39620.0	0.0
39630.0	0.0
39640.0	0.0
39650.0	0.0
39660.0	0.0
39670.0	0.0
39680.0	0.0
39690.0	0.0
39700.0	0.0
39710.0	0.0
39720.0	0.0
39730.0	0.0
39740.0	0.0
39750.0	0.0
39760.0	0.0
39770.0	0.0
39780.0	0.0
39790.0	0.0
39800.0	0.0
39810.0	0.0
39820.0	0.0
39830.0	0.0
39840.0	0.0
39850.0	0.0
39860.0	0.0
39870.0	0.0
39880.0	0.0
39890.0	0.0
39900.0	0.0
39910.0	0.0
39920.0	0.0
39930.0	0.0
39940.0	0.0
39950.0	0.0
39960.0	0.0
39970.0	0.0
39980.0	0.0
39990.0	0.0
40000.0	0.0
40010.0	0.0
40020.0	0.0
40030.0	0.0
40039.99999999999	0.0
40050.0	0.0
40060.0	2.4499e-06
40070.0	8.1972e-06
40080.0	1.35037e-05
40090.0	1.10184e-05
40100.0	3.82775e-06
40110.0	1.88962e-07
40119.99999999999	0.0
40130.0	0.0
40140.0	0.0
40150.0	0.0
40160.0	0.0
40170.0	0.0
40180.0	0.0
40190.0	0.0
40199.99999999999	0.0
40210.0	0.0
40220.0	0.0
40230.0	0.0
40240.0	0.0
40250.0	0.0
40260.0	0.0
40270.0	0.0
40279.99999999999	0.0
40290.0	0.0
40300.0	0.0
40310.0	0.0
40320.0	0.0
40330.0	0.0
40340.0	0.0
40350.0	0.0
40359.99999999999	0.0
40370.0	0.0
40380.0	0.0
40390.0	0.0
40400.0	0.0
40410.00000000001	0.0
40420.0	0.0
40430.0	0.0
40439.99999999999	0.0
40450.0	0.0
40460.0	0.0
40470.0	1.6422e-08
40480.0	1.20014e-07
40490.00000000001	3.70741e-07
40500.0	4.50392e-07
40510.0	1.1934e-07
40519.99999999999	3.79174e-08
40530.0	0.0
40540.0	0.0
40550.0	0.0
40560.0	0.0
40570.00000000001	0.0
40580.0	0.0
40590.0	0.0
40599.99999999999	0.0
40610.0	0.0
40620.0	0.0
40630.0	0.0
40640.0	0.0
40650.00000000001	0.0
40660.0	0.0
40670.0	0.0
40679.99999999999	0.0
40690.0	0.0
40700.0	0.0
40710.0	0.0
40720.0	0.0
40730.00000000001	0.0
40740.0	0.0
40750.0	0.0
40759.99999999999	0.0
40770.0	0.0
40780.0	0.0
40790.0	0.0
40800.0	0.0
40810.00000000001	0.0
40820.0	0.0
40830.0	0.0
40839.99999999999	0.0
40850.0	0.0
40860.0	0.0
40870.0	0.0
40880.0	0.0
40890.00000000001	0.0
40900.0	0.0
40910.0	0.0
40920.0	0.0
40930.0	0.0
40940.0	0.0
40950.0	0.0
40960.0	0.0
40970.00000000001	0.0
40980.0	0.0
40990.0	0.0
41000.0	0.0
41010.0	0.0
41020.0	0.0
41030.0	0.0
41040.0	0.0
41050.00000000001	0.0
41060.0	0.0
41070.0	0.0
41080.0	1.90207e-08
41090.0	5.43291e-08
41100.0	6.61933e-08
41110.0	4.5619e-08
41120.0	0.0
41130.00000000001	0.0
41140.0	0.0
41150.0	0.0
41160.0	0.0
41170.0	0.0
41180.0	0.0
41190.0	0.0
41200.0	0.0
41210.00000000001	0.0
41220.0	0.0
41230.0	0.0
41240.0	0.0
41250.0	0.0
41260.0	0.0
41270.0	0.0
41280.0	0.0
41289.99999999999	0.0
41300.0	0.0
41310.0	0.0
41320.0	0.0
41330.0	0.0
41340.0	0.0
41350.0	0.0
41360.0	0.0
41369.99999999999	0.0
41380.0	0.0
41390.0	0.0
41400.0	0.0
41410.0	0.0
41420.0	0.0
41430.0	0.0
41440.0	0.0
41449.99999999999	0.0
41460.0	0.0
41470.0	0.0
41480.0	0.0
41490.0	0.0
41500.0	0.0
41510.0	0.0
41520.0	0.0
41529.99999999999	0.0
41540.0	0.0
41550.0	0.0
41560.0	0.0
41570.0	0.0
41580.0	0.0
41590.0	0.0
41600.0	0.0
41609.99999999999	0.0
41620.0	1.97871e-08
41630.0	6.69674e-08
41640.0	3.63854e-06
41650.0	5.77245e-06
41660.00000000001	5.23436e-06
41670.0	9.10911e-07
41680.0	2.75642e-08
41689.99999999999	0.0
41700.0	0.0
41710.0	0.0
41720.0	0.0
41730.0	0.0
41740.00000000001	0.0
41750.0	0.0
41760.0	0.0
41769.99999999999	0.0
41780.0	0.0
41790.0	0.0
41800.0	0.0
41810.0	0.0
41820.00000000001	0.0
41830.0	0.0
41840.0	0.0
41849.99999999999	0.0
41860.0	0.0
41870.0	0.0
41880.0	0.0
41890.0	0.0
41900.00000000001	0.0
41910.0	0.0
41920.0	0.0
41929.99999999999	0.0
41940.0	0.0
41950.0	0.0
41960.0	0.0
41970.0	0.0
41980.00000000001	0.0
41990.0	0.0
42000.0	0.0
42009.99999999999	0.0
42020.0	0.0
42030.0	0.0
42040.0	0.0
42050.0	0.0
42060.00000000001	0.0
42070.0	0.0
42080.0	0.0
42089.99999999999	0.0
42100.0	0.0
42110.0	0.0
42120.0	0.0
42130.0	0.0
42140.00000000001	0.0
42150.0	0.0
42160.0	0.0
42170.0	0.0
42180.0	0.0
42190.0	0.0
42200.0	0.0
42210.0	0.0
42220.00000000001	0.0
42230.0	0.0
42240.0	0.0
42250.0	0.0
42260.0	0.0
42270.0	0.0
42280.0	0.0
42290.0	0.0
42300.00000000001	0.0
42310.0	0.0
42320.0	0.0
42330.0	0.0
42340.0	0.0
42350.0	0.0
42360.0	0.0
42370.0	0.0
42380.00000000001	0.0
42390.0	0.0
42400.0	0.0
42410.0	0.0
42420.0	0.0
42430.0	0.0
42440.0	0.0
42450.0	0.0
42460.00000000001	0.0
42470.0	0.0
42480.0	0.0
42490.0	0.0
42500.0	0.0
42510.0	0.0
42520.0	0.0
42530.0	0.0
42539.99999999999	0.0
42550.0	0.0
42560.0	0.0
42570.0	0.0
42580.0	0.0
42590.0	0.0
42600.0	0.0
42610.0	0.0
42619.99999999999	0.0
42630.0	0.0
42640.0	0.0
42650.0	2.95498e-08
42660.0	9.69598e-07
42670.0	6.57363e-06
42680.0	1.05417e-05
42690.0	1.26703e-05
42699.99999999999	1.29527e-05
42710.0	1.21314e-05
42720.0	1.07122e-05
42730.0	8.03533e-06
42740.0	3.86577e-06
42750.0	9.41468e-07
42760.0	4.20433e-08
42770.0	0.0
42779.99999999999	0.0
42790.0	0.0
42800.0	0.0
42810.0	0.0
42820.0	0.0
42830.0	4.04504e-08
42840.0	4.41152e-06
42850.0	1.06379e-05
42859.99999999999	1.35232e-05
42870.0	6.16707e-06
42880.0	1.4034e-06
42890.0	1.21109e-07
42900.0	2.53443e-08
42910.00000000001	0.0
42920.0	0.0
42930.0	0.0
42939.99999999999	0.0
42950.0	0.0
42960.0	0.0
42970.0	0.0
42980.0	0.0
42990.00000000001	0.0
43000.0	0.0
43010.0	0.0
43019.99999999999	0.0
43030.0	0.0
43040.0	0.0
43050.0	0.0
43060.0	0.0
43070.00000000001	0.0
43080.0	0.0
43090.0	0.0
43099.99999999999	0.0
43110.0	0.0
43120.0	0.0
43130.0	0.0
43140.0	0.0
43150.00000000001	0.0
43160.0	0.0
43170.0	0.0
43179.99999999999	0.0
43190.0	0.0
43200.0	0.0
43210.0	0.0
43220.0	0.0
43230.00000000001	0.0
43240.0	0.0
43250.0	0.0
43259.99999999999	0.0
43270.0	0.0
43280.0	0.0
43290.0	0.0
43300.0	0.0
43310.00000000001	0.0
43320.0	0.0
43330.0	0.0
43339.99999999999	0.0
43350.0	0.0
43360.0	0.0
43370.0	0.0
43380.0	0.0
43390.00000000001	0.0
43400.0	0.0
43410.0	0.0
43420.0	2.48317e-08
43430.0	8.7783e-08
43440.0	3.49178e-07
43450.0	1.77744e-07
43460.0	1.5038e-08
43470.00000000001	0.0
43480.0	0.0
43490.0	0.0
43500.0	0.0
43510.0	0.0
43520.0	0.0
43530.0	0.0
43540.0	0.0
43550.00000000001	0.0
43560.0	0.0
43570.0	0.0
43580.0	0.0
43590.0	0.0
43600.0	0.0
43610.0	0.0
43620.0	0.0
43630.00000000001	0.0
43640.0	0.0
43650.0	0.0
43660.0	0.0
43670.0	0.0
43680.0	0.0
43690.0	0.0
43700.0	0.0
43710.00000000001	0.0
43720.0	0.0
43730.0	0.0
43740.0	0.0
43750.0	0.0
43760.0	0.0
43770.0	0.0
43780.0	0.0
43789.99999999999	0.0
43800.0	0.0
43810.0	0.0
43820.0	0.0
43830.0	0.0
43840.0	0.0
43850.0	0.0
43860.0	0.0
43869.99999999999	0.0
43880.0	0.0
43890.0	0.0
43900.0	0.0
43910.0	0.0
43920.0	4.61008e-08
43930.0	2.47711e-07
43940.0	1.19958e-06
43949.99999999999	4.90583e-06
43960.0	5.13031e-06
43970.0	5.33978e-07
43980.0	1.522e-07
43990.0	2.9711e-08
44000.0	0.0
44010.0	0.0
44020.0	0.0
44029.99999999999	0.0
44040.0	0.0
44050.0	0.0
44060.0	0.0
44070.0	0.0
44080.0	0.0
44090.0	0.0
44100.0	0.0
44109.99999999999	0.0
44120.0	0.0
44130.0	0.0
44140.0	0.0
44150.0	0.0
44160.00000000001	0.0
44170.0	0.0
44180.0	0.0
44189.99999999999	0.0
44200.0	0.0
44210.0	0.0
44220.0	0.0
44230.0	0.0
44240.00000000001	0.0
44250.0	0.0
44260.0	0.0
44269.99999999999	1.47863e-08
44280.0	3.13387e-08
44290.0	2.72693e-07
44300.0	1.64806e-06
44310.0	2.39915e-06
44320.00000000001	5.03053e-07
44330.0	1.30956e-07
44340.0	0.0
44349.99999999999	0.0
44360.0	0.0
44370.0	0.0
44380.0	0.0
44390.0	0.0
44400.00000000001	0.0
44410.0	9.3602e-08
44420.0	2.79206e-06
44429.99999999999	7.92357e-06
44440.0	1.22091e-05
44450.0	1.27988e-05
44460.0	1.07121e-05
44470.0	6.52942e-06
44480.00000000001	2.81948e-06
44490.0	8.71902e-07
44500.0	4.31092e-08
44509.99999999999	0.0
44520.0	0.0
44530.0	0.0
44540.0	0.0
44550.0	0.0
44560.00000000001	0.0
44570.0	0.0
44580.0	0.0
44589.99999999999	0.0
44600.0	0.0
44610.0	0.0
44620.0	0.0
44630.0	0.0
44640.00000000001	0.0
44650.0	0.0
44660.0	0.0
44670.0	0.0
44680.0	0.0
44690.0	0.0
44700.0	0.0
44710.0	0.0
44720.00000000001	0.0
44730.0	0.0
44740.0	0.0
44750.0	0.0
44760.0	0.0
44770.0	0.0
44780.0	0.0
44790.0	0.0
44800.00000000001	0.0
44810.0	0.0
44820.0	0.0
44830.0	0.0
44840.0	0.0
44850.0	0.0
44860.0	0.0
44870.0	0.0
44880.00000000001	0.0
44890.0	0.0
44900.0	0.0
44910.0	4.42228e-08
44920.0	3.05813e-07
44930.0	6.30912e-07
44940.0	1.26375e-07
44950.0	1.70804e-08
44960.00000000001	0.0
44970.0	0.0
44980.0	0.0
44990.0	1.53932e-07
45000.0	4.45124e-07
45010.0	8.35124e-07
45020.0	2.05372e-07
45030.0	1.21183e-08
45039.99999999999	0.0
45050.0	0.0
45060.0	0.0
45070.0	0.0
45080.0	0.0
45090.0	0.0
45100.0	0.0
45110.0	0.0
45119.99999999999	0.0
45130.0	0.0
45140.0	0.0
45150.0	0.0
45160.0	0.0
45170.0	0.0
45180.0	0.0
45190.0	0.0
45199.99999999999	0.0
45210.0	0.0
45220.0	0.0
45230.0	0.0
45240.0	0.0
45250.0	0.0
45260.0	0.0
45270.0	0.0
45279.99999999999	0.0
45290.0	0.0
45300.0	0.0
45310.0	0.0
45320.0	0.0
45330.0	0.0
45340.0	0.0
45350.0	0.0
45359.99999999999	0.0
45370.0	0.0
45380.0	0.0
45390.0	0.0
45400.0	0.0
45410.00000000001	0.0
45420.0	3.90824e-08
45430.0	1.96343e-07
45439.99999999999	8.79482e-07
45450.0	1.75296e-06
45460.0	1.53874e-06
45470.0	1.3279e-07
45480.0	3.41723e-08
45490.00000000001	0.0
45500.0	0.0
45510.0	0.0
45519.99999999999	0.0
45530.0	0.0
45540.0	0.0
45550.0	0.0
45560.0	0.0
45570.00000000001	0.0
45580.0	0.0
45590.0	0.0
45599.99999999999	0.0
45610.0	0.0
45620.0	1.41195e-07
45630.0	6.80897e-07
45640.0	8.08498e-06
45650.00000000001	1.50226e-05
45660.0	1.98382e-05
45670.0	2.03036e-05
45679.99999999999	2.00616e-05
45690.0	1.94055e-05
45700.0	1.82619e-05
45710.0	1.58726e-05
45720.0	1.25423e-05
45730.00000000001	9.03802e-06
45740.0	5.56881e-06
45750.0	1.25075e-06
45759.99999999999	4.36462e-08
45770.0	1.00344e-08
45780.0	1.07488e-08
45790.0	3.30037e-08
45800.0	2.38595e-07
45810.00000000001	3.13509e-06
45820.0	1.14329e-05
45830.0	8.15358e-06
45839.99999999999	3.9457e-06
45850.0	4.88854e-07
45860.0	4.55176e-08
45870.0	0.0
45880.0	0.0
45890.00000000001	1.00694e-08
45900.0	1.03878e-08
45910.0	4.21685e-07
45920.0	2.51834e-06
45930.0	5.68935e-06
45940.0	6.57878e-06
45950.0	2.74089e-06
45960.0	6.22762e-08
45970.00000000001	0.0
45980.0	0.0
45990.0	0.0
46000.0	2.97651e-08
46010.0	2.955e-07
46020.0	4.17526e-06
46030.0	8.17657e-06
46040.0	1.07076e-05
46050.00000000001	1.04545e-05
46060.0	6.3066e-06
46070.0	3.14e-06
46080.0	1.29098e-06
46090.0	1.28987e-06
46100.0	6.21492e-06
46110.0	9.77152e-06
46120.0	1.16798e-05
46130.00000000001	1.18879e-05
46140.0	1.0344e-05
46150.0	9.65574e-06
46160.0	8.71201e-06
46170.0	3.0003e-06
46180.0	8.03449e-07
46190.0	1.76714e-08
46200.0	0.0
46210.00000000001	0.0
46220.0	0.0
46230.0	0.0
46240.0	0.0
46250.0	0.0
46260.0	0.0
46270.0	5.72304e-08
46280.0	2.90517e-07
46289.99999999999	3.866e-06
46300.0	8.38009e-06
46310.0	1.25113e-05
46320.0	1.49726e-05
46330.0	9.63981e-06
46340.0	4.09819e-06
46350.0	5.45457e-08
46360.0	1.31028e-08
46369.99999999999	1.23359e-08
46380.0	4.34361e-07
46390.0	2.49364e-06
46400.0	9.19433e-06
46410.0	1.46843e-05
46420.0	1.31444e-05
46430.0	5.86873e-06
46440.0	1.46693e-06
46449.99999999999	2.71074e-07
46460.0	1.24668e-08
46470.0	0.0
46480.0	0.0
46490.0	0.0
46500.0	1.3658e-07
46510.0	8.74352e-07
46520.0	8.25156e-06
46529.99999999999	1.06131e-05
46540.0	9.11209e-06
46550.0	4.38837e-06
46560.0	2.68445e-06
46570.0	4.42541e-06
46580.0	8.76583e-06
46590.0	1.4906e-05
46600.0	2.23479e-05
46609.99999999999	2.46951e-05
46620.0	2.27437e-05
46630.0	1.81265e-05
46640.0	1.30158e-05
46650.0	6.39177e-06
46660.00000000001	1.04582e-07
46670.0	2.25562e-08
46680.0	0.0
46689.99999999999	1.83449e-07
46700.0	1.48642e-06
46710.0	8.45319e-06
46720.0	1.22922e-05
46730.0	1.45981e-05
46740.00000000001	1.59538e-05
46750.0	1.68662e-05
46760.0	1.82441e-05
46769.99999999999	1.80539e-05
46780.0	1.50124e-05
46790.0	8.85069e-06
46800.0	3.44812e-06
46810.0	6.32384e-08
46820.00000000001	1.08985e-08
46830.0	0.0
46840.0	1.90706e-07
46849.99999999999	1.42734e-06
46860.0	5.09787e-06
46870.0	9.81426e-06
46880.0	1.41178e-05
46890.0	1.77733e-05
46900.00000000001	2.04588e-05
46910.0	1.98409e-05
46920.0	1.8563e-05
46929.99999999999	1.71652e-05
46940.0	1.60299e-05
46950.0	1.71009e-05
46960.0	1.80421e-05
46970.0	1.81644e-05
46980.00000000001	1.72842e-05
46990.0	1.5713e-05
47000.0	1.42687e-05
47009.99999999999	1.33558e-05
47020.0	1.33299e-05
47030.0	9.2884e-06
47040.0	4.46289e-06
47050.0	1.10429e-06
47060.00000000001	3.04354e-07
47070.0	2.18138e-08
47080.0	1.09481e-08
47089.99999999999	1.40019e-08
47100.0	8.85389e-07
47110.0	6.83939e-06
47120.0	1.45194e-05
47130.0	1.77164e-05
47140.00000000001	1.47073e-05
47150.0	8.72868e-06
47160.0	2.10874e-06
47170.0	3.00699e-07
47180.0	1.80288e-08
47190.0	0.0
47200.0	0.0
47210.0	0.0
47220.00000000001	4.61592e-08
47230.0	8.5454e-07
47240.0	2.72893e-06
47250.0	5.72026e-06
47260.0	8.59198e-06
47270.0	9.66657e-06
47280.0	8.04002e-06
47290.0	6.89253e-06
47300.00000000001	6.2253e-06
47310.0	6.63319e-06
47320.0	8.71631e-06
47330.0	9.58237e-06
47340.0	9.58795e-06
47350.0	8.55515e-06
47360.0	6.13038e-06
47370.0	5.37081e-06
47380.00000000001	5.89927e-06
47390.0	7.24936e-06
47400.0	8.54396e-06
47410.0	9.16739e-06
47420.0	7.98782e-06
47430.0	5.3841e-06
47440.0	3.24197e-06
47450.0	1.86157e-06
47460.00000000001	1.88558e-06
47470.0	3.38568e-06
47480.0	5.59148e-06
47490.0	6.35175e-06
47500.0	5.46711e-06
47510.0	2.99632e-06
47520.0	1.75182e-06
47530.0	2.30183e-06
47539.99999999999	3.86846e-06
47550.0	5.99135e-06
47560.0	9.03098e-06
47570.0	8.93261e-06
47580.0	7.47173e-06
47590.0	6.48456e-06
47600.0	7.27589e-06
47610.0	9.34091e-06
47619.99999999999	1.27813e-05
47630.0	1.79606e-05
47640.0	1.5467e-05
47650.0	8.96638e-06
47660.0	1.50565e-06
47670.0	2.10077e-07
47680.0	1.00362e-07
47690.0	1.0574e-06
47699.99999999999	3.26893e-06
47710.0	7.71634e-06
47720.0	1.26565e-05
47730.0	1.60873e-05
47740.0	1.7073e-05
47750.0	1.3872e-05
47760.0	1.00456e-05
47770.0	6.16579e-06
47779.99999999999	2.71744e-06
47790.0	3.28761e-06
47800.0	5.749e-06
47810.0	9.5357e-06
47820.0	1.42675e-05
47830.0	1.78936e-05
47840.0	1.8247e-05
47850.0	1.57114e-05
47859.99999999999	1.05675e-05
47870.0	6.96358e-06
47880.0	4.45944e-06
47890.0	2.99922e-06
47900.0	2.65113e-06
47910.00000000001	3.03054e-06
47920.0	4.09404e-06
47930.0	5.78468e-06
47939.99999999999	7.97051e-06
47950.0	8.91876e-06
47960.0	8.43904e-06
47970.0	6.62902e-06
47980.0	4.43209e-06
47990.00000000001	1.74471e-06
48000.0	8.49699e-08
48010.0	0.0
48019.99999999999	0.0
48030.0	0.0
48040.0	1.02778e-08
48050.0	2.36951e-08
48060.0	6.28589e-07
48070.00000000001	7.47399e-06
48080.0	1.57415e-05
48090.0	2.04836e-05
48099.99999999999	1.99496e-05
48110.0	1.81214e-05
48120.0	1.64171e-05
48130.0	1.69767e-05
48140.0	1.77864e-05
48150.00000000001	1.88617e-05
48160.0	1.93091e-05
48170.0	1.66993e-05
48179.99999999999	1.40261e-05
48190.0	1.27933e-05
48200.0	1.32159e-05
48210.0	1.50023e-05
48220.0	1.92959e-05
48230.00000000001	2.38347e-05
48240.0	2.79126e-05
48250.0	3.17002e-05
48259.99999999999	3.33629e-05
48270.0	3.31787e-05
48280.0	3.11532e-05
48290.0	2.67066e-05
48300.0	2.18692e-05
48310.00000000001	1.7506e-05
48320.0	1.43456e-05
48330.0	1.65891e-05
48339.99999999999	1.9128e-05
48350.0	2.19581e-05
48360.0	2.51264e-05
48370.0	2.51236e-05
48380.0	2.42891e-05
48390.00000000001	2.27237e-05
48400.0	2.025e-05
48410.0	1.79139e-05
48420.0	1.56853e-05
48430.0	1.36917e-05
48440.0	1.23822e-05
48450.0	1.11744e-05
48460.0	9.57771e-06
48470.00000000001	7.167e-06
48480.0	2.28553e-06
48490.0	5.29735e-07
48500.0	2.05797e-08
48510.0	1.01479e-08
48520.0	1.20168e-08
48530.0	1.25993e-07
48540.0	5.12893e-07
48550.00000000001	1.26212e-06
48560.0	1.25663e-06
48570.0	7.09478e-07
48580.0	1.25231e-07
48590.0	1.30999e-08
48600.0	0.0
48610.0	2.24915e-08
48620.0	3.65833e-07
48630.00000000001	1.58776e-06
48640.0	6.2937e-06
48650.0	1.05526e-05
48660.0	1.32733e-05
48670.0	1.25088e-05
48680.0	1.25051e-05
48690.0	1.4239e-05
48700.0	1.80086e-05
48710.00000000001	2.43641e-05
48720.0	3.51675e-05
48730.0	4.38953e-05
48740.0	4.86688e-05
48750.0	5.10001e-05
48760.0	4.78652e-05
48770.0	4.29399e-05
48780.0	3.79738e-05
48789.99999999999	3.31519e-05
48800.0	2.81584e-05
48810.0	2.35471e-05
48820.0	1.97787e-05
48830.0	2.01083e-05
48840.0	2.1665e-05
48850.0	2.51099e-05
48860.0	3.14421e-05
48869.99999999999	3.56631e-05
48880.0	3.89362e-05
48890.0	4.13398e-05
48900.0	4.27972e-05
48910.0	4.43139e-05
48920.0	4.58949e-05
48930.0	4.6497e-05
48940.0	4.27613e-05
48949.99999999999	3.67414e-05
48960.0	2.91826e-05
48970.0	2.09505e-05
48980.0	1.57746e-05
48990.0	1.49049e-05
49000.0	1.56146e-05
49010.0	1.69822e-05
49020.0	1.97795e-05
49029.99999999999	2.31818e-05
49040.0	2.71613e-05
49050.0	3.1678e-05
49060.0	3.47718e-05
49070.0	3.73812e-05
49080.0	3.89261e-05
49090.0	3.87517e-05
49100.0	4.0371e-05
49109.99999999999	4.30534e-05
49120.0	4.52998e-05
49130.0	4.47655e-05
49140.0	4.15989e-05
49150.0	3.2557e-05
49160.00000000001	2.06892e-05
49170.0	1.38597e-05
49180.0	9.90668e-06
49189.99999999999	9.0263e-06
49200.0	1.12803e-05
49210.0	1.69748e-05
49220.0	1.3907e-05
49230.0	8.44803e-06
49240.00000000001	2.93148e-06
49250.0	6.20857e-07
49260.0	3.62695e-08
49269.99999999999	0.0
49280.0	1.71276e-08
49290.0	1.37664e-07
49300.0	3.70069e-06
49310.0	7.64147e-06
49320.00000000001	9.67681e-06
49330.0	9.51608e-06
49340.0	6.71111e-06
49349.99999999999	3.03093e-06
49360.0	5.5681e-07
49370.0	1.42404e-07
49380.0	1.46128e-08
49390.0	0.0
49400.00000000001	0.0
49410.0	0.0
49420.0	1.74667e-08
49429.99999999999	1.2567e-07
49440.0	6.25291e-07
49450.0	2.93157e-06
49460.0	6.16171e-06
49470.0	9.67682e-06
49480.00000000001	1.12408e-05
49490.0	1.08845e-05
49500.0	7.4398e-06
49509.99999999999	1.21469e-06
49520.0	3.83896e-07
49530.0	8.74376e-08
49540.0	1.9041e-08
49550.0	0.0
49560.00000000001	0.0
49570.0	1.00553e-07
49580.0	1.3901e-06
49589.99999999999	5.00331e-06
49600.0	8.91259e-06
49610.0	1.31256e-05
49620.0	1.60068e-05
49630.0	1.4964e-05
49640.00000000001	1.57049e-05
49650.0	1.76316e-05
49660.0	2.07889e-05
49670.0	2.55489e-05
49680.0	3.1672e-05
49690.0	3.37048e-05
49700.0	3.15331e-05
49710.0	2.80347e-05
49720.00000000001	2.23175e-05
49730.0	1.65264e-05
49740.0	1.13801e-05
49750.0	7.55129e-06
49760.0	3.24141e-06
49770.0	4.49374e-07
49780.0	6.76091e-08
49790.0	6.03717e-07
49800.00000000001	5.74371e-06
49810.0	1.18992e-05
49820.0	1.65401e-05
49830.0	1.96026e-05
49840.0	1.97443e-05
49850.0	1.81471e-05
49860.0	1.6048e-05
49870.0	1.3935e-05
49880.00000000001	1.22864e-05
49890.0	1.1017e-05
49900.0	9.97125e-06
49910.0	9.47462e-06
49920.0	9.83072e-06
49930.0	1.16884e-05
49940.0	1.69604e-05
49950.0	2.1876e-05
49960.00000000001	2.58831e-05
49970.0	2.77506e-05
49980.0	2.21207e-05
49990.0	1.65764e-05
50000.0	1.11846e-05
50010.0	6.28253e-06
50020.0	4.61642e-06
50030.0	6.52643e-06
50039.99999999999	1.02254e-05
50050.0	1.47531e-05
50060.0	1.90556e-05
50070.0	2.26701e-05
50080.0	2.56577e-05
50090.0	2.80214e-05
50100.0	2.8587e-05
50110.0	2.88885e-05
50119.99999999999	2.89501e-05
50130.0	2.87499e-05
50140.0	2.87149e-05
50150.0	2.89786e-05
50160.0	2.90466e-05
50170.0	2.77556e-05
50180.0	2.50229e-05
50190.0	2.0824e-05
50199.99999999999	1.56269e-05
50210.0	1.11022e-05
50220.0	8.29069e-06
50230.0	6.35153e-06
50240.0	5.46755e-06
50250.0	8.11966e-06
50260.0	1.21033e-05
50270.0	1.75089e-05
50279.99999999999	2.43085e-05
50290.0	3.07166e-05
50300.0	3.44568e-05
50310.0	3.39233e-05
50320.0	2.77803e-05
50330.0	2.03503e-05
50340.0	9.33591e-06
50350.0	3.88545e-07
50359.99999999999	2.45795e-08
50370.0	0.0
50380.0	1.75527e-08
50390.0	3.62597e-07
50400.0	1.66437e-06
50410.00000000001	1.65153e-05
50420.0	2.8152e-05
50430.0	3.49911e-05
50439.99999999999	3.74353e-05
50450.0	3.5707e-05
50460.0	2.91492e-05
50470.0	1.90377e-05
50480.0	1.187e-05
50490.00000000001	7.65569e-06
50500.0	5.08687e-06
50510.0	3.9736e-06
50519.99999999999	6.03655e-06
50530.0	8.40633e-06
50540.0	1.03008e-05
50550.0	1.13339e-05
50560.0	1.30482e-05
50570.00000000001	1.54972e-05
50580.0	1.82442e-05
50590.0	2.09341e-05
50599.99999999999	2.37317e-05
50610.0	2.52121e-05
50620.0	2.58366e-05
50630.0	2.61927e-05
50640.0	2.69425e-05
50650.00000000001	2.748e-05
50660.0	2.74472e-05
50670.0	2.60934e-05
50679.99999999999	2.34884e-05
50690.0	1.98699e-05
50700.0	1.52907e-05
50710.0	9.75434e-06
50720.0	5.63273e-06
50730.00000000001	2.46523e-06
50740.0	3.00907e-07
50750.0	6.79245e-08
50759.99999999999	1.20167e-07
50770.0	2.05694e-06
50780.0	6.46521e-06
50790.0	1.10489e-05
50800.0	1.71818e-05
50810.00000000001	2.07404e-05
50820.0	1.89089e-05
50830.0	1.77522e-05
50839.99999999999	1.72715e-05
50850.0	1.79383e-05
50860.0	2.03583e-05
50870.0	2.69485e-05
50880.0	3.11339e-05
50890.00000000001	3.28334e-05
50900.0	3.2063e-05
50910.0	2.65853e-05
50920.0	2.10036e-05
50930.0	1.6697e-05
50940.0	1.61676e-05
50950.0	1.59194e-05
50960.0	1.61821e-05
50970.00000000001	1.68281e-05
50980.0	1.70935e-05
50990.0	1.61589e-05
51000.0	1.5008e-05
51010.0	1.39661e-05
51020.0	1.30762e-05
51030.0	1.16557e-05
51040.0	9.94951e-06
51050.00000000001	8.13554e-06
51060.0	7.44197e-06
51070.0	7.05882e-06
51080.0	7.43959e-06
51090.0	9.01242e-06
51100.0	1.17651e-05
51110.0	1.38502e-05
51120.0	1.55705e-05
51130.00000000001	1.73129e-05
51140.0	1.7673e-05
51150.0	1.74652e-05
51160.0	1.63138e-05
51170.0	1.32153e-05
51180.0	9.65804e-06
51190.0	6.15447e-06
51200.0	3.30929e-06
51210.00000000001	2.95153e-06
51220.0	4.50069e-06
51230.0	6.62481e-06
51240.0	8.97198e-06
51250.0	1.14262e-05
51260.0	1.24949e-05
51270.0	1.27886e-05
51280.0	1.2603e-05
51289.99999999999	1.27804e-05
51300.0	1.30133e-05
51310.0	1.07499e-05
51320.0	4.36535e-06
51330.0	2.01561e-06
51340.0	6.67788e-07
51350.0	6.66821e-08
51360.0	1.16787e-08
51369.99999999999	0.0
51380.0	1.83935e-08
51390.0	1.62152e-07
51400.0	6.63202e-07
51410.0	3.13272e-06
51420.0	4.29788e-06
51430.0	3.74624e-06
51440.0	1.09993e-06
51449.99999999999	2.84504e-07
51460.0	2.21628e-08
51470.0	0.0
51480.0	0.0
51490.0	8.27683e-08
51500.0	1.34239e-06
51510.0	4.42295e-06
51520.0	1.1161e-05
51529.99999999999	2.4146e-05
51540.0	3.49909e-05
51550.0	3.96157e-05
51560.0	4.36251e-05
51570.0	4.04047e-05
51580.0	3.43445e-05
51590.0	2.87243e-05
51600.0	2.26172e-05
51609.99999999999	1.82916e-05
51620.0	1.58221e-05
51630.0	1.54542e-05
51640.0	1.49745e-05
51650.0	1.43846e-05
51660.00000000001	1.1784e-05
51670.0	3.11693e-06
51680.0	7.71257e-07
51689.99999999999	3.37505e-08
51700.0	0.0
51710.0	0.0
51720.0	5.67172e-08
51730.0	8.14155e-07
51740.00000000001	2.64091e-06
51750.0	6.57467e-06
51760.0	1.1245e-05
51769.99999999999	1.31418e-05
51780.0	1.10797e-05
51790.0	8.49503e-06
51800.0	7.32428e-06
51810.0	6.74699e-06
51820.00000000001	6.34142e-06
51830.0	7.90492e-06
51840.0	9.36236e-06
51849.99999999999	9.23906e-06
51860.0	5.94166e-06
51870.0	4.18924e-06
51880.0	3.2297e-06
51890.0	2.89771e-06
51900.00000000001	3.02804e-06
51910.0	5.76211e-06
51920.0	9.33777e-06
51929.99999999999	1.26037e-05
51940.0	1.30787e-05
51950.0	1.34735e-05
51960.0	1.37746e-05
51970.0	1.42379e-05
51980.00000000001	1.59168e-05
51990.0	1.94822e-05
52000.0	2.34905e-05
52009.99999999999	2.74843e-05
52020.0	3.126e-05
52030.0	3.47963e-05
52040.0	3.8178e-05
52050.0	4.14149e-05
52060.00000000001	4.41321e-05
52070.0	4.67023e-05
52080.0	4.77949e-05
52089.99999999999	4.63007e-05
52100.0	4.36721e-05
52110.0	3.95514e-05
52120.0	3.47307e-05
52130.0	3.01361e-05
52140.00000000001	2.92654e-05
52150.0	2.88775e-05
52160.0	2.92064e-05
52170.0	3.11431e-05
52180.0	3.33782e-05
52190.0	3.33996e-05
52200.0	3.1524e-05
52210.0	2.96084e-05
52220.00000000001	2.5561e-05
52230.0	2.16775e-05
52240.0	1.87147e-05
52250.0	1.78195e-05
52260.0	1.72684e-05
52270.0	1.77621e-05
52280.0	1.94884e-05
52290.0	2.12851e-05
52300.00000000001	2.27688e-05
52310.0	2.41203e-05
52320.0	2.54286e-05
52330.0	2.63394e-05
52340.0	2.72679e-05
52350.0	2.82051e-05
52360.0	2.91443e-05
52370.0	2.9811e-05
52380.00000000001	3.00958e-05
52390.0	2.98735e-05
52400.0	2.89058e-05
52410.0	2.66088e-05
52420.0	2.3786e-05
52430.0	2.05343e-05
52440.0	1.68688e-05
52450.0	1.44029e-05
52460.00000000001	1.26124e-05
52470.0	1.13063e-05
52480.0	1.01249e-05
52490.0	9.0555e-06
52500.0	6.01576e-06
52510.0	1.19575e-06
52520.0	2.64609e-07
52530.0	2.47642e-08
52539.99999999999	0.0
52550.0	1.36295e-08
52560.0	7.30917e-08
52570.0	1.98035e-06
52580.0	7.71303e-06
52590.0	1.89269e-05
52600.0	2.50683e-05
52610.0	2.99188e-05
52619.99999999999	3.35396e-05
52630.0	3.58978e-05
52640.0	3.57302e-05
52650.0	3.46636e-05
52660.0	3.2117e-05
52670.0	2.66845e-05
52680.0	2.12468e-05
52690.0	1.5478e-05
52699.99999999999	9.87311e-06
52710.0	6.04322e-06
52720.0	5.22013e-06
52730.0	5.38392e-06
52740.0	6.18229e-06
52750.0	8.08575e-06
52760.0	1.11809e-05
52770.0	1.4403e-05
52779.99999999999	1.73958e-05
52790.0	2.04549e-05
52800.0	2.27053e-05
52810.0	2.45383e-05
52820.0	2.61851e-05
52830.0	2.83324e-05
52840.0	3.07222e-05
52850.0	3.37142e-05
52859.99999999999	3.76862e-05
52870.0	4.26755e-05
52880.0	4.5744e-05
52890.0	4.74236e-05
52900.0	4.84445e-05
52910.00000000001	4.5882e-05
52920.0	4.26825e-05
52930.0	3.986e-05
52939.99999999999	3.92362e-05
52950.0	3.91942e-05
52960.0	4.02758e-05
52970.0	4.24241e-05
52980.0	4.51566e-05
52990.00000000001	4.61267e-05
53000.0	4.64358e-05
53010.0	4.639e-05
53019.99999999999	4.60414e-05
53030.0	4.56265e-05
53040.0	4.511e-05
53050.0	4.44765e-05
53060.0	4.38027e-05
53070.00000000001	4.21262e-05
53080.0	3.99596e-05
53090.0	3.76406e-05
53099.99999999999	3.54986e-05
53110.0	3.34639e-05
53120.0	3.11194e-05
53130.0	2.79569e-05
53140.0	2.48448e-05
53150.00000000001	1.96169e-05
53160.0	1.34738e-05
53170.0	8.65476e-06
53179.99999999999	3.16326e-06
53190.0	4.11026e-07
53200.0	2.40532e-08
53210.0	1.18201e-08
53220.0	0.0
53230.00000000001	3.22264e-08
53240.0	1.98625e-07
53250.0	1.06737e-06
53259.99999999999	8.124e-07
53270.0	3.53021e-07
53280.0	2.76828e-08
53290.0	1.36157e-08
53300.0	0.0
53310.00000000001	0.0
53320.0	0.0
53330.0	0.0
53339.99999999999	4.02024e-08
53350.0	5.60006e-07
53360.0	2.01174e-06
53370.0	8.55615e-06
53380.0	1.24034e-05
53390.00000000001	1.41362e-05
53400.0	1.45304e-05
53410.0	1.30187e-05
53420.0	1.21446e-05
53430.0	1.21379e-05
53440.0	1.31709e-05
53450.0	1.56677e-05
53460.0	2.03427e-05
53470.00000000001	2.70144e-05
53480.0	3.4756e-05
53490.0	4.1809e-05
53500.0	4.80253e-05
53510.0	5.28141e-05
53520.0	5.29222e-05
53530.0	5.18651e-05
53540.0	4.91861e-05
53550.00000000001	4.47747e-05
53560.0	4.0692e-05
53570.0	3.66774e-05
53580.0	3.24825e-05
53590.0	2.78936e-05
53600.0	2.117e-05
53610.0	1.34074e-05
53620.0	5.98272e-06
53630.00000000001	4.40814e-07
53640.0	7.31923e-08
53650.0	0.0
53660.0	0.0
53670.0	0.0
53680.0	0.0
53690.0	0.0
53700.0	0.0
53710.00000000001	0.0
53720.0	0.0
53730.0	5.73978e-08
53740.0	3.74022e-07
53750.0	1.92217e-06
53760.0	4.46937e-06
53770.0	8.18698e-06
53780.0	1.26243e-05
53789.99999999999	1.33539e-05
53800.0	1.29877e-05
53810.0	9.14081e-06
53820.0	9.0773e-07
53830.0	2.35768e-07
53840.0	1.97542e-08
53850.0	0.0
53860.0	0.0
53869.99999999999	0.0
53880.0	0.0
53890.0	2.16555e-08
53900.0	6.19881e-08
53910.0	1.44412e-06
53920.0	6.78009e-06
53930.0	1.28869e-05
53940.0	1.26587e-05
53949.99999999999	1.22883e-05
53960.0	1.17771e-05
53970.0	1.13508e-05
53980.0	1.17851e-05
53990.0	1.46383e-05
54000.0	1.82577e-05
54010.0	2.19684e-05
54020.0	2.42871e-05
54029.99999999999	2.63672e-05
54040.0	2.68926e-05
54050.0	2.53894e-05
54060.0	2.37334e-05
54070.0	1.97362e-05
54080.0	1.5361e-05
54090.0	1.18958e-05
54100.0	1.01618e-05
54109.99999999999	8.66666e-06
54120.0	8.82299e-06
54130.0	1.22684e-05
54140.0	1.90408e-05
54150.0	2.42105e-05
54160.00000000001	2.8035e-05
54170.0	3.10902e-05
54180.0	2.6214e-05
54189.99999999999	2.01218e-05
54200.0	1.29364e-05
54210.0	3.00744e-06
54220.0	6.19058e-07
54230.0	5.21504e-08
54240.00000000001	1.81702e-07
54250.0	1.02282e-06
54260.0	5.90267e-06
54269.99999999999	1.05133e-05
54280.0	1.36455e-05
54290.0	1.68315e-05
54300.0	1.8095e-05
54310.0	1.87198e-05
54320.00000000001	1.93288e-05
54330.0	1.97926e-05
54340.0	2.03682e-05
54349.99999999999	2.15447e-05
54360.0	2.376e-05
54370.0	2.6291e-05
54380.0	2.85073e-05
54390.0	3.06038e-05
54400.00000000001	3.28353e-05
54410.0	3.19804e-05
54420.0	3.06935e-05
54429.99999999999	2.93261e-05
54440.0	2.82326e-05
54450.0	2.72611e-05
54460.0	2.69763e-05
54470.0	2.74021e-05
54480.00000000001	2.84111e-05
54490.0	2.80515e-05
54500.0	2.67665e-05
54509.99999999999	2.48342e-05
54520.0	2.32535e-05
54530.0	2.20051e-05
54540.0	2.12057e-05
54550.0	2.10389e-05
54560.00000000001	2.27474e-05
54570.0	2.40677e-05
54580.0	2.38972e-05
54589.99999999999	2.1502e-05
54600.0	1.93393e-05
54610.0	1.61091e-05
54620.0	1.26927e-05
54630.0	9.96826e-06
54640.00000000001	1.04827e-05
54650.0	1.13599e-05
54660.0	1.22291e-05
54670.0	1.26343e-05
54680.0	1.28472e-05
54690.0	1.2927e-05
54700.0	1.28929e-05
54710.0	1.2767e-05
54720.00000000001	1.36647e-05
54730.0	1.55394e-05
54740.0	1.81498e-05
54750.0	2.05602e-05
54760.0	2.19192e-05
54770.0	2.26789e-05
54780.0	2.27306e-05
54790.0	2.03773e-05
54800.00000000001	1.82856e-05
54810.0	1.64638e-05
54820.0	1.49253e-05
54830.0	1.35669e-05
54840.0	1.51491e-05
54850.0	1.8412e-05
54860.0	2.24827e-05
54870.0	2.73795e-05
54880.00000000001	3.30974e-05
54890.0	3.77108e-05
54900.0	3.86692e-05
54910.0	3.64132e-05
54920.0	3.09575e-05
54930.0	2.3223e-05
54940.0	1.47931e-05
54950.0	1.01002e-05
54960.00000000001	7.07353e-06
54970.0	5.29433e-06
54980.0	4.43414e-06
54990.0	0.0
55000.0	0.0
