5000.0	0.0
5010.0	0.0
5020.0	0.0
5030.0	0.0
5040.0	0.0
5050.0	0.0
5060.0	0.0
5070.0	0.0
5080.0	0.0
5090.0	0.0
5100.0	0.0
5110.0	0.0
5120.0	0.0
5130.0	0.0
5140.0	0.0
5150.0	0.0
5160.0	0.0
5170.0	0.0
5180.0	0.0
5190.0	0.0
5200.0	0.0
5210.0	0.0
5220.0	0.0
5230.0	0.0
5240.0	0.0
5250.0	0.0
5260.0	0.0
5270.0	0.0
5280.0	0.0
5290.0	0.0
5300.0	0.0
5310.0	0.0
5320.0	0.0
5330.0	0.0
5340.0	0.0
5350.0	0.0
5360.0	0.0
5370.0	0.0
5380.0	0.0
5390.0	0.0
5400.0	0.0
5410.0	0.0
5420.0	0.0
5430.0	0.0
5440.0	0.0
5450.0	0.0
5460.0	0.0
5470.0	0.0
5480.0	0.0
5490.0	0.0
5500.0	0.0
5510.0	0.0
5520.000000000001	0.0
5530.000000000001	0.0
5540.000000000001	0.0
5550.000000000001	0.0
5560.000000000001	0.0
5570.000000000001	0.0
5580.000000000001	0.0
5590.000000000001	0.0
5600.000000000001	0.0
5610.000000000001	0.0
5620.000000000001	0.0
5629.999999999999	0.0
5639.999999999999	0.0
5649.999999999999	0.0
5659.999999999999	0.0
5669.999999999999	0.0
5679.999999999999	0.0
5689.999999999999	0.0
5699.999999999999	0.0
5709.999999999999	0.0
5719.999999999999	0.0
5729.999999999999	0.0
5740.0	0.0
5750.0	0.0
5760.0	0.0
5770.0	0.0
5780.0	0.0
5790.0	0.0
5800.0	0.0
5810.0	0.0
5820.0	0.0
5830.0	0.0
5840.0	0.0
5850.0	0.0
5860.0	0.0
5870.0	0.0
5880.0	0.0
5890.0	0.0
5900.0	0.0
5910.0	0.0
5920.0	0.0
5930.0	0.0
5940.0	0.0
5950.0	0.0
5960.0	0.0
5970.0	0.0
5980.0	0.0
5990.0	0.0
6000.0	0.0
6010.0	0.0
6020.0	0.0
6030.0	0.0
6040.0	0.0
6050.0	0.0
6060.0	0.0
6070.0	0.0
6080.0	0.0
6090.0	0.0
6100.0	0.0
6110.0	0.0
6120.0	0.0
6130.0	0.0
6140.0	0.0
6150.0	0.0
6160.0	0.0
6170.0	0.0
6180.0	0.0
6190.0	0.0
6200.0	0.0
6210.0	0.0
6220.0	0.0
6230.0	0.0
6240.0	0.0
6250.0	0.0
6260.0	0.0
6270.0	0.0
6280.0	0.0
6290.0	0.0
6300.0	0.0
6310.0	0.0
6320.0	0.0
6330.0	0.0
6340.0	0.0
6350.0	0.0
6360.0	0.0
6370.0	0.0
6380.0	0.0
6390.0	0.0
6400.0	0.0
6410.0	0.0
6420.0	0.0
6430.0	0.0
6440.0	0.0
6450.0	1.05157e-08
6460.0	0.0
6470.0	0.0
6480.0	0.0
6490.0	0.0
6500.0	0.0
6510.0	0.0
6520.0	0.0
6530.0	0.0
6540.0	0.0
6550.0	0.0
6560.0	0.0
6570.0	0.0
6580.0	0.0
6590.0	0.0
6600.0	0.0
6610.0	0.0
6620.0	0.0
6630.0	0.0
6640.0	0.0
6650.0	0.0
6660.0	0.0
6670.0	0.0
6680.0	0.0
6690.0	0.0
6700.0	0.0
6710.0	0.0
6720.0	0.0
6730.0	0.0
6740.0	0.0
6750.0	0.0
6760.0	0.0
6770.000000000001	0.0
6780.000000000001	0.0
6790.000000000001	0.0
6800.000000000001	0.0
6810.000000000001	0.0
6820.000000000001	0.0
6830.000000000001	0.0
6840.000000000001	0.0
6850.000000000001	0.0
6860.000000000001	0.0
6870.000000000001	0.0
6879.999999999999	0.0
6889.999999999999	1.1012e-08
6899.999999999999	3.36734e-08
6909.999999999999	4.92337e-08
6919.999999999999	3.94023e-08
6929.999999999999	0.0
6939.999999999999	0.0
6949.999999999999	0.0
6959.999999999999	0.0
6969.999999999999	0.0
6979.999999999999	0.0
6990.0	2.06937e-08
7000.0	3.21147e-08
7010.0	3.14176e-08
7020.0	2.44272e-08
7030.0	2.61748e-08
7040.0	2.90496e-08
7050.0	3.75801e-08
7060.0	4.21804e-08
7070.0	2.1771e-08
7080.0	0.0
7090.0	0.0
7100.0	0.0
7110.0	0.0
7120.0	0.0
7130.0	0.0
7140.0	0.0
7150.0	0.0
7160.0	0.0
7170.0	0.0
7180.0	0.0
7190.0	0.0
7200.0	0.0
7210.0	0.0
7220.0	0.0
7230.0	0.0
7240.0	0.0
7250.0	0.0
7260.0	0.0
7270.0	0.0
7280.0	0.0
7290.0	0.0
7300.0	0.0
7310.0	0.0
7320.0	0.0
7330.0	0.0
7340.0	0.0
7350.0	0.0
7360.0	0.0
7370.0	0.0
7380.0	0.0
7390.0	0.0
7400.0	0.0
7410.0	0.0
7420.0	0.0
7430.0	0.0
7440.0	0.0
7450.0	0.0
7460.0	0.0
7470.0	0.0
7480.0	0.0
7490.0	0.0
7500.0	0.0
7510.0	0.0
7520.0	0.0
7530.0	0.0
7540.0	0.0
7550.0	0.0
7560.0	0.0
7570.0	0.0
7580.0	0.0
7590.0	0.0
7600.0	0.0
7610.0	0.0
7620.0	0.0
7630.0	0.0
7640.0	0.0
7650.0	0.0
7660.0	0.0
7670.0	0.0
7680.0	0.0
7690.0	0.0
7700.0	0.0
7710.0	0.0
7720.0	0.0
7730.0	0.0
7740.0	0.0
7750.0	0.0
7760.0	0.0
7770.0	0.0
7780.0	0.0
7790.0	0.0
7800.0	0.0
7810.0	0.0
7820.0	0.0
7830.0	0.0
7840.0	0.0
7850.0	0.0
7860.0	0.0
7870.0	0.0
7880.0	0.0
7890.0	0.0
7900.0	0.0
7910.0	0.0
7920.0	0.0
7930.0	0.0
7940.0	0.0
7950.0	0.0
7960.0	0.0
7970.0	0.0
7980.0	0.0
7990.0	0.0
8000.0	0.0
8010.0	0.0
8020.000000000001	0.0
8030.000000000001	0.0
8040.000000000001	0.0
8050.000000000001	0.0
8060.000000000001	0.0
8070.000000000001	0.0
8080.000000000001	0.0
8090.000000000001	0.0
8100.000000000001	0.0
8110.000000000001	0.0
8120.000000000001	0.0
8129.999999999999	0.0
8139.999999999999	0.0
8149.999999999999	0.0
8159.999999999999	0.0
8169.999999999999	0.0
8179.999999999999	0.0
8189.999999999999	0.0
8200.0	0.0
8210.0	0.0
8220.0	0.0
8230.0	0.0
8240.0	0.0
8250.0	0.0
8260.0	0.0
8270.0	0.0
8280.0	0.0
8290.0	0.0
8300.0	0.0
8310.0	0.0
8320.0	0.0
8330.0	0.0
8340.0	0.0
8350.0	0.0
8360.0	0.0
8370.0	0.0
8380.0	0.0
8390.0	0.0
8400.0	0.0
8410.0	0.0
8420.0	0.0
8430.0	0.0
8440.0	0.0
8450.0	0.0
8460.0	0.0
8470.0	0.0
8480.0	0.0
8490.0	0.0
8500.0	0.0
8510.0	0.0
8520.0	0.0
8530.0	0.0
8540.0	0.0
8550.0	0.0
8560.0	1.0115e-08
8570.0	1.03323e-08
8580.0	0.0
8590.0	1.16476e-08
8600.0	2.54054e-08
8610.0	5.53762e-08
8620.0	8.4494e-08
8630.0	9.17919e-08
8640.0	9.079e-08
8650.0	8.07718e-08
8660.0	7.96366e-08
8670.0	5.91518e-08
8680.0	6.00012e-08
8690.0	3.225e-08
8700.0	2.49308e-08
8710.0	0.0
8720.0	3.5765e-08
8730.0	4.65957e-08
8740.0	1.08567e-07
8750.0	2.36757e-07
8760.0	3.92937e-07
8770.0	3.27278e-07
8780.0	1.97716e-07
8790.0	2.03427e-07
8800.0	2.32989e-07
8810.0	2.42007e-07
8820.0	2.2849e-07
8830.0	3.11464e-07
8840.0	3.87105e-07
8850.0	5.05707e-07
8860.0	5.35579e-07
8870.0	4.95156e-07
8880.0	5.09416e-07
8890.0	5.00541e-07
8900.0	9.79955e-07
8910.0	7.06078e-07
8920.0	7.54422e-07
8930.0	7.19726e-07
8940.0	9.82649e-07
8950.0	1.74812e-06
8960.0	1.12782e-06
8970.0	8.73212e-07
8980.0	1.17739e-07
8990.0	1.45591e-07
9000.0	9.77395e-08
9010.0	1.05035e-07
9020.0	8.00189e-08
9030.0	1.23117e-07
9040.0	1.70295e-07
9050.0	2.21565e-07
9060.0	2.10646e-07
9070.0	1.67125e-07
9080.0	1.55161e-07
9090.0	1.71447e-07
9100.0	1.6404e-07
9110.0	1.94409e-07
9120.0	2.55241e-07
9130.0	3.05191e-07
9140.0	3.07828e-07
9150.0	2.571e-07
9160.0	2.96328e-07
9170.0	2.87362e-07
9180.0	2.79597e-07
9190.0	2.88492e-07
9200.0	2.90796e-07
9210.0	3.28084e-07
9220.0	3.46543e-07
9230.0	3.66675e-07
9240.0	3.95396e-07
9250.0	3.69612e-07
9260.0	3.39644e-07
9270.0	3.68932e-07
9280.0	4.71206e-07
9290.0	5.95594e-07
9300.0	5.72014e-07
9310.0	5.68457e-07
9320.0	5.83697e-07
9330.0	6.01381e-07
9340.0	5.94196e-07
9350.0	5.93359e-07
9360.0	6.60061e-07
9370.0	6.52035e-07
9380.0	6.53427e-07
9390.0	5.89713e-07
9400.0	5.59723e-07
9410.0	5.00193e-07
9420.0	5.52772e-07
9430.0	5.77237e-07
9440.0	5.61833e-07
9450.0	4.85358e-07
9460.0	5.17292e-07
9470.0	6.00543e-07
9480.0	6.69726e-07
9490.0	6.07116e-07
9500.0	6.17609e-07
9510.0	6.35894e-07
9520.0	7.33369e-07
9530.0	7.83231e-07
9540.0	7.90322e-07
9550.0	7.64509e-07
9560.0	7.43623e-07
9570.0	8.32067e-07
9580.0	8.49761e-07
9590.0	7.83403e-07
9600.0	6.88276e-07
9610.0	6.51617e-07
9620.0	6.00541e-07
9630.0	5.86202e-07
9640.0	5.84614e-07
9650.0	6.86912e-07
9660.0	6.93083e-07
9670.0	6.87711e-07
9680.0	7.36831e-07
9690.0	7.84456e-07
9700.0	8.26215e-07
9710.0	8.07925e-07
9720.0	8.3947e-07
9730.0	8.07624e-07
9740.0	7.54101e-07
9750.0	7.20835e-07
9760.0	7.1381e-07
9770.0	6.4127e-07
9780.0	5.10825e-07
9790.0	5.05132e-07
9800.0	5.42311e-07
9810.0	6.16585e-07
9820.0	5.50596e-07
9830.0	5.18195e-07
9840.0	5.09983e-07
9850.0	6.05292e-07
9860.0	7.00406e-07
9870.0	6.66849e-07
9880.0	6.83093e-07
9890.0	7.09788e-07
9900.0	7.83328e-07
9910.0	7.28639e-07
9920.0	6.57656e-07
9930.0	6.54249e-07
9940.0	7.0913e-07
9950.0	7.40681e-07
9960.0	7.40182e-07
9970.0	1.02756e-06
9980.0	2.54807e-06
9990.0	4.28166e-06
10000.0	5.09931e-06
10009.999999999998	4.68646e-06
10020.0	4.14436e-06
10029.999999999998	4.20942e-06
10040.0	4.61e-06
10049.999999999998	4.6223e-06
10060.0	4.90634e-06
10069.999999999998	4.58631e-06
10080.0	4.50602e-06
10089.999999999998	4.2945e-06
10100.0	4.12564e-06
10109.999999999998	4.19808e-06
10120.0	4.4934e-06
10129.999999999998	4.47951e-06
10140.0	4.21751e-06
10149.999999999998	3.99581e-06
10160.0	4.19975e-06
10169.999999999998	4.62362e-06
10180.0	4.52427e-06
10189.999999999998	4.35333e-06
10200.0	4.22383e-06
10209.999999999998	4.22777e-06
10220.0	4.37003e-06
10230.0	4.09892e-06
10240.0	3.86303e-06
10250.0	4.11791e-06
10260.0	4.64114e-06
10270.0	4.58641e-06
10280.0	3.99336e-06
10290.0	3.84458e-06
10300.0	4.05268e-06
10310.0	4.25298e-06
10320.0	4.07101e-06
10330.0	3.90121e-06
10340.0	3.54091e-06
10350.0	3.40662e-06
10360.0	3.34025e-06
10370.0	3.71871e-06
10380.0	3.63154e-06
10390.0	3.6643e-06
10400.0	3.21928e-06
10410.0	3.12417e-06
10420.0	3.01997e-06
10430.0	3.14055e-06
10440.0	3.16543e-06
10450.0	3.27768e-06
10460.0	3.69407e-06
10470.0	3.51382e-06
10480.0	3.36973e-06
10490.0	3.09017e-06
10500.0	3.17754e-06
10510.0	3.22014e-06
10520.0	3.25506e-06
10530.0	3.53163e-06
10540.0	3.55519e-06
10550.0	3.37036e-06
10560.0	3.30253e-06
10570.0	3.20326e-06
10580.0	3.15169e-06
10590.0	2.78486e-06
10600.0	2.68675e-06
10610.0	2.80422e-06
10620.0	2.85466e-06
10630.0	3.3272e-06
10640.0	3.3669e-06
10650.0	3.57632e-06
10660.0	3.21107e-06
10670.0	3.08268e-06
10680.0	3.00331e-06
10690.0	2.93502e-06
10700.0	3.06001e-06
10710.0	3.18329e-06
10720.0	3.68479e-06
10730.0	3.79291e-06
10740.0	3.97744e-06
10750.0	3.5709e-06
10760.0	3.38726e-06
10770.0	3.2429e-06
10780.0	3.03394e-06
10790.0	3.15978e-06
10800.0	2.97882e-06
10810.0	3.14251e-06
10820.0	3.07873e-06
10830.0	2.94444e-06
10840.0	3.11355e-06
10850.0	2.93418e-06
10860.0	3.08108e-06
10870.0	3.01861e-06
10880.0	3.04728e-06
10890.0	2.93208e-06
10900.0	3.1962e-06
10910.0	3.36082e-06
10920.0	3.71183e-06
10930.0	3.27318e-06
10940.0	3.24886e-06
10950.0	2.84944e-06
10960.0	3.01585e-06
10970.0	3.00795e-06
10980.0	3.42529e-06
10990.0	3.3651e-06
11000.0	3.47462e-06
11010.0	3.43806e-06
11020.0	3.36566e-06
11030.0	3.39045e-06
11040.000000000002	3.34222e-06
11050.0	3.52473e-06
11060.000000000002	3.58848e-06
11070.0	3.67303e-06
11080.000000000002	3.47552e-06
11090.0	3.46389e-06
11100.000000000002	3.18846e-06
11110.0	3.31876e-06
11120.000000000002	3.14523e-06
11130.0	3.42234e-06
11140.000000000002	3.48618e-06
11150.0	3.10882e-06
11160.000000000002	2.64552e-06
11170.0	2.56492e-06
11180.000000000002	2.96007e-06
11190.0	3.01741e-06
11200.000000000002	2.81356e-06
11210.0	2.64301e-06
11220.000000000002	2.42671e-06
11230.0	2.5472e-06
11240.000000000002	2.61815e-06
11250.0	2.96427e-06
11259.999999999998	2.96537e-06
11270.0	2.80146e-06
11279.999999999998	2.64582e-06
11290.0	2.64067e-06
11299.999999999998	2.91671e-06
11310.0	3.08191e-06
11319.999999999998	2.80356e-06
11330.0	2.50786e-06
11339.999999999998	2.67796e-06
11350.0	3.12967e-06
11359.999999999998	3.47465e-06
11370.0	3.18729e-06
11379.999999999998	2.83848e-06
11390.0	2.73861e-06
11399.999999999998	2.78582e-06
11410.0	2.70989e-06
11419.999999999998	2.683e-06
11430.0	2.71419e-06
11439.999999999998	2.76315e-06
11450.0	2.62286e-06
11459.999999999998	2.76795e-06
11470.0	3.11058e-06
11480.0	3.59367e-06
11490.0	3.47889e-06
11500.0	3.13387e-06
11510.0	2.52642e-06
11520.0	2.51171e-06
11530.0	2.58175e-06
11540.0	2.81265e-06
11550.0	2.89753e-06
11560.0	3.07722e-06
11570.0	3.16599e-06
11580.0	2.92248e-06
11590.0	2.85245e-06
11600.0	2.73344e-06
11610.0	2.95665e-06
11620.0	3.04372e-06
11630.0	3.36624e-06
11640.0	3.36352e-06
11650.0	3.46935e-06
11660.0	3.10554e-06
11670.0	2.83857e-06
11680.0	2.71966e-06
11690.0	2.86724e-06
11700.0	2.86762e-06
11710.0	2.85172e-06
11720.0	2.68105e-06
11730.0	2.9984e-06
11740.0	2.96252e-06
11750.0	3.13739e-06
11760.0	2.99067e-06
11770.0	2.79167e-06
11780.0	2.55224e-06
11790.0	2.37027e-06
11800.0	2.67824e-06
11810.0	2.96812e-06
11820.0	3.33227e-06
11830.0	3.28129e-06
11840.0	3.40595e-06
11850.0	3.44876e-06
11860.0	3.31712e-06
11870.0	3.17958e-06
11880.0	3.10527e-06
11890.0	2.98981e-06
11900.0	2.87029e-06
11910.0	3.15332e-06
11920.0	3.59583e-06
11930.0	3.79879e-06
11940.0	3.49558e-06
11950.0	3.13459e-06
11960.0	2.85441e-06
11970.0	2.70865e-06
11980.0	2.84951e-06
11990.0	3.19754e-06
12000.0	3.45097e-06
12010.0	3.48426e-06
12020.0	3.27321e-06
12030.0	3.14489e-06
12040.0	2.94408e-06
12050.0	2.99008e-06
12060.0	2.9178e-06
12070.0	3.42219e-06
12080.0	3.54043e-06
12090.0	3.52733e-06
12100.0	3.38523e-06
12110.0	3.61691e-06
12120.0	3.73978e-06
12130.0	3.69704e-06
12140.0	3.56157e-06
12150.0	3.86409e-06
12160.0	3.92865e-06
12170.0	3.94223e-06
12180.0	3.94314e-06
12190.0	4.04418e-06
12200.0	4.18602e-06
12210.0	3.93441e-06
12220.0	4.02299e-06
12230.0	3.78287e-06
12240.0	3.72415e-06
12250.0	3.65837e-06
12260.0	4.22563e-06
12270.0	4.91783e-06
12280.0	5.25758e-06
12290.000000000002	5.21006e-06
12300.0	5.35765e-06
12310.000000000002	5.65595e-06
12320.0	5.8463e-06
12330.000000000002	5.88063e-06
12340.0	6.02698e-06
12350.000000000002	6.41179e-06
12360.0	6.74611e-06
12370.000000000002	6.79064e-06
12380.0	6.90003e-06
12390.000000000002	6.99093e-06
12400.0	7.40927e-06
12410.000000000002	7.52334e-06
12420.0	8.20572e-06
12430.000000000002	8.43629e-06
12440.0	8.94276e-06
12450.000000000002	9.05386e-06
12460.0	9.79341e-06
12470.000000000002	1.04241e-05
12480.0	1.11124e-05
12490.000000000002	1.19741e-05
12500.0	1.32194e-05
12509.999999999998	1.44596e-05
12520.0	1.57803e-05
12529.999999999998	1.70721e-05
12540.0	1.89296e-05
12549.999999999998	2.06774e-05
12560.0	2.28254e-05
12569.999999999998	2.48091e-05
12580.0	2.69462e-05
12589.999999999998	2.92605e-05
12600.0	3.1939e-05
12609.999999999998	3.51473e-05
12620.0	3.81282e-05
12629.999999999998	4.19289e-05
12640.0	4.64177e-05
12649.999999999998	5.16209e-05
12660.0	5.72735e-05
12669.999999999998	6.32634e-05
12680.0	7.02873e-05
12689.999999999998	7.80152e-05
12700.0	8.70528e-05
12709.999999999998	9.72594e-05
12720.0	0.000109211
12730.0	0.000122916
12740.0	0.000139247
12750.0	0.000157979
12760.0	0.000179855
12770.0	0.000204737
12780.0	0.000233552
12790.0	0.000266738
12800.0	0.000305579
12810.0	0.000350231
12820.0	0.000401838
12830.0	0.000461314
12840.0	0.000530277
12850.0	0.0006107
12860.0	0.000704685
12870.0	0.000813411
12880.0	0.000939451
12890.0	0.00108789
12900.0	0.00125973
12910.0	0.00146113
12920.0	0.0017004
12930.0	0.00198488
12940.0	0.00232297
12950.0	0.00272763
12960.0	0.0032175
12970.0	0.00381672
12980.0	0.00454715
12990.0	0.00544829
13000.0	0.00655382
13010.0	0.00791709
13020.0	0.0096022
13030.0	0.011674
13040.0	0.0141982
13050.0	0.0170703
13060.0	0.019955
13070.0	0.0228469
13080.0	0.0253775
13090.0	0.0275602
13100.0	0.0298206
13110.0	0.0328783
13120.0	0.0367585
13130.0	0.0411224
13140.0	0.0460551
13150.0	0.0517646
13160.0	0.0586666
13170.0	0.0664055
13180.0	0.0762218
13190.0	0.088225
13200.0	0.103626
13210.0	0.121925
13220.0	0.143655
13230.0	0.168711
13240.0	0.198185
13250.0	0.23109
13260.0	0.269183
13270.0	0.312372
13280.0	0.361197
13290.0	0.414519
13300.0	0.471957
13310.0	0.531333
13320.0	0.589897
13330.0	0.646932
13340.0	0.700945
13350.0	0.749645
13360.0	0.791434
13370.0	0.826787
13380.0	0.855889
13390.0	0.877549
13400.0	0.892708
13410.0	0.904096
13420.0	0.913013
13430.0	0.918519
13440.0	0.921479
13450.0	0.9235
13460.0	0.926393
13470.0	0.930518
13480.0	0.932027
13490.0	0.933485
13500.0	0.932801
13510.0	0.933691
13520.0	0.933832
13530.0	0.933952
13540.000000000002	0.933803
13550.0	0.933361
13560.000000000002	0.932732
13570.0	0.93109
13580.000000000002	0.930193
13590.0	0.930466
13600.000000000002	0.931271
13610.0	0.931331
13620.000000000002	0.931342
13630.0	0.930954
13640.000000000002	0.930578
13650.0	0.931039
13660.000000000002	0.931256
13670.0	0.930674
13680.000000000002	0.92936
13690.0	0.9273
13700.000000000002	0.926016
13710.0	0.925974
13720.000000000002	0.9256
13730.0	0.924457
13740.000000000002	0.922451
13750.0	0.920929
13759.999999999998	0.920454
13770.0	0.920273
13779.999999999998	0.919901
13790.0	0.918425
13799.999999999998	0.91766
13810.0	0.91682
13819.999999999998	0.916544
13830.0	0.91488
13839.999999999998	0.913185
13850.0	0.912023
13859.999999999998	0.911185
13870.0	0.909471
13879.999999999998	0.907959
13890.0	0.906844
13899.999999999998	0.908503
13910.0	0.909556
13919.999999999998	0.910796
13930.0	0.911183
13939.999999999998	0.911607
13950.0	0.912919
13959.999999999998	0.913216
13970.0	0.913896
13980.0	0.913963
13990.0	0.913706
14000.0	0.91361
14010.0	0.913231
14020.0	0.913851
14030.0	0.913793
14040.0	0.914822
14050.0	0.916217
14060.0	0.916503
14070.0	0.916963
14080.0	0.917963
14090.0	0.921088
14100.0	0.923301
14110.0	0.924697
14120.0	0.926098
14130.0	0.927934
14140.0	0.928343
14150.0	0.93
14160.0	0.931905
14170.0	0.93341
14180.0	0.933135
14190.0	0.933301
14200.0	0.933719
14210.0	0.935537
14220.0	0.936748
14230.0	0.939324
14240.0	0.941037
14250.0	0.942136
14260.0	0.941984
14270.0	0.942333
14280.0	0.943102
14290.0	0.944515
14300.0	0.944254
14310.0	0.943479
14320.0	0.943201
14330.0	0.942728
14340.0	0.94116
14350.0	0.939248
14360.0	0.936746
14370.0	0.935121
14380.0	0.933539
14390.0	0.932806
14400.0	0.933261
14410.0	0.934583
14420.0	0.93656
14430.0	0.938688
14440.0	0.938295
14450.0	0.937639
14460.0	0.936729
14470.0	0.937971
14480.0	0.939224
14490.0	0.941015
14500.0	0.941868
14510.0	0.943449
14520.0	0.943511
14530.0	0.944304
14540.0	0.945015
14550.0	0.946593
14560.0	0.946846
14570.0	0.945786
14580.0	0.945312
14590.0	0.944679
14600.0	0.943223
14610.0	0.940886
14620.0	0.938887
14630.0	0.935017
14640.0	0.93204
14650.0	0.927675
14660.0	0.924729
14670.0	0.921348
14680.0	0.917022
14690.0	0.911858
14700.0	0.907142
14710.0	0.903068
14720.0	0.899697
14730.0	0.898881
14740.0	0.898671
14750.0	0.898412
14760.0	0.898094
14770.0	0.899444
14780.0	0.901009
14790.000000000002	0.902707
14800.0	0.905566
14810.000000000002	0.910457
14820.0	0.915547
14830.000000000002	0.918891
14840.0	0.922376
14850.000000000002	0.92633
14860.0	0.930266
14870.000000000002	0.93343
14880.0	0.936761
14890.000000000002	0.939136
14900.0	0.942093
14910.000000000002	0.944019
14920.0	0.945436
14930.000000000002	0.944378
14940.0	0.94186
14950.000000000002	0.94101
14960.0	0.942429
14970.000000000002	0.945016
14980.0	0.946065
14990.000000000002	0.946693
15000.0	0.947286
15009.999999999998	0.947062
15020.0	0.946277
15029.999999999998	0.946998
15040.0	0.94983
15049.999999999998	0.951461
15060.0	0.952225
15069.999999999998	0.95229
15080.0	0.953328
15089.999999999998	0.955063
15100.0	0.956487
15109.999999999998	0.95856
15120.0	0.959759
15129.999999999998	0.961765
15140.0	0.962306
15149.999999999998	0.962883
15160.0	0.963756
15169.999999999998	0.964314
15180.0	0.963833
15189.999999999998	0.963504
15200.0	0.963543
15209.999999999998	0.962103
15220.0	0.960096
15230.0	0.956681
15240.0	0.954306
15250.0	0.953791
15260.0	0.952821
15270.0	0.951736
15280.0	0.950312
15290.0	0.947334
15300.0	0.945921
15310.0	0.946099
15320.0	0.946667
15330.0	0.946067
15340.0	0.945126
15350.0	0.944453
15360.0	0.944004
15370.0	0.945029
15380.0	0.945035
15390.0	0.946038
15400.0	0.944292
15410.0	0.944338
15420.0	0.943592
15430.0	0.943869
15440.0	0.941836
15450.0	0.939536
15460.0	0.937543
15470.0	0.935108
15480.0	0.932583
15490.0	0.931112
15500.0	0.929988
15510.0	0.929648
15520.0	0.927508
15530.0	0.926784
15540.0	0.926761
15550.0	0.926903
15560.0	0.926969
15570.0	0.927879
15580.0	0.929995
15590.0	0.931896
15600.0	0.931559
15610.0	0.931379
15620.0	0.931394
15630.0	0.93149
15640.0	0.932409
15650.0	0.934084
15660.0	0.936767
15670.0	0.937274
15680.0	0.937263
15690.0	0.936422
15700.0	0.936315
15710.0	0.936181
15720.0	0.937671
15730.0	0.938999
15740.0	0.939094
15750.0	0.93878
15760.0	0.939737
15770.0	0.941947
15780.0	0.944283
15790.0	0.946573
15800.0	0.949425
15810.0	0.952107
15820.0	0.95456
15830.0	0.956578
15840.0	0.958663
15850.0	0.960989
15860.0	0.962412
15870.0	0.96357
15880.0	0.96519
15890.0	0.967656
15900.0	0.96877
15910.0	0.968753
15920.0	0.967659
15930.0	0.968147
15940.0	0.967746
15950.0	0.968402
15960.0	0.967931
15970.0	0.9666
15980.0	0.965579
15990.0	0.964915
16000.0	0.966064
16010.0	0.964436
16020.0	0.963662
16030.0	0.9639
16040.000000000002	0.966131
16050.0	0.966142
16060.000000000002	0.963948
16070.0	0.963993
16080.000000000002	0.964145
16090.0	0.965599
16100.000000000002	0.965956
16110.0	0.96815
16120.000000000002	0.969732
16130.0	0.970353
16140.000000000002	0.970037
16150.0	0.970378
16160.000000000002	0.96908
16170.0	0.968124
16180.000000000002	0.966672
16190.0	0.965813
16200.000000000002	0.965048
16210.0	0.962857
16220.000000000002	0.96125
16230.0	0.959832
16240.000000000002	0.959073
16250.0	0.959034
16259.999999999998	0.958895
16270.0	0.959194
16279.999999999998	0.960099
16290.0	0.960161
16299.999999999998	0.959436
16310.0	0.958557
16319.999999999998	0.958332
16330.0	0.959694
16339.999999999998	0.962218
16350.0	0.962353
16359.999999999998	0.961274
16370.0	0.959667
16379.999999999998	0.959151
16390.0	0.959489
16400.0	0.959079
16410.0	0.957826
16420.0	0.95663
16430.0	0.953866
16440.0	0.952502
16450.0	0.950832
16460.0	0.950007
16470.0	0.949064
16480.0	0.9473
16490.0	0.945917
16500.0	0.945178
16510.0	0.945054
16520.0	0.945972
16530.0	0.94774
16540.0	0.950016
16550.0	0.951314
16560.0	0.954226
16570.0	0.954796
16580.0	0.953347
16590.0	0.94851
16600.0	0.940755
16610.0	0.928727
16620.0	0.909015
16630.0	0.881781
16640.0	0.846939
16650.0	0.805639
16660.0	0.755709
16670.0	0.700178
16680.0	0.640351
16690.0	0.579633
16700.0	0.517734
16710.0	0.457332
16720.0	0.399207
16730.0	0.345219
16740.0	0.296428
16750.0	0.25332
16760.0	0.216961
16770.0	0.187184
16780.0	0.162825
16790.0	0.14284
16800.0	0.125035
16810.0	0.1096
16820.0	0.0958532
16830.0	0.0847551
16840.0	0.0752838
16850.0	0.067352
16860.0	0.0595861
16870.0	0.0519896
16880.0	0.0443704
16890.0	0.0374943
16900.0	0.0315148
16910.0	0.0265166
16920.0	0.0222416
16930.0	0.0186749
16940.0	0.0156564
16950.0	0.0131649
16960.0	0.0110804
16970.0	0.00936017
16980.0	0.00792179
16990.0	0.00672386
17000.0	0.00571537
17010.0	0.00487741
17020.0	0.00417705
17030.0	0.0035877
17040.0	0.00309022
17050.0	0.00266811
17060.0	0.0023121
17070.0	0.0020114
17080.0	0.00175399
17090.0	0.00153504
17100.0	0.00134681
17110.0	0.00118478
17120.0	0.00104378
17130.0	0.000921549
17140.0	0.000816747
17150.0	0.000726493
17160.0	0.000648754
17170.0	0.000579911
17180.0	0.000517476
17190.0	0.00046373
17200.0	0.000416321
17210.0	0.000376577
17220.0	0.000339019
17230.0	0.00030608
17240.0	0.000276793
17250.0	0.000251109
17260.0	0.000227579
17270.0	0.000206032
17280.0	0.000187622
17290.0	0.000171771
17300.0	0.00015717
17310.0	0.00014323
17320.0	0.000130545
17330.0	0.000119633
17340.0	0.000110637
17350.0	0.000101741
17360.0	9.38334e-05
17370.0	8.63809e-05
17380.0	7.93913e-05
17390.0	7.35584e-05
17400.0	6.72727e-05
17410.0	6.22809e-05
17420.0	5.7193e-05
17430.0	5.36826e-05
17440.0	5.03384e-05
17450.0	4.63036e-05
17460.0	4.26247e-05
17470.0	3.93493e-05
17480.0	3.75524e-05
17490.0	3.55733e-05
17500.0	3.31834e-05
17510.0	3.08959e-05
17520.0	2.92877e-05
17530.0	2.84313e-05
17540.0	2.72272e-05
17550.0	2.48397e-05
17560.0	2.26495e-05
17570.0	2.1603e-05
17580.0	2.13981e-05
17590.0	2.15725e-05
17600.0	2.12824e-05
17610.0	2.0158e-05
17620.0	1.79659e-05
17630.0	1.69141e-05
17640.0	1.70049e-05
17650.0	1.78299e-05
17660.0	1.71654e-05
17670.0	1.59424e-05
17680.0	1.42353e-05
17690.0	1.36353e-05
17700.0	1.4044e-05
17710.0	1.45153e-05
17720.0	1.43447e-05
17730.0	1.32759e-05
17740.0	1.26138e-05
17750.0	1.25417e-05
17760.0	1.22164e-05
17770.0	1.17192e-05
17780.0	1.10945e-05
17790.0	1.1671e-05
17800.0	1.23198e-05
17810.0	1.26296e-05
17820.0	1.25252e-05
17830.0	1.2111e-05
17840.0	1.16716e-05
17850.0	1.02222e-05
17860.0	1.00909e-05
17870.0	9.31289e-06
17880.0	1.02611e-05
17890.0	1.06236e-05
17900.0	1.13427e-05
17910.0	1.15468e-05
17920.0	1.10757e-05
17930.0	1.03492e-05
17940.0	9.99295e-06
17950.0	1.01831e-05
17960.0	1.06432e-05
17970.0	1.04142e-05
17980.0	9.57589e-06
17990.0	9.00628e-06
18000.0	9.06661e-06
18010.0	9.92937e-06
18020.0	1.07116e-05
18030.0	1.02451e-05
18040.0	9.95246e-06
18050.0	9.91436e-06
18060.0	9.96361e-06
18070.0	9.75715e-06
18080.0	9.46783e-06
18090.0	1.06281e-05
18100.0	1.1516e-05
18110.0	1.24831e-05
18120.0	1.17734e-05
18130.0	1.14273e-05
18140.0	1.02218e-05
18150.0	1.09456e-05
18160.0	1.13475e-05
18170.0	1.27069e-05
18180.0	1.15294e-05
18190.0	1.09911e-05
18200.0	1.04118e-05
18210.0	1.02288e-05
18220.0	1.0016e-05
18230.0	1.07242e-05
18240.0	1.23656e-05
18250.0	1.24829e-05
18260.0	1.13402e-05
18270.0	9.66497e-06
18280.0	9.6348e-06
18290.0	9.79069e-06
18300.0	1.06236e-05
18310.0	1.13808e-05
18320.0	1.1135e-05
18330.0	1.0447e-05
18340.0	9.44557e-06
18350.0	9.15359e-06
18360.0	1.03296e-05
18370.0	1.03952e-05
18380.0	1.08862e-05
18390.0	1.01349e-05
18400.0	1.0905e-05
18410.0	1.07914e-05
18420.0	1.12954e-05
18430.0	1.08787e-05
18440.0	1.1681e-05
18450.0	1.09854e-05
18460.0	1.16233e-05
18470.0	1.20683e-05
18480.0	1.29547e-05
18490.0	1.15033e-05
18500.0	9.81517e-06
18510.0	9.47108e-06
18520.0	1.05098e-05
18530.0	1.11973e-05
18540.0	1.08109e-05
18550.0	1.1824e-05
18560.0	1.23893e-05
18570.0	1.2335e-05
18580.0	9.95558e-06
18590.0	9.59926e-06
18600.0	1.0006e-05
18610.0	1.13276e-05
18620.0	1.23229e-05
18630.0	1.2385e-05
18640.0	1.19057e-05
18650.0	9.20528e-06
18660.0	8.5642e-06
18670.0	8.87636e-06
18680.0	1.06816e-05
18690.0	1.09983e-05
18700.0	1.04328e-05
18710.0	1.00961e-05
18720.0	1.01589e-05
18730.0	1.08135e-05
18740.0	1.07142e-05
18750.0	1.0723e-05
18760.0	1.15374e-05
18770.0	1.21537e-05
18780.0	1.18326e-05
18790.0	1.04867e-05
18800.0	1.02163e-05
18810.0	1.07802e-05
18820.0	1.06289e-05
18830.0	1.12826e-05
18840.0	1.13918e-05
18850.0	1.38478e-05
18860.0	1.32356e-05
18870.0	1.19391e-05
18880.0	1.03334e-05
18890.0	9.96252e-06
18900.0	1.08867e-05
18910.0	1.02436e-05
18920.0	1.15121e-05
18930.0	1.35552e-05
18940.0	1.39299e-05
18950.0	1.28966e-05
18960.0	1.0816e-05
18970.0	9.95263e-06
18980.0	1.05153e-05
18990.0	1.01007e-05
19000.0	1.136e-05
19010.0	1.09192e-05
19020.0	1.16568e-05
19030.0	1.18878e-05
19040.0	1.17951e-05
19050.0	1.02553e-05
19060.0	9.53727e-06
19070.0	8.74461e-06
19080.0	9.85946e-06
19090.0	1.10858e-05
19100.0	1.24516e-05
19110.0	1.34228e-05
19120.0	1.39454e-05
19130.0	1.37111e-05
19140.0	1.24762e-05
19150.0	1.11952e-05
19160.0	1.20763e-05
19170.0	1.32174e-05
19180.0	1.32215e-05
19190.0	1.16068e-05
19200.0	1.04996e-05
19210.0	9.96612e-06
19220.0	1.09406e-05
19230.0	1.15515e-05
19240.0	1.31081e-05
19250.0	1.21925e-05
19260.0	1.19278e-05
19270.0	1.11814e-05
19280.0	1.08445e-05
19290.0	1.073e-05
19300.0	1.02291e-05
19310.0	1.03268e-05
19320.0	1.06705e-05
19330.0	1.05171e-05
19340.0	1.13979e-05
19350.0	1.14022e-05
19360.0	1.09336e-05
19370.0	1.04641e-05
19380.0	1.02715e-05
19390.0	1.18189e-05
19400.0	1.13251e-05
19410.0	1.16496e-05
19420.0	1.07302e-05
19430.0	1.0928e-05
19440.0	1.02563e-05
19450.0	1.00475e-05
19460.0	1.04487e-05
19470.0	1.08669e-05
19480.0	1.08564e-05
19490.0	1.04998e-05
19500.0	9.87373e-06
19510.0	9.67714e-06
19520.0	9.80092e-06
19530.0	9.85724e-06
19540.0	9.81651e-06
19550.0	9.98962e-06
19560.0	1.13073e-05
19570.0	1.1232e-05
19580.0	1.04784e-05
19590.0	8.86513e-06
19600.0	1.0136e-05
19610.0	1.16699e-05
19620.0	1.32976e-05
19630.0	1.23514e-05
19640.0	1.13369e-05
19650.0	9.75457e-06
19660.0	9.8837e-06
19670.0	1.04802e-05
19680.0	1.0847e-05
19690.0	1.14757e-05
19700.0	1.11196e-05
19710.0	1.05719e-05
19720.0	9.56489e-06
19730.0	8.98568e-06
19740.0	9.62514e-06
19750.0	1.03049e-05
19760.0	1.15991e-05
19770.0	1.2124e-05
19780.0	1.2465e-05
19790.0	1.20129e-05
19800.0	1.14707e-05
19810.0	1.01121e-05
19820.0	9.34486e-06
19830.0	1.04712e-05
19840.0	1.2293e-05
19850.0	1.27921e-05
19860.0	1.27252e-05
19870.0	1.25171e-05
19880.0	1.29377e-05
19890.0	1.29663e-05
19900.0	1.26048e-05
19910.0	1.32368e-05
19920.0	1.19132e-05
19930.0	1.22686e-05
19940.0	1.11341e-05
19950.0	1.25576e-05
19960.0	1.17121e-05
19970.0	1.19336e-05
19980.0	1.22873e-05
19990.0	1.31942e-05
20000.0	1.3086e-05
20010.0	1.24976e-05
20019.999999999996	1.23372e-05
20030.0	1.18674e-05
20040.0	1.06087e-05
20050.0	9.53535e-06
20059.999999999996	1.02784e-05
20070.0	1.09297e-05
20080.0	1.03951e-05
20090.0	9.30229e-06
20099.999999999996	9.18865e-06
20110.0	1.06112e-05
20120.0	1.17216e-05
20130.0	1.15789e-05
20139.999999999996	1.04906e-05
20150.0	9.81607e-06
20160.0	1.11843e-05
20170.0	1.18523e-05
20179.999999999996	1.11947e-05
20190.0	9.40619e-06
20200.0	9.31033e-06
20210.0	1.04369e-05
20219.999999999996	9.88647e-06
20230.0	8.51601e-06
20240.0	9.46287e-06
20250.0	1.15863e-05
20259.999999999996	1.27036e-05
20270.0	1.10854e-05
20280.0	1.09065e-05
20290.0	1.16946e-05
20299.999999999996	1.23329e-05
20310.0	1.1362e-05
20320.0	1.13404e-05
20330.0	1.12082e-05
20339.999999999996	1.17098e-05
20350.0	1.22657e-05
20360.0	1.22141e-05
20370.0	1.12139e-05
20379.999999999996	1.0001e-05
20390.0	1.06966e-05
20400.0	1.10836e-05
20410.0	1.06089e-05
20419.999999999996	9.54691e-06
20430.0	9.18567e-06
20440.0	9.77611e-06
20450.0	8.82909e-06
20460.0	9.31845e-06
20470.0	9.77533e-06
20480.0	1.12436e-05
20490.0	1.21878e-05
20500.0	1.2187e-05
20510.0	1.21662e-05
20520.0	1.19222e-05
20530.0	1.15375e-05
20540.0	1.17231e-05
20550.0	1.04895e-05
20560.0	9.85547e-06
20570.0	9.50308e-06
20580.0	1.06337e-05
20590.0	1.06883e-05
20600.0	1.1424e-05
20610.0	1.13022e-05
20620.0	1.06093e-05
20630.0	1.01292e-05
20640.0	1.09035e-05
20650.0	1.25603e-05
20660.0	1.18835e-05
20670.0	1.03664e-05
20680.0	1.08727e-05
20690.0	1.15913e-05
20700.0	1.32166e-05
20710.0	1.19379e-05
20720.0	1.24105e-05
20730.0	1.01603e-05
20740.0	9.96015e-06
20750.0	1.04209e-05
20760.0	1.10888e-05
20770.0	1.20178e-05
20780.0	1.19801e-05
20790.0	1.29442e-05
20800.0	1.29296e-05
20810.0	1.15536e-05
20820.0	1.024e-05
20830.000000000004	9.889e-06
20840.0	1.07428e-05
20850.0	1.18804e-05
20860.0	1.23907e-05
20870.000000000004	1.20796e-05
20880.0	1.11345e-05
20890.0	1.10838e-05
20900.0	1.16929e-05
20910.000000000004	1.23493e-05
20920.0	1.1864e-05
20930.0	1.1539e-05
20940.0	1.18604e-05
20950.000000000004	1.13426e-05
20960.0	1.11468e-05
20970.0	1.0883e-05
20980.0	1.13288e-05
20990.000000000004	1.16992e-05
21000.0	1.16578e-05
21010.0	1.10936e-05
21020.0	1.01544e-05
21030.000000000004	1.06742e-05
21040.0	1.19692e-05
21050.0	1.12818e-05
21060.0	1.10907e-05
21070.000000000004	9.83705e-06
21080.0	1.03182e-05
21090.0	1.0122e-05
21100.0	1.03798e-05
21110.000000000004	1.16844e-05
21120.0	1.2211e-05
21130.0	1.18196e-05
21140.0	1.16956e-05
21150.000000000004	1.20231e-05
21160.0	1.34735e-05
21170.0	1.26277e-05
21180.0	1.2011e-05
21190.000000000004	1.14595e-05
21200.0	1.2057e-05
21210.0	1.19959e-05
21220.0	1.25063e-05
21230.000000000004	1.30087e-05
21240.0	1.24497e-05
21250.0	1.18983e-05
21260.0	1.04723e-05
21269.999999999996	1.01646e-05
21280.0	9.72882e-06
21290.0	9.58017e-06
21300.0	9.98051e-06
21309.999999999996	1.07185e-05
21320.0	1.23903e-05
21330.0	1.25046e-05
21340.0	1.2697e-05
21349.999999999996	1.1473e-05
21360.0	1.10562e-05
21370.0	1.19972e-05
21380.0	1.17421e-05
21389.999999999996	1.22274e-05
21400.0	1.15839e-05
21410.0	1.28298e-05
21420.0	1.34032e-05
21429.999999999996	1.2694e-05
21440.0	1.2863e-05
21450.0	1.17501e-05
21460.0	1.31038e-05
21469.999999999996	1.26695e-05
21480.0	1.3773e-05
21490.0	1.27939e-05
21500.0	1.18888e-05
21509.999999999996	1.25797e-05
21520.0	1.26874e-05
21530.0	1.31548e-05
21540.0	1.16961e-05
21549.999999999996	1.19915e-05
21560.0	1.24441e-05
21570.0	1.24908e-05
21580.0	1.08253e-05
21589.999999999996	1.03478e-05
21600.0	1.15049e-05
21610.0	1.1895e-05
21620.0	1.26554e-05
21629.999999999996	1.20322e-05
21640.0	1.17808e-05
21650.0	1.09282e-05
21660.0	1.07409e-05
21669.999999999996	1.13249e-05
21680.0	1.06294e-05
21690.0	1.00834e-05
21700.0	9.64644e-06
21710.0	1.0318e-05
21720.0	1.03282e-05
21730.0	9.90824e-06
21740.0	9.61331e-06
21750.0	1.10043e-05
21760.0	1.14594e-05
21770.0	1.10091e-05
21780.0	8.88649e-06
21790.0	8.2055e-06
21800.0	9.30169e-06
21810.0	1.11555e-05
21820.0	1.21253e-05
21830.0	1.07404e-05
21840.0	8.7659e-06
21850.0	8.79662e-06
21860.0	9.8068e-06
21870.0	1.09622e-05
21880.0	1.09349e-05
21890.0	1.17546e-05
21900.0	1.16289e-05
21910.0	1.19199e-05
21920.0	1.16287e-05
21930.0	1.14246e-05
21940.0	1.1033e-05
21950.0	1.03374e-05
21960.0	1.08832e-05
21970.0	1.12457e-05
21980.0	1.22284e-05
21990.0	1.34416e-05
22000.0	1.46885e-05
22010.0	1.39753e-05
22020.0	1.36299e-05
22030.0	1.27544e-05
22040.0	1.35162e-05
22050.0	1.31643e-05
22060.0	1.37324e-05
22070.0	1.33812e-05
22080.000000000004	1.28569e-05
22090.0	1.31908e-05
22100.0	1.42782e-05
22110.0	1.31774e-05
22120.000000000004	1.32574e-05
22130.0	1.3294e-05
22140.0	1.69669e-05
22150.0	1.66631e-05
22160.000000000004	1.60796e-05
22170.0	1.56777e-05
22180.0	1.63701e-05
22190.0	1.73967e-05
22200.000000000004	1.54988e-05
22210.0	1.36478e-05
22220.0	1.26982e-05
22230.0	1.45225e-05
22240.000000000004	1.61265e-05
22250.0	1.46384e-05
22260.0	1.42373e-05
22270.0	1.40253e-05
22280.000000000004	1.61552e-05
22290.0	1.626e-05
22300.0	1.63907e-05
22310.0	1.66677e-05
22320.000000000004	1.70048e-05
22330.0	1.63781e-05
22340.0	1.62352e-05
22350.0	1.50929e-05
22360.000000000004	1.58981e-05
22370.0	1.5336e-05
22380.0	1.39838e-05
22390.0	1.37809e-05
22400.000000000004	1.43572e-05
22410.0	1.51136e-05
22420.0	1.55528e-05
22430.0	1.62294e-05
22440.000000000004	1.73657e-05
22450.0	1.65255e-05
22460.0	1.65262e-05
22470.0	1.62335e-05
22480.000000000004	1.50413e-05
22490.0	1.32722e-05
22500.0	1.33194e-05
22510.0	1.69097e-05
22519.999999999996	1.69157e-05
22530.0	1.78917e-05
22540.0	1.58258e-05
22550.0	1.74591e-05
22559.999999999996	1.72178e-05
22570.0	1.89912e-05
22580.0	1.89921e-05
22590.0	1.92351e-05
22599.999999999996	1.62601e-05
22610.0	1.56478e-05
22620.0	1.52909e-05
22630.0	1.94638e-05
22639.999999999996	2.06862e-05
22650.0	2.1085e-05
22660.0	1.73796e-05
22670.0	1.49975e-05
22679.999999999996	1.27174e-05
22690.0	1.24317e-05
22700.0	1.25853e-05
22710.0	1.27465e-05
22719.999999999996	1.38986e-05
22730.0	1.4496e-05
22740.0	1.37042e-05
22750.0	1.21318e-05
22759.999999999996	1.02293e-05
22770.0	1.03297e-05
22780.0	1.05656e-05
22790.0	1.03245e-05
22799.999999999996	1.02808e-05
22810.0	9.43051e-06
22820.0	1.01514e-05
22830.0	1.00536e-05
22839.999999999996	9.76481e-06
22850.0	8.89033e-06
22860.0	8.44927e-06
22870.0	8.29955e-06
22879.999999999996	8.06296e-06
22890.0	7.7327e-06
22900.0	6.56491e-06
22910.0	6.47802e-06
22919.999999999996	6.15563e-06
22930.0	7.25768e-06
22940.0	6.90275e-06
22950.0	6.52418e-06
22960.0	6.16922e-06
22970.0	5.7984e-06
22980.0	5.71925e-06
22990.0	4.87696e-06
23000.0	5.07466e-06
23010.0	5.22143e-06
23020.0	5.61817e-06
23030.0	5.67885e-06
23040.0	5.28562e-06
23050.0	5.11888e-06
23060.0	4.51647e-06
23070.0	4.70944e-06
23080.0	5.0243e-06
23090.0	5.30138e-06
23100.0	5.3428e-06
23110.0	5.11045e-06
23120.0	5.16842e-06
23130.0	5.14785e-06
23140.0	4.80893e-06
23150.0	4.61002e-06
23160.0	3.89124e-06
23170.0	4.06652e-06
23180.0	4.15992e-06
23190.0	4.1266e-06
23200.0	3.41094e-06
23210.0	2.9975e-06
23220.0	3.10187e-06
23230.0	3.28376e-06
23240.0	3.15787e-06
23250.0	2.7095e-06
23260.0	2.53962e-06
23270.0	2.60946e-06
23280.0	2.89665e-06
23290.0	2.61886e-06
23300.0	2.34295e-06
23310.0	1.98049e-06
23320.0	2.16701e-06
23330.000000000004	2.1042e-06
23340.0	2.01415e-06
23350.0	1.78516e-06
23360.0	1.64858e-06
23370.000000000004	1.61134e-06
23380.0	1.63464e-06
23390.0	1.61806e-06
23400.0	1.63806e-06
23410.000000000004	1.46257e-06
23420.0	1.36311e-06
23430.0	1.31402e-06
23440.0	1.14961e-06
23450.000000000004	1.03054e-06
23460.0	8.82766e-07
23470.0	8.33304e-07
23480.0	7.43192e-07
23490.000000000004	7.02752e-07
23500.0	6.51265e-07
23510.0	5.77664e-07
23520.0	4.62877e-07
23530.000000000004	4.05015e-07
23540.0	3.72687e-07
23550.0	2.9743e-07
23560.0	2.4507e-07
23570.000000000004	2.02238e-07
23580.0	1.89277e-07
23590.0	1.6124e-07
23600.0	1.37796e-07
23610.000000000004	1.30364e-07
23620.0	1.25522e-07
23630.0	1.17532e-07
23640.0	1.02894e-07
23650.000000000004	8.62801e-08
23660.0	6.60417e-08
23670.0	6.03626e-08
23680.0	5.54185e-08
23690.000000000004	5.92879e-08
23700.0	4.91801e-08
23710.0	4.49157e-08
23720.0	3.28745e-08
23730.000000000004	2.88099e-08
23740.0	3.04551e-08
23750.0	3.12295e-08
23760.0	2.87214e-08
23769.999999999996	2.42314e-08
23780.0	2.57565e-08
23790.0	2.62126e-08
23800.0	2.53607e-08
23809.999999999996	2.45096e-08
23820.0	2.37793e-08
23830.0	2.3318e-08
23840.0	2.26204e-08
23849.999999999996	2.16319e-08
23860.0	2.01247e-08
23870.0	2.23694e-08
23880.0	2.37995e-08
23889.999999999996	2.50745e-08
23900.0	2.45181e-08
23910.0	1.83407e-08
23920.0	1.79387e-08
23929.999999999996	1.76949e-08
23940.0	1.94121e-08
23950.0	1.79887e-08
23960.0	1.71901e-08
23969.999999999996	1.66352e-08
23980.0	1.74522e-08
23990.0	1.7472e-08
24000.0	1.69156e-08
24009.999999999996	1.46345e-08
24020.0	1.15148e-08
24030.0	1.07104e-08
24040.0	0.0
24049.999999999996	0.0
24060.0	0.0
24070.0	0.0
24080.0	0.0
24089.999999999996	0.0
24100.0	0.0
24110.0	0.0
24120.0	0.0
24129.999999999996	0.0
24140.0	0.0
24150.0	0.0
24160.0	0.0
24169.999999999996	0.0
24180.0	0.0
24190.0	0.0
24200.0	0.0
24210.0	0.0
24220.0	0.0
24230.0	0.0
24240.0	0.0
24250.0	0.0
24260.0	0.0
24270.0	0.0
24280.0	0.0
24290.0	0.0
24300.0	0.0
24310.0	0.0
24320.0	0.0
24330.0	0.0
24340.0	0.0
24350.0	0.0
24360.0	0.0
24370.0	0.0
24380.0	0.0
24390.0	0.0
24400.0	0.0
24410.0	0.0
24420.0	0.0
24430.0	0.0
24440.0	0.0
24450.0	0.0
24460.0	0.0
24470.0	0.0
24480.0	0.0
24490.0	0.0
24500.0	0.0
24510.0	0.0
24520.0	0.0
24530.0	0.0
24540.0	0.0
24550.0	0.0
24560.0	0.0
24570.0	0.0
24580.000000000004	0.0
24590.0	0.0
24600.0	0.0
24610.0	0.0
24620.000000000004	0.0
24630.0	0.0
24640.0	0.0
24650.0	0.0
24660.000000000004	0.0
24670.0	0.0
24680.0	0.0
24690.0	0.0
24700.000000000004	0.0
24710.0	0.0
24720.0	0.0
24730.0	0.0
24740.000000000004	0.0
24750.0	0.0
24760.0	0.0
24770.0	0.0
24780.000000000004	0.0
24790.0	0.0
24800.0	0.0
24810.0	0.0
24820.000000000004	0.0
24830.0	0.0
24840.0	0.0
24850.0	0.0
24860.000000000004	0.0
24870.0	0.0
24880.0	0.0
24890.0	0.0
24900.000000000004	0.0
24910.0	0.0
24920.0	0.0
24930.0	0.0
24940.000000000004	0.0
24950.0	0.0
24960.0	0.0
24970.0	0.0
24980.000000000004	0.0
24990.0	0.0
25000.0	0.0
25010.0	0.0
25019.999999999996	0.0
25030.0	0.0
25040.0	0.0
25050.0	0.0
25059.999999999996	0.0
25070.0	0.0
25080.0	0.0
25090.0	0.0
25099.999999999996	0.0
25110.0	0.0
25120.0	0.0
25130.0	0.0
25139.999999999996	0.0
25150.0	0.0
25160.0	0.0
25170.0	0.0
25179.999999999996	0.0
25190.0	0.0
25200.0	0.0
25210.0	0.0
25219.999999999996	0.0
25230.0	0.0
25240.0	0.0
25250.0	0.0
25259.999999999996	0.0
25270.0	0.0
25280.0	0.0
25290.0	0.0
25299.999999999996	0.0
25310.0	0.0
25320.0	0.0
25330.0	0.0
25339.999999999996	0.0
25350.0	0.0
25360.0	0.0
25370.0	0.0
25379.999999999996	0.0
25390.0	0.0
25400.0	0.0
25410.0	0.0
25419.999999999996	0.0
25430.0	0.0
25440.0	0.0
25450.0	0.0
25460.0	0.0
25470.0	0.0
25480.0	0.0
25490.0	0.0
25500.0	0.0
25510.0	0.0
25520.0	0.0
25530.0	0.0
25540.0	0.0
25550.0	0.0
25560.0	0.0
25570.0	0.0
25580.0	0.0
25590.0	0.0
25600.0	0.0
25610.0	0.0
25620.0	0.0
25630.0	0.0
25640.0	0.0
25650.0	0.0
25660.0	0.0
25670.0	0.0
25680.0	0.0
25690.0	0.0
25700.0	0.0
25710.0	0.0
25720.0	0.0
25730.0	0.0
25740.0	0.0
25750.0	0.0
25760.0	0.0
25770.0	0.0
25780.0	0.0
25790.0	0.0
25800.0	0.0
25810.0	0.0
25820.0	0.0
25830.000000000004	0.0
25840.0	0.0
25850.0	0.0
25860.0	0.0
25870.000000000004	0.0
25880.0	0.0
25890.0	0.0
25900.0	0.0
25910.000000000004	0.0
25920.0	0.0
25930.0	0.0
25940.0	0.0
25950.000000000004	0.0
25960.0	0.0
25970.0	0.0
25980.0	0.0
25990.000000000004	0.0
26000.0	0.0
26010.0	0.0
26020.0	0.0
26030.000000000004	0.0
26040.0	0.0
26050.0	0.0
26060.0	0.0
26070.000000000004	0.0
26080.0	0.0
26090.0	0.0
26100.0	0.0
26110.000000000004	0.0
26120.0	0.0
26130.0	0.0
26140.0	0.0
26150.000000000004	0.0
26160.0	0.0
26170.0	0.0
26180.0	0.0
26190.000000000004	0.0
26200.0	0.0
26210.0	0.0
26220.0	0.0
26230.000000000004	0.0
26240.0	0.0
26250.0	0.0
26260.0	0.0
26269.999999999996	0.0
26280.0	0.0
26290.0	0.0
26300.0	0.0
26309.999999999996	0.0
26320.0	0.0
26330.0	0.0
26340.0	0.0
26349.999999999996	0.0
26360.0	0.0
26370.0	0.0
26380.0	0.0
26389.999999999996	0.0
26400.0	0.0
26410.0	0.0
26420.0	0.0
26429.999999999996	0.0
26440.0	0.0
26450.0	0.0
26460.0	0.0
26469.999999999996	0.0
26480.0	0.0
26490.0	0.0
26500.0	0.0
26509.999999999996	0.0
26520.0	1.03381e-06
26530.0	2.05805e-06
26540.0	3.08149e-06
26549.999999999996	1.13482e-05
26560.0	1.96103e-05
26570.0	1.98996e-05
26580.0	2.01886e-05
26589.999999999996	2.04775e-05
26600.0	2.45357e-05
26610.0	2.85906e-05
26620.0	3.26432e-05
26629.999999999996	2.11048e-05
26640.0	9.57569e-06
26650.0	1.95943e-05
26660.0	2.96073e-05
26669.999999999996	3.9617e-05
26680.0	3.76824e-05
26690.0	3.57489e-05
26700.0	3.3816e-05
26710.0	1.804e-05
26720.0	2.28224e-06
26730.0	5.18066e-06
26740.0	8.07504e-06
26750.0	1.09661e-05
26760.0	1.21733e-05
26770.0	1.33788e-05
26780.0	1.45829e-05
26790.0	2.13416e-05
26800.0	2.80941e-05
26810.0	2.00721e-05
26820.0	1.20594e-05
26830.0	4.05416e-06
26840.0	2.70434e-06
26850.0	1.3561e-06
26860.0	0.0
26870.0	0.0
26880.0	0.0
26890.0	0.0
26900.0	0.0
26910.0	0.0
26920.0	0.0
26930.0	0.0
26940.0	0.0
26950.0	0.0
26960.0	0.0
26970.0	0.0
26980.0	0.0
26990.0	0.0
27000.0	0.0
27010.0	0.0
27020.0	0.0
27030.0	0.0
27040.0	0.0
27050.0	0.0
27060.0	0.0
27070.0	0.0
27080.000000000004	0.0
27090.0	0.0
27100.0	3.20231e-08
27110.0	5.50514e-08
27120.000000000004	7.79194e-08
27130.0	5.39509e-06
27140.0	1.06739e-05
27150.0	1.59156e-05
27160.000000000004	1.07301e-05
27170.0	5.58196e-06
27180.0	3.71212e-06
27190.0	1.85497e-06
27200.000000000004	1.14138e-08
27210.0	8.15071e-06
27220.0	1.6246e-05
27230.0	2.42993e-05
27240.000000000004	2.49279e-05
27250.0	2.55527e-05
27260.0	3.16485e-05
27270.0	3.7709e-05
27280.000000000004	4.37358e-05
27290.0	5.11023e-05
27300.0	5.84257e-05
27310.0	6.58902e-05
27320.000000000004	6.32177e-05
27330.0	6.05458e-05
27340.0	5.73026e-05
27350.0	5.40594e-05
27360.000000000004	5.08154e-05
27370.0	4.93691e-05
27380.0	4.79228e-05
27390.0	4.64762e-05
27400.000000000004	4.30225e-05
27410.0	3.95844e-05
27420.0	3.83319e-05
27430.0	3.70788e-05
27440.000000000004	3.58247e-05
27450.0	3.52939e-05
27460.0	3.47624e-05
27470.0	3.42307e-05
27480.000000000004	4.17139e-05
27490.0	4.92048e-05
27500.0	4.18297e-05
27510.0	3.44488e-05
27519.999999999996	2.70603e-05
27530.0	2.84848e-05
27540.0	2.99104e-05
27550.0	3.13374e-05
27559.999999999996	2.7211e-05
27570.0	2.30813e-05
27580.0	2.33798e-05
27590.0	2.36786e-05
27599.999999999996	2.39775e-05
27610.0	1.26795e-05
27620.0	1.36995e-06
27630.0	9.17447e-07
27639.999999999996	4.64596e-07
27650.0	1.12839e-08
27660.0	7.97701e-06
27670.0	1.59489e-05
27679.999999999996	2.39271e-05
27690.0	2.21577e-05
27700.0	2.03873e-05
27710.0	1.6969e-05
27719.999999999996	1.35473e-05
27730.0	1.01236e-05
27740.0	1.34497e-05
27750.0	1.67791e-05
27759.999999999996	2.01103e-05
27770.0	2.98957e-05
27780.0	3.96911e-05
27790.0	3.63202e-05
27799.999999999996	3.29467e-05
27810.0	2.95894e-05
27820.0	2.5622e-05
27830.0	2.16473e-05
27839.999999999996	1.76645e-05
27850.0	2.16329e-05
27860.0	2.56083e-05
27870.0	3.25309e-05
27879.999999999996	3.94692e-05
27890.0	4.64199e-05
27900.0	4.23358e-05
27910.0	3.82433e-05
27919.999999999996	3.41415e-05
27930.0	3.00502e-05
27940.0	2.59506e-05
27950.0	3.00471e-05
27960.0	3.41507e-05
27970.0	3.82625e-05
27980.0	3.34015e-05
27990.0	2.85318e-05
28000.0	2.36523e-05
28010.0	2.51201e-05
28020.0	2.6589e-05
28030.0	2.44034e-05
28040.0	2.22155e-05
28050.0	2.00248e-05
28060.0	2.26104e-05
28070.0	2.51987e-05
28080.0	2.77901e-05
28090.0	3.03926e-05
28100.0	3.29976e-05
28110.0	3.42925e-05
28120.0	3.55883e-05
28130.0	3.68854e-05
28140.0	4.42733e-05
28150.0	5.16705e-05
28160.0	5.90733e-05
28170.0	6.44271e-05
28180.0	6.97875e-05
28190.0	6.76003e-05
28200.0	6.54109e-05
28210.0	6.31651e-05
28220.0	6.67654e-05
28230.0	7.03632e-05
28240.0	7.39584e-05
28250.0	7.00831e-05
28260.0	6.62113e-05
28270.0	7.14123e-05
28280.0	7.66109e-05
28290.0	8.18046e-05
28300.0	8.0757e-05
28310.0	7.97098e-05
28320.0	7.73218e-05
28330.000000000004	7.49353e-05
28340.0	7.255e-05
28350.0	7.44662e-05
28360.0	7.6381e-05
28370.000000000004	7.82944e-05
28380.0	7.10913e-05
28390.0	6.3895e-05
28400.0	6.49219e-05
28410.000000000004	6.5947e-05
28420.0	6.69711e-05
28430.0	7.24351e-05
28440.0	7.78963e-05
28450.000000000004	8.33522e-05
28460.0	8.53037e-05
28470.0	8.72537e-05
28480.0	8.45865e-05
28490.000000000004	8.19219e-05
28500.0	7.92593e-05
28510.0	8.04493e-05
28520.0	8.1638e-05
28530.000000000004	8.28259e-05
28540.0	8.1661e-05
28550.0	8.04972e-05
28560.0	7.79087e-05
28570.000000000004	7.53214e-05
28580.0	7.27367e-05
28590.0	7.36666e-05
28600.0	7.45959e-05
28610.000000000004	7.55246e-05
28620.0	8.11125e-05
28630.0	8.66962e-05
28640.0	8.30011e-05
28650.000000000004	7.93096e-05
28660.0	7.56209e-05
28670.0	7.57005e-05
28680.0	7.57801e-05
28690.000000000004	7.58596e-05
28700.0	8.05344e-05
28710.0	8.52068e-05
28720.0	9.04495e-05
28730.000000000004	9.56882e-05
28740.0	0.000100924
28750.0	0.000102627
28760.0	0.000104329
28769.999999999996	0.000106029
28780.0	0.000105772
28790.0	0.000105516
28800.0	0.000106862
28809.999999999996	0.000108222
28820.0	0.000109582
28830.0	0.000110323
28840.0	0.000111065
28849.999999999996	0.000111805
28860.0	0.000105645
28870.0	9.94858e-05
28880.0	9.86391e-05
28889.999999999996	9.77928e-05
28900.0	9.69467e-05
28910.0	9.83285e-05
28920.0	9.97095e-05
28929.999999999996	0.00010109
28940.0	0.000100687
28950.0	0.000100285
28960.0	0.000101104
28969.999999999996	0.000101924
28980.0	0.000102742
28990.0	0.000105487
29000.0	0.000108232
29009.999999999996	0.000108815
29020.0	0.000109398
29030.0	0.000109981
29040.0	0.00011165
29049.999999999996	0.000113317
29060.0	0.000114984
29070.0	0.000104299
29080.0	9.36211e-05
29089.999999999996	8.86596e-05
29100.0	8.36991e-05
29110.0	7.87467e-05
29120.0	7.94938e-05
29129.999999999996	8.02409e-05
29140.0	8.09874e-05
29150.0	9.00152e-05
29160.0	9.90398e-05
29169.999999999996	0.000100797
29180.0	0.000102554
29190.0	0.000104309
29200.0	9.65344e-05
29210.0	8.8764e-05
29220.0	8.09963e-05
29230.0	8.02632e-05
29240.0	7.95306e-05
29250.0	7.9038e-05
29260.0	7.85455e-05
29270.0	7.80533e-05
29280.0	7.71401e-05
29290.0	7.62272e-05
29300.0	7.53144e-05
29310.0	8.38551e-05
29320.0	9.23929e-05
29330.0	8.94296e-05
29340.0	8.6468e-05
29350.0	8.35075e-05
29360.0	7.86938e-05
29370.0	7.38829e-05
29380.0	6.90737e-05
29390.0	7.35631e-05
29400.0	7.8052e-05
29410.0	7.97099e-05
29420.0	8.13671e-05
29430.0	8.30242e-05
29440.0	8.05305e-05
29450.0	7.80376e-05
29460.0	7.5545e-05
29470.0	7.98134e-05
29480.0	8.40803e-05
29490.0	8.01155e-05
29500.0	7.61511e-05
29510.0	7.21962e-05
29520.0	6.92409e-05
29530.0	6.62853e-05
29540.0	6.33309e-05
29550.0	6.72148e-05
29560.0	7.1099e-05
29570.0	7.26873e-05
29580.000000000004	7.42753e-05
29590.0	7.58635e-05
29600.0	7.79519e-05
29610.0	8.00399e-05
29620.000000000004	8.21276e-05
29630.0	7.66065e-05
29640.0	7.10875e-05
29650.0	7.07024e-05
29660.000000000004	7.03173e-05
29670.0	6.99324e-05
29680.0	7.49698e-05
29690.0	8.00076e-05
29700.000000000004	8.04334e-05
29710.0	8.0859e-05
29720.0	8.12846e-05
29730.0	7.87587e-05
29740.000000000004	7.62338e-05
29750.0	7.37092e-05
29760.0	7.28767e-05
29770.0	7.20446e-05
29780.000000000004	7.24522e-05
29790.0	7.28599e-05
29800.0	7.32674e-05
29810.0	7.10087e-05
29820.000000000004	6.87499e-05
29830.0	6.64919e-05
29840.0	6.91378e-05
29850.0	7.17833e-05
29860.000000000004	6.93283e-05
29870.0	6.68742e-05
29880.0	6.44204e-05
29890.0	6.41758e-05
29900.000000000004	6.39312e-05
29910.0	6.36867e-05
29920.0	6.55066e-05
29930.0	6.73258e-05
29940.000000000004	6.40383e-05
29950.0	6.07513e-05
29960.0	5.74639e-05
29970.0	5.75848e-05
29980.000000000004	5.77056e-05
29990.0	5.78264e-05
30000.0	5.33451e-05
30010.0	4.88644e-05
30019.999999999996	4.40069e-05
30030.0	3.91512e-05
30040.0	3.42963e-05
30050.0	3.35562e-05
30059.999999999996	3.28165e-05
30070.0	3.20768e-05
30080.0	3.43859e-05
30090.0	3.66952e-05
30099.999999999996	4.04605e-05
30110.0	4.42252e-05
30120.0	4.79902e-05
30130.0	4.93578e-05
30139.999999999996	5.07252e-05
30150.0	5.20928e-05
30160.0	5.73625e-05
30170.0	6.26314e-05
30179.999999999996	6.78009e-05
30190.0	7.29709e-05
30200.0	7.81389e-05
30210.0	7.59386e-05
30219.999999999996	7.37385e-05
30230.0	7.15398e-05
30240.0	7.82002e-05
30250.0	8.48598e-05
30259.999999999996	8.4591e-05
30270.0	8.43222e-05
30280.0	8.40535e-05
30290.0	8.21012e-05
30299.999999999996	8.01497e-05
30310.0	7.81988e-05
30320.0	7.89201e-05
30330.0	7.96409e-05
30339.999999999996	8.05996e-05
30350.0	8.15582e-05
30360.0	8.25162e-05
30370.0	8.84182e-05
30379.999999999996	9.43195e-05
30390.0	9.54452e-05
30400.0	9.65704e-05
30410.0	9.76953e-05
30419.999999999996	9.75122e-05
30430.0	9.73292e-05
30440.0	9.71463e-05
30450.0	9.76238e-05
30460.0	9.8101e-05
30470.0	9.62146e-05
30480.0	9.43284e-05
30490.0	9.24434e-05
30500.0	9.07267e-05
30510.0	8.90101e-05
30520.0	8.72946e-05
30530.0	8.31226e-05
30540.0	7.8952e-05
30550.0	7.83242e-05
30560.0	7.76968e-05
30570.0	7.70697e-05
30580.0	7.2003e-05
30590.0	6.69394e-05
30600.0	6.18775e-05
30610.0	6.84217e-05
30620.0	7.49643e-05
30630.0	7.69969e-05
30640.0	7.90295e-05
30650.0	8.10626e-05
30660.0	7.66495e-05
30670.0	7.22365e-05
30680.0	6.78223e-05
30690.0	6.0925e-05
30700.0	5.40277e-05
30710.0	5.15723e-05
30720.0	4.91174e-05
30730.0	4.66626e-05
30740.0	4.95042e-05
30750.0	5.23466e-05
30760.0	5.51883e-05
30770.0	6.1001e-05
30780.0	6.68151e-05
30790.0	6.46793e-05
30800.0	6.25434e-05
30810.0	6.04071e-05
30820.0	5.61723e-05
30830.000000000004	5.19376e-05
30840.0	4.77018e-05
30850.0	4.87042e-05
30860.0	4.97067e-05
30870.000000000004	5.24985e-05
30880.0	5.52911e-05
30890.0	5.8083e-05
30900.0	5.85104e-05
30910.000000000004	5.8938e-05
30920.0	5.93654e-05
30930.0	5.34208e-05
30940.0	4.74746e-05
30950.000000000004	4.55513e-05
30960.0	4.3628e-05
30970.0	4.17047e-05
30980.0	4.4635e-05
30990.000000000004	4.75646e-05
31000.0	5.04942e-05
31010.0	5.39496e-05
31020.0	5.74042e-05
31030.000000000004	5.6281e-05
31040.0	5.51575e-05
31050.0	5.40343e-05
31060.0	5.02377e-05
31070.000000000004	4.64402e-05
31080.0	4.75102e-05
31090.0	4.85803e-05
31100.0	4.96504e-05
31110.000000000004	5.2035e-05
31120.0	5.4419e-05
31130.0	5.6803e-05
31140.0	5.93573e-05
31150.000000000004	6.1911e-05
31160.0	5.95555e-05
31170.0	5.71995e-05
31180.0	5.48441e-05
31190.000000000004	5.37702e-05
31200.0	5.26964e-05
31210.0	5.16223e-05
31220.0	5.34857e-05
31230.000000000004	5.53491e-05
31240.0	5.30465e-05
31250.0	5.07445e-05
31260.0	4.84425e-05
31269.999999999996	4.56257e-05
31280.0	4.28096e-05
31290.0	3.99934e-05
31300.0	4.3255e-05
31309.999999999996	4.65157e-05
31320.0	4.49615e-05
31330.0	4.34073e-05
31340.0	4.18527e-05
31349.999999999996	3.95927e-05
31360.0	3.73327e-05
31370.0	3.50722e-05
31380.0	3.29518e-05
31389.999999999996	3.08314e-05
31400.0	2.7886e-05
31410.0	2.49413e-05
31420.0	2.19966e-05
31429.999999999996	2.39973e-05
31440.0	2.59986e-05
31450.0	2.79993e-05
31460.0	2.79524e-05
31469.999999999996	2.79056e-05
31480.0	2.85348e-05
31490.0	2.91641e-05
31500.0	2.97936e-05
31509.999999999996	2.62525e-05
31520.0	2.27114e-05
31530.0	1.91695e-05
31540.0	9.59748e-06
31549.999999999996	2.54632e-08
31560.0	2.4572e-06
31570.0	4.88952e-06
31580.0	7.32126e-06
31589.999999999996	7.53005e-06
31600.0	7.73889e-06
31610.0	7.94768e-06
31620.0	3.97892e-06
31629.999999999996	0.0
31640.0	4.61395e-08
31650.0	8.30686e-08
31660.0	1.19998e-07
31669.999999999996	2.85865e-06
31680.0	5.59665e-06
31690.0	8.33466e-06
31700.0	5.02837e-06
31710.0	1.72287e-06
31720.0	1.17425e-06
31730.0	6.25504e-07
31740.0	7.6884e-08
31750.0	4.25741e-08
31760.0	0.0
31770.0	0.0
31780.0	0.0
31790.0	0.0
31800.0	0.0
31810.0	0.0
31820.0	0.0
31830.0	0.0
31840.0	0.0
31850.0	0.0
31860.0	0.0
31870.0	0.0
31880.0	0.0
31890.0	0.0
31900.0	0.0
31910.0	0.0
31920.0	0.0
31930.0	2.93818e-06
31940.0	5.86741e-06
31950.0	8.79664e-06
31960.0	9.52822e-06
31970.0	1.02596e-05
31980.0	1.0991e-05
31990.0	7.37675e-06
32000.0	3.76161e-06
32010.0	2.63655e-06
32020.0	1.5115e-06
32030.0	3.8617e-07
32040.0	4.78587e-06
32050.0	9.18557e-06
32060.0	1.35863e-05
32070.0	1.40431e-05
32080.000000000004	1.45e-05
32090.0	2.05949e-05
32100.0	2.66883e-05
32110.0	3.27818e-05
32120.000000000004	3.16229e-05
32130.0	3.04637e-05
32140.0	2.93049e-05
32150.0	2.21095e-05
32160.000000000004	1.49123e-05
32170.0	1.14945e-05
32180.0	8.0767e-06
32190.0	4.65807e-06
32200.000000000004	8.06157e-06
32210.0	1.14651e-05
32220.0	1.48686e-05
32230.0	2.22647e-05
32240.000000000004	2.96591e-05
32250.0	3.46511e-05
32260.0	3.96442e-05
32270.0	4.46361e-05
32280.000000000004	4.35018e-05
32290.0	4.23671e-05
32300.0	4.12328e-05
32310.0	3.49667e-05
32320.000000000004	2.86984e-05
32330.0	2.70999e-05
32340.0	2.55011e-05
32350.0	2.39022e-05
32360.000000000004	2.26695e-05
32370.0	2.14369e-05
32380.0	2.02042e-05
32390.0	1.62526e-05
32400.000000000004	1.23015e-05
32410.0	1.30301e-05
32420.0	1.37589e-05
32430.0	1.44876e-05
32440.000000000004	1.55422e-05
32450.0	1.65969e-05
32460.0	1.14041e-05
32470.0	6.21208e-06
32480.000000000004	1.0195e-06
32490.0	6.82403e-07
32500.0	3.45351e-07
32510.0	0.0
32519.999999999996	4.8559e-08
32530.0	8.88478e-08
32540.0	1.77295e-06
32550.0	3.45762e-06
32559.999999999996	5.14206e-06
32570.0	5.95678e-06
32580.0	6.77158e-06
32590.0	7.58665e-06
32599.999999999996	7.42522e-06
32610.0	7.26376e-06
32620.0	4.87654e-06
32630.0	2.48964e-06
32639.999999999996	1.02503e-07
32650.0	7.10904e-08
32660.0	3.96825e-08
32670.0	0.0
32679.999999999996	0.0
32690.0	0.0
32700.0	0.0
32710.0	0.0
32719.999999999996	0.0
32730.0	0.0
32740.0	0.0
32750.0	0.0
32759.999999999996	0.0
32770.0	0.0
32780.0	0.0
32790.0	0.0
32800.0	0.0
32810.0	0.0
32820.0	0.0
32830.0	0.0
32840.0	0.0
32850.0	0.0
32860.0	0.0
32870.0	0.0
32880.0	0.0
32890.0	0.0
32900.0	0.0
32910.0	0.0
32920.0	0.0
32930.0	0.0
32940.0	0.0
32950.0	0.0
32960.0	0.0
32970.0	0.0
32980.0	0.0
32990.0	0.0
33000.0	0.0
33010.0	0.0
33020.0	2.05474e-07
33030.0	4.02614e-07
33040.0	5.99702e-07
33050.0	1.56496e-06
33060.0	2.52974e-06
33070.0	3.49427e-06
33080.0	1.75084e-06
33090.0	0.0
33100.0	0.0
33110.0	0.0
33120.0	0.0
33130.0	0.0
33140.0	0.0
33150.0	0.0
33160.0	0.0
33170.0	0.0
33180.0	0.0
33190.0	0.0
33200.0	0.0
33210.0	0.0
33220.0	0.0
33230.0	0.0
33240.0	0.0
33250.0	0.0
33260.0	0.0
33270.0	0.0
33280.0	0.0
33290.0	0.0
33300.0	0.0
33310.0	0.0
33320.0	0.0
33330.0	0.0
33340.0	0.0
33350.0	0.0
33360.0	0.0
33370.0	0.0
33380.0	0.0
33390.0	0.0
33400.0	0.0
33410.0	0.0
33420.0	0.0
33430.0	0.0
33440.0	0.0
33450.0	0.0
33460.0	0.0
33470.0	0.0
33480.0	0.0
33490.0	0.0
33500.0	0.0
33510.0	0.0
33520.0	0.0
33530.0	0.0
33540.0	0.0
33550.0	0.0
33560.0	0.0
33570.0	0.0
33580.0	0.0
33590.0	0.0
33600.0	0.0
33610.0	0.0
33620.0	0.0
33630.0	0.0
33640.0	0.0
33650.0	0.0
33660.0	0.0
33670.0	0.0
33680.0	0.0
33690.0	0.0
33700.0	0.0
33710.0	0.0
33720.0	0.0
33730.0	0.0
33740.0	0.0
33750.0	0.0
33760.0	0.0
33770.0	0.0
33780.0	0.0
33790.0	0.0
33800.0	0.0
33810.0	0.0
33820.0	0.0
33830.0	0.0
33840.0	0.0
33850.0	0.0
33860.0	0.0
33870.0	0.0
33880.0	0.0
33890.0	0.0
33900.0	0.0
33910.0	0.0
33920.0	0.0
33930.0	0.0
33940.0	0.0
33950.0	0.0
33960.0	0.0
33970.0	0.0
33980.0	0.0
33990.0	0.0
34000.0	0.0
34010.0	0.0
34020.0	0.0
34030.0	0.0
34040.0	0.0
34050.0	0.0
34060.0	0.0
34070.0	0.0
34080.0	0.0
34090.0	0.0
34100.0	0.0
34110.0	0.0
34120.0	0.0
34130.0	0.0
34140.0	0.0
34150.0	0.0
34160.0	0.0
34170.0	0.0
34180.0	0.0
34190.0	0.0
34200.0	0.0
34210.0	0.0
34220.0	0.0
34230.0	0.0
34240.0	0.0
34250.0	0.0
34260.0	0.0
34270.0	0.0
34280.0	0.0
34290.0	0.0
34300.0	0.0
34310.0	0.0
34320.0	0.0
34330.0	0.0
34340.0	0.0
34350.0	0.0
34360.0	0.0
34370.0	0.0
34380.0	0.0
34390.0	0.0
34400.0	0.0
34410.0	0.0
34420.0	0.0
34430.0	0.0
34440.0	0.0
34450.0	0.0
34460.0	0.0
34470.0	0.0
34480.0	0.0
34490.0	0.0
34500.0	0.0
34510.0	0.0
34520.0	0.0
34530.0	0.0
34540.0	0.0
34550.0	0.0
34560.0	0.0
34570.0	0.0
34580.0	0.0
34590.0	0.0
34600.0	0.0
34610.0	0.0
34620.0	0.0
34630.0	0.0
34640.0	0.0
34650.0	0.0
34660.0	0.0
34670.0	0.0
34680.0	0.0
34690.0	0.0
34700.0	0.0
34710.0	0.0
34720.0	0.0
34730.0	0.0
34740.0	0.0
34750.0	0.0
34760.0	0.0
34770.0	0.0
34780.0	0.0
34790.0	0.0
34800.0	0.0
34810.0	0.0
34820.0	0.0
34830.0	0.0
34840.0	0.0
34850.0	0.0
34860.0	0.0
34870.0	0.0
34880.0	0.0
34890.0	0.0
34900.0	0.0
34910.0	0.0
34920.0	0.0
34930.0	0.0
34940.0	0.0
34950.0	0.0
34960.0	0.0
34970.0	0.0
34980.0	0.0
34990.0	0.0
35000.0	0.0
35010.0	0.0
35020.0	0.0
35030.0	0.0
35040.0	0.0
35050.0	0.0
35060.0	0.0
35070.0	0.0
35080.0	0.0
35090.0	0.0
35100.0	0.0
35110.0	0.0
35120.0	0.0
35130.0	0.0
35140.0	0.0
35150.0	0.0
35160.0	0.0
35170.0	0.0
35180.0	0.0
35190.0	0.0
35200.0	0.0
35210.0	0.0
35220.0	0.0
35230.0	0.0
35240.0	0.0
35250.0	0.0
35260.0	0.0
35270.0	0.0
35280.0	0.0
35290.0	0.0
35300.0	0.0
35310.0	0.0
35320.0	0.0
35330.0	0.0
35340.0	0.0
35350.0	0.0
35360.0	0.0
35370.0	0.0
35380.0	0.0
35390.0	0.0
35400.0	0.0
35410.0	0.0
35420.0	0.0
35430.0	0.0
35440.0	0.0
35450.0	0.0
35460.0	0.0
35470.0	0.0
35480.0	0.0
35490.0	0.0
35500.0	0.0
35510.0	0.0
35520.0	0.0
35530.0	0.0
35540.0	0.0
35550.0	0.0
35560.0	0.0
35570.0	0.0
35580.0	0.0
35590.0	0.0
35600.0	0.0
35610.0	0.0
35620.0	0.0
35630.0	0.0
35640.0	0.0
35650.0	0.0
35660.0	0.0
35670.0	0.0
35680.0	0.0
35690.0	0.0
35700.0	0.0
35710.0	0.0
35720.0	0.0
35730.0	0.0
35740.0	0.0
35750.0	0.0
35760.0	0.0
35770.0	0.0
35780.0	0.0
35790.0	0.0
35800.0	0.0
35810.0	0.0
35820.0	0.0
35830.0	0.0
35840.0	0.0
35850.0	0.0
35860.0	0.0
35870.0	0.0
35880.0	0.0
35890.0	0.0
35900.0	0.0
35910.0	0.0
35920.0	0.0
35930.0	0.0
35940.0	0.0
35950.0	0.0
35960.0	0.0
35970.0	0.0
35980.0	0.0
35990.0	0.0
36000.0	0.0
36010.0	0.0
36020.0	0.0
36030.0	0.0
36040.0	0.0
36050.0	0.0
36060.0	0.0
36070.0	0.0
36080.0	0.0
36090.0	0.0
36100.0	0.0
36110.0	0.0
36120.0	0.0
36130.0	0.0
36140.0	0.0
36150.0	0.0
36160.0	0.0
36170.0	0.0
36180.0	0.0
36190.0	0.0
36200.0	0.0
36210.0	0.0
36220.0	0.0
36230.0	0.0
36240.0	0.0
36250.0	0.0
36260.0	0.0
36270.0	0.0
36280.0	0.0
36290.0	0.0
36300.0	0.0
36310.0	0.0
36320.0	0.0
36330.0	0.0
36340.0	0.0
36350.0	0.0
36360.0	0.0
36370.0	0.0
36380.0	0.0
36390.0	0.0
36400.0	0.0
36410.0	0.0
36420.0	0.0
36430.0	0.0
36440.0	0.0
36450.0	0.0
36460.0	0.0
36470.0	8.35578e-07
36480.0	1.65678e-06
36490.0	2.47161e-06
36500.0	2.88677e-06
36510.0	3.29852e-06
36520.0	2.40568e-06
36530.0	1.51952e-06
36540.0	6.40485e-07
36550.0	4.26774e-07
36560.0	2.1474e-07
36570.0	0.0
36580.0	0.0
36590.0	0.0
36600.0	0.0
36610.0	0.0
36620.0	0.0
36630.0	1.33569e-08
36640.0	2.23906e-08
36650.0	3.13479e-08
36660.0	1.68083e-06
36670.0	3.31672e-06
36680.0	3.01165e-06
36690.0	2.70906e-06
36700.0	2.40888e-06
36710.0	2.48377e-06
36720.0	2.55793e-06
36730.0	2.63136e-06
36740.0	2.66979e-06
36750.0	2.70779e-06
36760.0	2.25636e-06
36770.0	1.80892e-06
36780.0	1.36538e-06
36790.0	9.32987e-07
36800.0	5.04316e-07
36810.0	7.95688e-08
36820.0	6.0577e-08
36830.0	4.17499e-08
36840.0	4.5265e-07
36850.0	8.59782e-07
36860.0	1.26324e-06
36870.0	1.02926e-06
36880.0	7.97392e-07
36890.0	5.67648e-07
36900.0	2.95837e-07
36910.0	2.66284e-08
36920.0	1.89069e-08
36930.0	1.12559e-08
36940.0	0.0
36950.0	0.0
36960.0	0.0
36970.0	0.0
36980.0	0.0
36990.0	0.0
37000.0	1.11518e-08
37010.0	1.86489e-08
37020.0	2.60812e-08
37030.0	1.93098e-07
37040.0	3.58629e-07
37050.0	5.22715e-07
37060.0	7.89449e-07
37070.0	1.05376e-06
37080.0	8.36776e-07
37090.0	6.21618e-07
37100.0	4.0839e-07
37110.0	4.32038e-07
37120.0	4.55458e-07
37130.0	4.78655e-07
37140.0	2.70051e-07
37150.0	6.33222e-08
37160.0	4.31286e-08
37170.0	2.31222e-08
37180.0	0.0
37190.0	0.0
37200.0	0.0
37210.0	0.0
37220.0	0.0
37230.0	0.0
37240.0	0.0
37250.0	0.0
37260.0	0.0
37270.0	0.0
37280.0	0.0
37290.0	0.0
37300.0	0.0
37310.0	0.0
37320.0	0.0
37330.0	0.0
37340.0	0.0
37350.0	1.58445e-08
37360.0	2.85093e-08
37370.0	4.20207e-08
37380.0	5.53935e-08
37390.0	6.8631e-08
37400.0	5.48818e-08
37410.0	4.12707e-08
37420.0	2.77943e-08
37430.0	2.70448e-07
37440.0	5.10562e-07
37450.0	3.53154e-07
37460.0	1.97345e-07
37470.0	4.32094e-08
37480.0	3.84555e-08
37490.0	3.37491e-08
37500.0	2.90925e-08
37510.0	1.80448e-06
37520.0	3.51723e-06
37530.0	3.86309e-06
37540.0	4.19388e-06
37550.0	4.50969e-06
37560.0	4.22267e-06
37570.0	3.94348e-06
37580.0	3.67211e-06
37590.0	3.48958e-06
37600.0	3.31156e-06
37610.0	3.47562e-06
37620.0	3.63839e-06
37630.0	3.7998e-06
37640.0	3.4734e-06
37650.0	3.14928e-06
37660.0	2.8276e-06
37670.0	2.72428e-06
37680.0	2.62166e-06
37690.0	3.34521e-06
37700.0	4.06292e-06
37710.0	4.77498e-06
37720.0	4.48371e-06
37730.0	4.19463e-06
37740.0	3.90768e-06
37750.0	4.3367e-06
37760.0	4.76212e-06
37770.0	4.89842e-06
37780.0	5.03352e-06
37790.0	5.16735e-06
37800.0	4.4256e-06
37810.0	3.70109e-06
37820.0	2.97777e-06
37830.0	2.55036e-06
37840.0	2.12376e-06
37850.0	2.21856e-06
37860.0	2.31316e-06
37870.0	2.40758e-06
37880.0	2.80929e-06
37890.0	3.21013e-06
37900.0	3.48979e-06
37910.0	3.76892e-06
37920.0	4.04757e-06
37930.0	4.79446e-06
37940.0	5.53992e-06
37950.0	6.28413e-06
37960.0	6.6841e-06
37970.0	7.0833e-06
37980.0	6.49832e-06
37990.0	5.91459e-06
38000.0	5.33196e-06
38010.0	4.88585e-06
38020.0	4.44068e-06
38030.0	3.99636e-06
38040.0	3.71363e-06
38050.0	3.43136e-06
38060.0	3.59566e-06
38070.0	3.75963e-06
38080.0	3.92332e-06
38090.0	4.47975e-06
38100.0	5.03509e-06
38110.0	5.58949e-06
38120.0	6.35773e-06
38130.0	7.12448e-06
38140.0	7.01884e-06
38150.0	6.91336e-06
38160.0	6.80811e-06
38170.0	6.51472e-06
38180.0	6.22182e-06
38190.0	5.92955e-06
38200.0	5.88304e-06
38210.0	5.83659e-06
38220.0	5.57243e-06
38230.0	5.30877e-06
38240.0	5.04561e-06
38250.0	4.62804e-06
38260.0	4.21138e-06
38270.0	3.79554e-06
38280.0	3.35954e-06
38290.0	2.92449e-06
38300.0	2.45615e-06
38310.0	1.98862e-06
38320.0	1.52212e-06
38330.0	1.48986e-06
38340.0	1.45766e-06
38350.0	1.42553e-06
38360.0	2.11787e-06
38370.0	2.80883e-06
38380.0	3.47585e-06
38390.0	4.14139e-06
38400.0	4.80559e-06
38410.0	4.63868e-06
38420.0	4.47214e-06
38430.0	4.30593e-06
38440.0	2.51877e-06
38450.0	7.35619e-07
38460.0	4.94755e-07
38470.0	2.54372e-07
38480.0	1.44147e-08
38490.0	1.02697e-08
38500.0	0.0
38510.0	0.0
38520.0	2.28887e-08
38530.0	4.37317e-08
38540.0	8.07141e-07
38550.0	1.56882e-06
38560.0	2.32896e-06
38570.0	3.77765e-06
38580.0	5.22305e-06
38590.0	5.08634e-06
38600.0	4.94991e-06
38610.0	4.81371e-06
38620.0	4.25938e-06
38630.0	3.70617e-06
38640.0	3.15395e-06
38650.0	3.28078e-06
38660.0	3.40733e-06
38670.0	3.7358e-06
38680.0	4.0635e-06
38690.0	4.39053e-06
38700.0	4.35573e-06
38710.0	4.32098e-06
38720.0	4.28631e-06
38730.0	3.88297e-06
38740.0	3.48037e-06
38750.0	3.47034e-06
38760.0	3.46032e-06
38770.0	3.45031e-06
38780.0	3.44392e-06
38790.0	3.43755e-06
38800.0	3.43117e-06
38810.0	3.03447e-06
38820.0	2.6382e-06
38830.0	2.55145e-06
38840.0	2.46476e-06
38850.0	2.37819e-06
38860.0	2.48159e-06
38870.0	2.5849e-06
38880.0	2.68807e-06
38890.0	2.80681e-06
38900.0	2.92546e-06
38910.0	2.9878e-06
38920.0	3.05008e-06
38930.0	3.11228e-06
38940.0	3.20954e-06
38950.0	3.30667e-06
38960.0	3.40369e-06
38970.0	3.46406e-06
38980.0	3.52435e-06
38990.0	3.22528e-06
39000.0	2.92647e-06
39010.0	2.62807e-06
39020.0	2.84049e-06
39030.0	3.05273e-06
39040.0	3.26467e-06
39050.0	3.97992e-06
39060.0	4.69436e-06
39070.0	4.20649e-06
39080.0	3.71929e-06
39090.0	3.23262e-06
39100.0	2.79306e-06
39110.0	2.3541e-06
39120.0	1.91563e-06
39130.0	2.01148e-06
39140.0	2.10721e-06
39150.0	2.52998e-06
39160.0	2.95227e-06
39170.0	3.37419e-06
39180.0	3.64843e-06
39190.0	3.92235e-06
39200.0	4.19603e-06
39210.0	4.55774e-06
39220.0	4.91903e-06
39230.0	5.09749e-06
39240.0	5.27571e-06
39250.0	5.45372e-06
39260.0	5.16774e-06
39270.0	4.88215e-06
39280.0	4.19608e-06
39290.0	3.51079e-06
39300.0	2.82611e-06
39310.0	2.4179e-06
39320.0	2.01016e-06
39330.0	1.60278e-06
39340.0	1.69442e-06
39350.0	1.78596e-06
39360.0	2.33689e-06
39370.0	2.88705e-06
39380.0	3.43658e-06
39390.0	4.12255e-06
39400.0	4.8079e-06
39410.0	5.4923e-06
39420.0	5.18814e-06
39430.0	4.88425e-06
39440.0	4.47577e-06
39450.0	4.06775e-06
39460.0	3.66009e-06
39470.0	3.41717e-06
39480.0	3.17453e-06
39490.0	2.93216e-06
39500.0	1.86049e-06
39510.0	7.90296e-07
39520.0	1.13357e-06
39530.0	1.47653e-06
39540.0	1.81902e-06
39550.0	1.98707e-06
39560.0	2.15497e-06
39570.0	2.32264e-06
39580.0	2.06753e-06
39590.0	1.81265e-06
39600.0	1.67684e-06
39610.0	1.54143e-06
39620.0	1.40613e-06
39630.0	1.37162e-06
39640.0	1.33716e-06
39650.0	1.30272e-06
39660.0	1.43362e-06
39670.0	1.56438e-06
39680.0	2.32058e-06
39690.0	3.07632e-06
39700.0	3.83123e-06
39710.0	3.69783e-06
39720.0	3.56455e-06
39730.0	3.43136e-06
39740.0	2.88898e-06
39750.0	2.34706e-06
39760.0	1.90501e-06
39770.0	1.46344e-06
39780.0	1.02224e-06
39790.0	1.05682e-06
39800.0	1.09137e-06
39810.0	1.12588e-06
39820.0	1.64473e-06
39830.0	2.16301e-06
39840.0	2.29334e-06
39850.0	2.42356e-06
39860.0	2.5537e-06
39870.0	2.07939e-06
39880.0	1.60548e-06
39890.0	1.80042e-06
39900.0	1.99515e-06
39910.0	2.1897e-06
39920.0	2.22827e-06
39930.0	2.2668e-06
39940.0	2.30529e-06
39950.0	2.38338e-06
39960.0	2.46143e-06
39970.0	2.47983e-06
39980.0	2.49821e-06
39990.0	2.51659e-06
40000.0	2.19042e-06
40010.0	1.86454e-06
40020.0	1.53894e-06
40030.0	1.20456e-06
40039.99999999999	8.70303e-07
40050.0	9.51937e-07
40060.0	1.0335e-06
40070.0	1.11499e-06
40080.0	1.39222e-06
40090.0	1.66921e-06
40100.0	1.94608e-06
40110.0	1.51647e-06
40119.99999999999	1.08722e-06
40130.0	1.22657e-06
40140.0	1.36579e-06
40150.0	1.50489e-06
40160.0	1.82359e-06
40170.0	2.14216e-06
40180.0	2.4603e-06
40190.0	2.73633e-06
40199.99999999999	3.01211e-06
40210.0	3.06148e-06
40220.0	3.1108e-06
40230.0	3.16008e-06
40240.0	3.53611e-06
40250.0	3.91163e-06
40260.0	4.28682e-06
40270.0	4.60095e-06
40279.99999999999	4.91481e-06
40290.0	5.14674e-06
40300.0	5.37858e-06
40310.0	5.6101e-06
40320.0	5.53038e-06
40330.0	5.45073e-06
40340.0	5.37115e-06
40350.0	5.01279e-06
40359.99999999999	4.65474e-06
40370.0	4.62623e-06
40380.0	4.59775e-06
40390.0	4.56929e-06
40400.0	4.84028e-06
40410.00000000001	5.11102e-06
40420.0	5.38153e-06
40430.0	5.50142e-06
40439.99999999999	5.62115e-06
40450.0	5.74052e-06
40460.0	5.85977e-06
40470.0	5.97891e-06
40480.0	5.55517e-06
40490.00000000001	5.1318e-06
40500.0	4.7086e-06
40510.0	4.15659e-06
40519.99999999999	3.60506e-06
40530.0	3.45659e-06
40540.0	3.30825e-06
40550.0	3.16003e-06
40560.0	3.17632e-06
40570.00000000001	3.19258e-06
40580.0	3.22464e-06
40590.0	3.25667e-06
40599.99999999999	3.28867e-06
40610.0	3.52867e-06
40620.0	3.76845e-06
40630.0	4.00814e-06
40640.0	3.71638e-06
40650.00000000001	3.42488e-06
40660.0	3.3568e-06
40670.0	3.28877e-06
40679.99999999999	3.2208e-06
40690.0	3.35893e-06
40700.0	3.49701e-06
40710.0	3.63356e-06
40720.0	4.1733e-06
40730.00000000001	4.71217e-06
40740.0	5.23894e-06
40750.0	5.76484e-06
40759.99999999999	6.29013e-06
40770.0	6.71483e-06
40780.0	7.13883e-06
40790.0	7.56213e-06
40800.0	7.90237e-06
40810.00000000001	8.24204e-06
40820.0	8.06906e-06
40830.0	7.89628e-06
40839.99999999999	7.72385e-06
40850.0	7.22965e-06
40860.0	6.73626e-06
40870.0	6.24367e-06
40880.0	5.44522e-06
40890.00000000001	4.64769e-06
40900.0	4.30922e-06
40910.0	3.97131e-06
40920.0	3.63395e-06
40930.0	3.51077e-06
40940.0	3.38779e-06
40950.0	3.265e-06
40960.0	4.04915e-06
40970.00000000001	4.83162e-06
40980.0	5.29636e-06
40990.0	5.76032e-06
41000.0	6.22349e-06
41010.0	6.22763e-06
41020.0	6.23174e-06
41030.0	6.23584e-06
41040.0	6.08673e-06
41050.00000000001	5.93785e-06
41060.0	6.29125e-06
41070.0	6.64404e-06
41080.0	6.99623e-06
41090.0	6.90402e-06
41100.0	6.81201e-06
41110.0	6.72013e-06
41120.0	6.42997e-06
41130.00000000001	6.1403e-06
41140.0	6.00784e-06
41150.0	5.8756e-06
41160.0	5.74351e-06
41170.0	5.68879e-06
41180.0	5.63416e-06
41190.0	5.57961e-06
41200.0	5.3957e-06
41210.00000000001	5.21209e-06
41220.0	4.57194e-06
41230.0	3.93317e-06
41240.0	3.29547e-06
41250.0	3.07736e-06
41260.0	2.85961e-06
41270.0	2.90447e-06
41280.0	2.94924e-06
41289.99999999999	2.99396e-06
41300.0	3.15895e-06
41310.0	3.32366e-06
41320.0	3.48808e-06
41330.0	3.98308e-06
41340.0	4.47723e-06
41350.0	4.75644e-06
41360.0	5.03502e-06
41369.99999999999	5.31312e-06
41380.0	4.75918e-06
41390.0	4.20619e-06
41400.0	3.65415e-06
41410.0	3.23071e-06
41420.0	2.80779e-06
41430.0	2.85436e-06
41440.0	2.90085e-06
41449.99999999999	2.94726e-06
41460.0	3.19599e-06
41470.0	3.44429e-06
41480.0	3.69215e-06
41490.0	3.31102e-06
41500.0	2.93073e-06
41510.0	1.96111e-06
41520.0	9.93176e-07
41529.99999999999	2.69276e-08
41540.0	2.10259e-08
41550.0	1.51317e-08
41560.0	0.0
41570.0	9.70367e-08
41580.0	1.84669e-07
41590.0	7.04361e-07
41600.0	1.22314e-06
41609.99999999999	1.74101e-06
41620.0	1.47571e-06
41630.0	1.211e-06
41640.0	9.46755e-07
41650.0	1.3551e-06
41660.00000000001	1.76271e-06
41670.0	2.40181e-06
41680.0	3.04008e-06
41689.99999999999	3.67691e-06
41700.0	4.29595e-06
41710.0	4.91388e-06
41720.0	5.53071e-06
41730.0	6.39859e-06
41740.00000000001	7.26492e-06
41750.0	7.01967e-06
41760.0	6.77497e-06
41769.99999999999	6.53069e-06
41780.0	5.93061e-06
41790.0	5.33159e-06
41800.0	4.73363e-06
41810.0	4.16101e-06
41820.00000000001	3.58968e-06
41830.0	3.41276e-06
41840.0	3.23615e-06
41849.99999999999	3.05985e-06
41860.0	2.68091e-06
41870.0	2.30266e-06
41880.0	1.92489e-06
41890.0	2.07514e-06
41900.00000000001	2.22511e-06
41910.0	2.3497e-06
41920.0	2.47376e-06
41929.99999999999	2.5973e-06
41940.0	2.43707e-06
41950.0	2.2774e-06
41960.0	1.9093e-06
41970.0	1.54268e-06
41980.00000000001	1.17756e-06
41990.0	9.03337e-07
42000.0	6.30237e-07
42009.99999999999	3.58128e-07
42020.0	8.22802e-07
42030.0	1.28554e-06
42040.0	2.25869e-06
42050.0	3.22776e-06
42060.00000000001	4.19278e-06
42070.0	4.42387e-06
42080.0	4.65406e-06
42089.99999999999	4.88314e-06
42100.0	4.06366e-06
42110.0	3.24759e-06
42120.0	3.24886e-06
42130.0	3.2501e-06
42140.00000000001	3.2513e-06
42150.0	3.21893e-06
42160.0	3.18668e-06
42170.0	3.15453e-06
42180.0	3.10278e-06
42190.0	3.05122e-06
42200.0	3.08775e-06
42210.0	3.12411e-06
42220.00000000001	3.16027e-06
42230.0	2.92823e-06
42240.0	2.69717e-06
42250.0	2.46708e-06
42260.0	2.18118e-06
42270.0	1.89638e-06
42280.0	1.88691e-06
42290.0	1.87746e-06
42300.00000000001	1.86804e-06
42310.0	2.08334e-06
42320.0	2.29768e-06
42330.0	2.51105e-06
42340.0	2.75619e-06
42350.0	3.00011e-06
42360.0	2.98872e-06
42370.0	2.97734e-06
42380.00000000001	2.96599e-06
42390.0	2.70497e-06
42400.0	2.44509e-06
42410.0	2.18623e-06
42420.0	1.86856e-06
42430.0	1.5523e-06
42440.0	1.74875e-06
42450.0	1.94429e-06
42460.00000000001	2.13892e-06
42470.0	2.16215e-06
42480.0	2.18524e-06
42490.0	2.2082e-06
42500.0	2.35878e-06
42510.0	2.50865e-06
42520.0	2.7485e-06
42530.0	2.9872e-06
42539.99999999999	3.22489e-06
42550.0	3.69817e-06
42560.0	4.16922e-06
42570.0	4.63802e-06
42580.0	5.00032e-06
42590.0	5.36086e-06
42600.0	5.29003e-06
42610.0	5.21952e-06
42619.99999999999	5.14927e-06
42630.0	4.74284e-06
42640.0	4.33828e-06
42650.0	4.01929e-06
42660.0	3.70177e-06
42670.0	3.38558e-06
42680.0	3.82485e-06
42690.0	4.26196e-06
42699.99999999999	4.69693e-06
42710.0	4.82716e-06
42720.0	4.95474e-06
42730.0	4.77467e-06
42740.0	4.59678e-06
42750.0	4.42124e-06
42760.0	4.17169e-06
42770.0	3.92567e-06
42779.99999999999	3.68318e-06
42790.0	3.30947e-06
42800.0	2.94141e-06
42810.0	2.73778e-06
42820.0	2.53724e-06
42830.0	2.33977e-06
42840.0	2.26092e-06
42850.0	2.18309e-06
42859.99999999999	2.10631e-06
42870.0	2.2242e-06
42880.0	2.33956e-06
42890.0	2.16751e-06
42900.0	1.99826e-06
42910.00000000001	1.8318e-06
42920.0	1.85858e-06
42930.0	1.88454e-06
42939.99999999999	1.90964e-06
42950.0	1.9634e-06
42960.0	2.01575e-06
42970.0	1.90233e-06
42980.0	1.79078e-06
42990.00000000001	1.6811e-06
43000.0	1.77059e-06
43010.0	1.81905e-06
43019.99999999999	1.86091e-06
43030.0	1.909e-06
43040.0	1.9496e-06
43050.0	1.85315e-06
43060.0	1.75866e-06
43070.00000000001	1.66624e-06
43080.0	1.45409e-06
43090.0	1.25398e-06
43099.99999999999	1.06592e-06
43110.0	1.05908e-06
43120.0	1.04714e-06
43130.0	9.82571e-07
43140.0	9.1865e-07
43150.00000000001	8.5534e-07
43160.0	7.67617e-07
43170.0	6.84183e-07
43179.99999999999	6.05037e-07
43190.0	5.0404e-07
43200.0	4.12216e-07
43210.0	4.2067e-07
43220.0	4.28246e-07
43230.00000000001	4.34942e-07
43240.0	4.81012e-07
43250.0	5.24104e-07
43259.99999999999	5.64238e-07
43270.0	6.60654e-07
43280.0	7.50741e-07
43290.0	6.72878e-07
43300.0	5.98372e-07
43310.00000000001	5.27223e-07
43320.0	4.24883e-07
43330.0	3.28131e-07
43339.99999999999	3.12615e-07
43350.0	2.97405e-07
43360.0	2.82502e-07
43370.0	3.14879e-07
43380.0	3.43859e-07
43390.00000000001	3.69453e-07
43400.0	3.85164e-07
43410.0	3.98056e-07
43420.0	3.90235e-07
43430.0	3.81353e-07
43440.0	3.7141e-07
43450.0	3.49316e-07
43460.0	3.27427e-07
43470.00000000001	3.05765e-07
43480.0	2.6748e-07
43490.0	2.31755e-07
43500.0	2.24161e-07
43510.0	2.33787e-07
43520.0	2.43409e-07
43530.0	2.36006e-07
43540.0	2.28611e-07
43550.00000000001	2.21223e-07
43560.0	2.02687e-07
43570.0	1.8417e-07
43580.0	1.84917e-07
43590.0	1.85663e-07
43600.0	1.86409e-07
43610.0	1.9587e-07
43620.0	2.05321e-07
43630.00000000001	2.14763e-07
43640.0	2.1837e-07
43650.0	2.21974e-07
43660.0	2.15325e-07
43670.0	2.08685e-07
43680.0	2.02051e-07
43690.0	2.17296e-07
43700.0	2.32526e-07
43710.00000000001	2.47864e-07
43720.0	2.53342e-07
43730.0	2.58817e-07
43740.0	2.60347e-07
43750.0	2.61876e-07
43760.0	2.63406e-07
43770.0	2.75148e-07
43780.0	2.8689e-07
43789.99999999999	2.98637e-07
43800.0	3.15188e-07
43810.0	3.31739e-07
43820.0	3.48448e-07
43830.0	3.65158e-07
43840.0	3.81868e-07
43850.0	4.06571e-07
43860.0	4.31262e-07
43869.99999999999	4.55954e-07
43880.0	5.02323e-07
43890.0	5.48692e-07
43900.0	5.84109e-07
43910.0	6.19525e-07
43920.0	6.54959e-07
43930.0	6.93285e-07
43940.0	7.31612e-07
43949.99999999999	7.69938e-07
43960.0	8.25822e-07
43970.0	8.81706e-07
43980.0	8.9195e-07
43990.0	9.02198e-07
44000.0	9.12441e-07
44010.0	9.28023e-07
44020.0	9.43604e-07
44029.99999999999	9.51368e-07
44040.0	9.59132e-07
44050.0	9.66899e-07
44060.0	9.22291e-07
44070.0	8.77683e-07
44080.0	8.33075e-07
44090.0	7.99052e-07
44100.0	7.65029e-07
44109.99999999999	7.62781e-07
44120.0	7.60532e-07
44130.0	7.58284e-07
44140.0	7.89908e-07
44150.0	8.21533e-07
44160.00000000001	8.53157e-07
44170.0	8.44874e-07
44180.0	8.36587e-07
44189.99999999999	8.22457e-07
44200.0	8.08328e-07
44210.0	7.94198e-07
44220.0	7.77825e-07
44230.0	7.61452e-07
44240.00000000001	7.45078e-07
44250.0	7.11629e-07
44260.0	6.78196e-07
44269.99999999999	6.49127e-07
44280.0	6.20058e-07
44290.0	5.90988e-07
44300.0	5.61128e-07
44310.0	5.31253e-07
44320.00000000001	5.01393e-07
44330.0	4.67149e-07
44340.0	4.32905e-07
44349.99999999999	4.45006e-07
44360.0	4.57107e-07
44370.0	4.69208e-07
44380.0	4.88126e-07
44390.0	5.07035e-07
44400.00000000001	5.25945e-07
44410.0	5.27231e-07
44420.0	5.28518e-07
44429.99999999999	5.12182e-07
44440.0	4.95846e-07
44450.0	4.79502e-07
44460.0	4.66278e-07
44470.0	4.53055e-07
44480.00000000001	4.39831e-07
44490.0	4.28542e-07
44500.0	4.17253e-07
44509.99999999999	3.93872e-07
44520.0	3.70502e-07
44530.0	3.47132e-07
44540.0	3.51916e-07
44550.0	3.567e-07
44560.00000000001	3.61484e-07
44570.0	4.04592e-07
44580.0	4.47721e-07
44589.99999999999	4.7583e-07
44600.0	5.03939e-07
44610.0	5.32048e-07
44620.0	5.44523e-07
44630.0	5.56997e-07
44640.00000000001	5.69478e-07
44650.0	5.69822e-07
44660.0	5.70167e-07
44670.0	5.60647e-07
44680.0	5.51128e-07
44690.0	5.41608e-07
44700.0	5.0187e-07
44710.0	4.62114e-07
44720.00000000001	4.34211e-07
44730.0	4.06307e-07
44740.0	3.78404e-07
44750.0	3.53578e-07
44760.0	3.28752e-07
44770.0	3.03914e-07
44780.0	2.96142e-07
44790.0	2.8837e-07
44800.00000000001	2.89113e-07
44810.0	2.89857e-07
44820.0	2.906e-07
44830.0	2.96271e-07
44840.0	3.01944e-07
44850.0	3.07615e-07
44860.0	3.12978e-07
44870.0	3.18341e-07
44880.00000000001	3.29047e-07
44890.0	3.39753e-07
44900.0	3.50459e-07
44910.0	3.7098e-07
44920.0	3.91492e-07
44930.0	4.12004e-07
44940.0	3.90771e-07
44950.0	3.69538e-07
44960.00000000001	3.46096e-07
44970.0	3.22643e-07
44980.0	2.99202e-07
44990.0	2.75129e-07
45000.0	2.51055e-07
45010.0	2.26982e-07
45020.0	2.25348e-07
45030.0	2.23713e-07
45039.99999999999	2.31903e-07
45050.0	2.40089e-07
45060.0	2.48275e-07
45070.0	2.64788e-07
45080.0	2.81301e-07
45090.0	2.97814e-07
45100.0	3.25797e-07
45110.0	3.53768e-07
45119.99999999999	3.54064e-07
45130.0	3.5436e-07
45140.0	3.54657e-07
45150.0	3.4003e-07
45160.0	3.25404e-07
45170.0	3.10771e-07
45180.0	2.65659e-07
45190.0	2.20547e-07
45199.99999999999	2.09129e-07
45210.0	1.9771e-07
45220.0	1.86291e-07
45230.0	1.87259e-07
45240.0	1.88228e-07
45250.0	1.89196e-07
45260.0	2.41674e-07
45270.0	2.94152e-07
45279.99999999999	3.28179e-07
45290.0	3.62206e-07
45300.0	3.96249e-07
45310.0	4.21926e-07
45320.0	4.47604e-07
45330.0	4.73281e-07
45340.0	4.63023e-07
45350.0	4.52765e-07
45359.99999999999	4.1032e-07
45370.0	3.67854e-07
45380.0	3.25409e-07
45390.0	2.71074e-07
45400.0	2.1674e-07
45410.00000000001	1.98931e-07
45420.0	1.81122e-07
45430.0	1.63305e-07
45439.99999999999	1.7435e-07
45450.0	1.85395e-07
45460.0	1.9644e-07
45470.0	2.31252e-07
45480.0	2.66064e-07
45490.00000000001	2.74548e-07
45500.0	2.83036e-07
45510.0	2.9152e-07
45519.99999999999	3.00466e-07
45530.0	3.09412e-07
45540.0	3.18357e-07
45550.0	3.23808e-07
45560.0	3.29262e-07
45570.00000000001	3.12407e-07
45580.0	2.95553e-07
45590.0	2.78699e-07
45599.99999999999	2.74274e-07
45610.0	2.6985e-07
45620.0	2.65425e-07
45630.0	2.75197e-07
45640.0	2.84963e-07
45650.00000000001	3.27792e-07
45660.0	3.7062e-07
45670.0	4.13449e-07
45679.99999999999	4.49578e-07
45690.0	4.85707e-07
45700.0	5.21854e-07
45710.0	5.58825e-07
45720.0	5.95797e-07
45730.00000000001	5.87095e-07
45740.0	5.78393e-07
45750.0	5.69691e-07
45759.99999999999	5.47481e-07
45770.0	5.25282e-07
45780.0	5.03083e-07
45790.0	4.6573e-07
45800.0	4.28377e-07
45810.00000000001	4.17051e-07
45820.0	4.05724e-07
45830.0	3.94393e-07
45839.99999999999	3.92659e-07
45850.0	3.90924e-07
45860.0	3.8919e-07
45870.0	3.96941e-07
45880.0	4.04691e-07
45890.00000000001	4.17254e-07
45900.0	4.29811e-07
45910.0	4.42367e-07
45920.0	4.43389e-07
45930.0	4.4441e-07
45940.0	4.45432e-07
45950.0	4.30852e-07
45960.0	4.16266e-07
45970.00000000001	4.08191e-07
45980.0	4.00115e-07
45990.0	3.9204e-07
46000.0	3.88714e-07
46010.0	3.85389e-07
46020.0	3.82062e-07
46030.0	3.85026e-07
46040.0	3.8799e-07
46050.00000000001	3.9758e-07
46060.0	4.07169e-07
46070.0	4.16758e-07
46080.0	4.4667e-07
46090.0	4.76596e-07
46100.0	5.1795e-07
46110.0	5.59304e-07
46120.0	6.00658e-07
46130.00000000001	6.25813e-07
46140.0	6.50969e-07
46150.0	6.76125e-07
46160.0	6.94644e-07
46170.0	7.13155e-07
46180.0	7.00769e-07
46190.0	6.88383e-07
46200.0	6.75997e-07
46210.00000000001	6.55302e-07
46220.0	6.34597e-07
46230.0	6.13902e-07
46240.0	5.86841e-07
46250.0	5.59779e-07
46260.0	5.60318e-07
46270.0	5.60856e-07
46280.0	5.61394e-07
46289.99999999999	5.56998e-07
46300.0	5.52603e-07
46310.0	5.48209e-07
46320.0	5.37375e-07
46330.0	5.26542e-07
46340.0	5.19305e-07
46350.0	5.12065e-07
46360.0	5.04827e-07
46369.99999999999	4.99119e-07
46380.0	4.9341e-07
46390.0	4.87701e-07
46400.0	4.81242e-07
46410.0	4.74783e-07
46420.0	4.50322e-07
46430.0	4.25873e-07
46440.0	4.01424e-07
46449.99999999999	3.8897e-07
46460.0	3.76516e-07
46470.0	3.64062e-07
46480.0	3.71742e-07
46490.0	3.79426e-07
46500.0	3.85233e-07
46510.0	3.9104e-07
46520.0	3.96847e-07
46529.99999999999	4.05378e-07
46540.0	4.1391e-07
46550.0	4.22446e-07
46560.0	4.49585e-07
46570.0	4.76725e-07
46580.0	4.9189e-07
46590.0	5.07055e-07
46600.0	5.22219e-07
46609.99999999999	5.33876e-07
46620.0	5.45537e-07
46630.0	5.57193e-07
46640.0	5.3771e-07
46650.0	5.18227e-07
46660.00000000001	5.04292e-07
46670.0	4.90358e-07
46680.0	4.76417e-07
46689.99999999999	4.54537e-07
46700.0	4.32658e-07
46710.0	4.27079e-07
46720.0	4.215e-07
46730.0	4.1592e-07
46740.00000000001	4.14472e-07
46750.0	4.13023e-07
46760.0	4.11574e-07
46769.99999999999	4.19738e-07
46780.0	4.27902e-07
46790.0	4.15806e-07
46800.0	4.03709e-07
46810.0	3.91608e-07
46820.00000000001	3.79414e-07
46830.0	3.67221e-07
46840.0	3.55028e-07
46849.99999999999	3.84643e-07
46860.0	4.14258e-07
46870.0	4.30699e-07
46880.0	4.47147e-07
46890.0	4.63588e-07
46900.00000000001	4.75878e-07
46910.0	4.88169e-07
46920.0	5.0046e-07
46929.99999999999	4.85263e-07
46940.0	4.70066e-07
46950.0	4.63709e-07
46960.0	4.57355e-07
46970.0	4.51002e-07
46980.00000000001	4.53768e-07
46990.0	4.56534e-07
47000.0	4.593e-07
47009.99999999999	4.5183e-07
47020.0	4.44364e-07
47030.0	4.39888e-07
47040.0	4.35412e-07
47050.0	4.30936e-07
47060.00000000001	4.48646e-07
47070.0	4.66357e-07
47080.0	4.84075e-07
47089.99999999999	5.10866e-07
47100.0	5.37657e-07
47110.0	5.55389e-07
47120.0	5.7312e-07
47130.0	5.90852e-07
47140.00000000001	5.96426e-07
47150.0	6.01996e-07
47160.0	6.07567e-07
47170.0	6.00874e-07
47180.0	5.94181e-07
47190.0	5.70128e-07
47200.0	5.46075e-07
47210.0	5.2201e-07
47220.00000000001	5.0657e-07
47230.0	4.91129e-07
47240.0	4.75689e-07
47250.0	4.59776e-07
47260.0	4.43863e-07
47270.0	4.50759e-07
47280.0	4.57652e-07
47290.0	4.64544e-07
47300.00000000001	4.64282e-07
47310.0	4.6402e-07
47320.0	4.63758e-07
47330.0	4.48757e-07
47340.0	4.3375e-07
47350.0	4.34085e-07
47360.0	4.34421e-07
47370.0	4.34756e-07
47380.00000000001	4.37001e-07
47390.0	4.39245e-07
47400.0	4.33083e-07
47410.0	4.26917e-07
47420.0	4.20755e-07
47430.0	4.19665e-07
47440.0	4.18576e-07
47450.0	4.17486e-07
47460.00000000001	4.22501e-07
47470.0	4.27519e-07
47480.0	4.32318e-07
47490.0	4.37116e-07
47500.0	4.41915e-07
47510.0	4.49518e-07
47520.0	4.57122e-07
47530.0	4.64725e-07
47539.99999999999	4.88768e-07
47550.0	5.128e-07
47560.0	5.24968e-07
47570.0	5.37136e-07
47580.0	5.49304e-07
47590.0	5.58611e-07
47600.0	5.67923e-07
47610.0	5.7723e-07
47619.99999999999	5.69428e-07
47630.0	5.61626e-07
47640.0	5.61196e-07
47650.0	5.60765e-07
47660.0	5.60335e-07
47670.0	5.71814e-07
47680.0	5.83287e-07
47690.0	5.9476e-07
47699.99999999999	6.05461e-07
47710.0	6.16162e-07
47720.0	6.21006e-07
47730.0	6.25851e-07
47740.0	6.30697e-07
47750.0	6.53311e-07
47760.0	6.75925e-07
47770.0	6.9854e-07
47779.99999999999	7.21398e-07
47790.0	7.44257e-07
47800.0	7.41975e-07
47810.0	7.39694e-07
47820.0	7.37413e-07
47830.0	7.20365e-07
47840.0	7.03317e-07
47850.0	6.86268e-07
47859.99999999999	6.53552e-07
47870.0	6.20819e-07
47880.0	6.02658e-07
47890.0	5.84496e-07
47900.0	5.66334e-07
47910.00000000001	5.59976e-07
47920.0	5.53617e-07
47930.0	5.47255e-07
47939.99999999999	5.67156e-07
47950.0	5.87057e-07
47960.0	6.23242e-07
47970.0	6.59428e-07
47980.0	6.95613e-07
47990.00000000001	7.50677e-07
48000.0	8.05767e-07
48010.0	8.60831e-07
48019.99999999999	8.67137e-07
48030.0	8.73442e-07
48040.0	8.74212e-07
48050.0	8.74981e-07
48060.0	8.75752e-07
48070.00000000001	8.66655e-07
48080.0	8.57559e-07
48090.0	8.44076e-07
48099.99999999999	8.30594e-07
48110.0	8.17111e-07
48120.0	8.00569e-07
48130.0	7.8402e-07
48140.0	7.67478e-07
48150.00000000001	7.25605e-07
48160.0	6.83732e-07
48170.0	6.64027e-07
48179.99999999999	6.44321e-07
48190.0	6.24616e-07
48200.0	6.19621e-07
48210.0	6.14629e-07
48220.0	6.09637e-07
48230.00000000001	6.09609e-07
48240.0	6.09582e-07
48250.0	6.12899e-07
48259.99999999999	6.16217e-07
48270.0	6.19534e-07
48280.0	6.376e-07
48290.0	6.55666e-07
48300.0	6.73732e-07
48310.00000000001	7.05142e-07
48320.0	7.36551e-07
48330.0	7.57688e-07
48339.99999999999	7.78816e-07
48350.0	7.99943e-07
48360.0	8.19215e-07
48370.0	8.38488e-07
48380.0	8.5776e-07
48390.00000000001	8.83189e-07
48400.0	9.08605e-07
48410.0	9.10879e-07
48420.0	9.13153e-07
48430.0	9.15428e-07
48440.0	9.11803e-07
48450.0	9.08178e-07
48460.0	9.04551e-07
48470.00000000001	8.70869e-07
48480.0	8.37188e-07
48490.0	8.08142e-07
48500.0	7.79096e-07
48510.0	7.5005e-07
48520.0	7.13207e-07
48530.0	6.76383e-07
48540.0	6.39558e-07
48550.00000000001	6.07002e-07
48560.0	5.74446e-07
48570.0	5.59112e-07
48580.0	5.43778e-07
48590.0	5.28437e-07
48600.0	5.44784e-07
48610.0	5.61132e-07
48620.0	5.7748e-07
48630.00000000001	6.06359e-07
48640.0	6.35237e-07
48650.0	6.57435e-07
48660.0	6.79643e-07
48670.0	7.0184e-07
48680.0	7.24326e-07
48690.0	7.46812e-07
48700.0	7.69299e-07
48710.00000000001	8.03333e-07
48720.0	8.37383e-07
48730.0	8.45133e-07
48740.0	8.52884e-07
48750.0	8.60635e-07
48760.0	8.65637e-07
48770.0	8.70639e-07
48780.0	8.66718e-07
48789.99999999999	8.62796e-07
48800.0	8.58875e-07
48810.0	8.60412e-07
48820.0	8.6195e-07
48830.0	8.63487e-07
48840.0	8.81316e-07
48850.0	8.99154e-07
48860.0	9.13207e-07
48869.99999999999	9.2726e-07
48880.0	9.41313e-07
48890.0	9.57113e-07
48900.0	9.72913e-07
48910.0	9.88712e-07
48920.0	9.62528e-07
48930.0	9.36356e-07
48940.0	9.14948e-07
48949.99999999999	8.9354e-07
48960.0	8.72131e-07
48970.0	8.48045e-07
48980.0	8.23959e-07
48990.0	7.99862e-07
49000.0	7.77673e-07
49010.0	7.55483e-07
49020.0	7.52444e-07
49029.99999999999	7.49404e-07
49040.0	7.46364e-07
49050.0	7.44518e-07
49060.0	7.42672e-07
49070.0	7.40826e-07
49080.0	7.39015e-07
49090.0	7.37205e-07
49100.0	7.50412e-07
49109.99999999999	7.6362e-07
49120.0	7.76834e-07
49130.0	7.91397e-07
49140.0	8.05961e-07
49150.0	8.20525e-07
49160.00000000001	8.33144e-07
49170.0	8.45762e-07
49180.0	8.50033e-07
49189.99999999999	8.54303e-07
49200.0	8.58573e-07
49210.0	8.55988e-07
49220.0	8.53403e-07
49230.0	8.50819e-07
49240.00000000001	8.4725e-07
49250.0	8.4368e-07
49260.0	8.4143e-07
49269.99999999999	8.39179e-07
49280.0	8.36928e-07
49290.0	8.53375e-07
49300.0	8.69823e-07
49310.0	8.86278e-07
49320.00000000001	9.15264e-07
49330.0	9.4425e-07
49340.0	9.51751e-07
49349.99999999999	9.59253e-07
49360.0	9.66754e-07
49370.0	9.69106e-07
49380.0	9.7146e-07
49390.0	9.73812e-07
49400.00000000001	9.61141e-07
49410.0	9.48471e-07
49420.0	9.48718e-07
49429.99999999999	9.48966e-07
49440.0	9.49214e-07
49450.0	9.60153e-07
49460.0	9.71087e-07
49470.0	9.80388e-07
49480.00000000001	9.8969e-07
49490.0	9.98992e-07
49500.0	1.0091e-06
49509.99999999999	1.01922e-06
49520.0	1.02933e-06
49530.0	1.05117e-06
49540.0	1.073e-06
49550.0	1.08052e-06
49560.00000000001	1.08804e-06
49570.0	1.09556e-06
49580.0	1.07527e-06
49589.99999999999	1.05498e-06
49600.0	1.0347e-06
49610.0	1.01841e-06
49620.0	1.00211e-06
49630.0	1.00286e-06
49640.00000000001	1.0036e-06
49650.0	1.00435e-06
49660.0	1.01342e-06
49670.0	1.0225e-06
49680.0	1.03158e-06
49690.0	1.05315e-06
49700.0	1.07473e-06
49710.0	1.07174e-06
49720.00000000001	1.06876e-06
49730.0	1.06578e-06
49740.0	1.06021e-06
49750.0	1.05464e-06
49760.0	1.04907e-06
49770.0	1.06712e-06
49780.0	1.08516e-06
49790.0	1.09501e-06
49800.00000000001	1.10487e-06
49810.0	1.11472e-06
49820.0	1.11654e-06
49830.0	1.11835e-06
49840.0	1.12017e-06
49850.0	1.12055e-06
49860.0	1.12093e-06
49870.0	1.11915e-06
49880.00000000001	1.11736e-06
49890.0	1.11558e-06
49900.0	1.09645e-06
49910.0	1.07731e-06
49920.0	1.05818e-06
49930.0	1.01682e-06
49940.0	9.75461e-07
49950.0	9.59447e-07
49960.00000000001	9.43432e-07
49970.0	9.2741e-07
49980.0	9.14259e-07
49990.0	9.01107e-07
50000.0	8.87955e-07
50010.0	8.99661e-07
50020.0	9.11366e-07
50030.0	9.17617e-07
50039.99999999999	9.23871e-07
50050.0	9.30122e-07
50060.0	9.28575e-07
50070.0	9.27029e-07
50080.0	9.25482e-07
50090.0	9.32585e-07
50100.0	9.39691e-07
50110.0	9.56166e-07
50119.99999999999	9.72642e-07
50130.0	9.89118e-07
50140.0	1.00412e-06
50150.0	1.01911e-06
50160.0	1.02295e-06
50170.0	1.02679e-06
50180.0	1.03063e-06
50190.0	1.02875e-06
50199.99999999999	1.02687e-06
50210.0	1.025e-06
50220.0	1.01865e-06
50230.0	1.01231e-06
50240.0	1.01237e-06
50250.0	1.01244e-06
50260.0	1.0125e-06
50270.0	1.01407e-06
50279.99999999999	1.01564e-06
50290.0	1.0172e-06
50300.0	1.05632e-06
50310.0	1.09543e-06
50320.0	1.11973e-06
50330.0	1.14404e-06
50340.0	1.16835e-06
50350.0	1.17829e-06
50359.99999999999	1.18823e-06
50370.0	1.19818e-06
50380.0	1.19074e-06
50390.0	1.1833e-06
50400.0	1.1524e-06
50410.00000000001	1.1215e-06
50420.0	1.0906e-06
50430.0	1.06515e-06
50439.99999999999	1.0397e-06
50450.0	1.01426e-06
50460.0	9.82927e-07
50470.0	9.51592e-07
50480.0	9.55496e-07
50490.00000000001	9.594e-07
50500.0	9.63305e-07
50510.0	9.80494e-07
50519.99999999999	9.97683e-07
50530.0	1.01487e-06
50540.0	1.06031e-06
50550.0	1.10575e-06
50560.0	1.1421e-06
50570.00000000001	1.17843e-06
50580.0	1.21476e-06
50590.0	1.21024e-06
50599.99999999999	1.20573e-06
50610.0	1.20122e-06
50620.0	1.18976e-06
50630.0	1.17831e-06
50640.0	1.16333e-06
50650.00000000001	1.14836e-06
50660.0	1.13338e-06
50670.0	1.12252e-06
50679.99999999999	1.11167e-06
50690.0	1.10081e-06
50700.0	1.104e-06
50710.0	1.10719e-06
50720.0	1.11478e-06
50730.00000000001	1.12236e-06
50740.0	1.12994e-06
50750.0	1.14827e-06
50759.99999999999	1.16661e-06
50770.0	1.18494e-06
50780.0	1.19757e-06
50790.0	1.21021e-06
50800.0	1.20702e-06
50810.00000000001	1.20383e-06
50820.0	1.20065e-06
50830.0	1.18236e-06
50839.99999999999	1.16409e-06
50850.0	1.14657e-06
50860.0	1.12904e-06
50870.0	1.11152e-06
50880.0	1.10525e-06
50890.00000000001	1.09897e-06
50900.0	1.0927e-06
50910.0	1.08956e-06
50920.0	1.08642e-06
50930.0	1.08414e-06
50940.0	1.08186e-06
50950.0	1.07958e-06
50960.0	1.07728e-06
50970.00000000001	1.07498e-06
50980.0	1.07268e-06
50990.0	1.10713e-06
51000.0	1.14157e-06
51010.0	1.16554e-06
51020.0	1.18952e-06
51030.0	1.2135e-06
51040.0	1.20793e-06
51050.00000000001	1.20236e-06
51060.0	1.1968e-06
51070.0	1.1888e-06
51080.0	1.18081e-06
51090.0	1.17633e-06
51100.0	1.17185e-06
51110.0	1.16737e-06
51120.0	1.16426e-06
51130.00000000001	1.16114e-06
51140.0	1.15803e-06
51150.0	1.1588e-06
51160.0	1.15956e-06
51170.0	1.1582e-06
51180.0	1.15683e-06
51190.0	1.15547e-06
51200.0	1.15087e-06
51210.00000000001	1.14627e-06
51220.0	1.14166e-06
51230.0	1.15095e-06
51240.0	1.16025e-06
51250.0	1.17981e-06
51260.0	1.19938e-06
51270.0	1.21895e-06
51280.0	1.21515e-06
51289.99999999999	1.21135e-06
51300.0	1.20756e-06
51310.0	1.17377e-06
51320.0	1.13999e-06
51330.0	1.12124e-06
51340.0	1.10248e-06
51350.0	1.08372e-06
51360.0	1.06727e-06
51369.99999999999	1.05081e-06
51380.0	1.03436e-06
51390.0	1.03393e-06
51400.0	1.0335e-06
51410.0	1.03943e-06
51420.0	1.04537e-06
51430.0	1.0513e-06
51440.0	1.07198e-06
51449.99999999999	1.09266e-06
51460.0	1.11334e-06
51470.0	1.15221e-06
51480.0	1.19109e-06
51490.0	1.18864e-06
51500.0	1.18619e-06
51510.0	1.18374e-06
51520.0	1.17382e-06
51529.99999999999	1.16391e-06
51540.0	1.14414e-06
51550.0	1.12437e-06
51560.0	1.10461e-06
51570.0	1.08569e-06
51580.0	1.06676e-06
51590.0	1.04783e-06
51600.0	1.08893e-06
51609.99999999999	1.13002e-06
51620.0	1.15631e-06
51630.0	1.18259e-06
51640.0	1.20887e-06
51650.0	1.19694e-06
51660.00000000001	1.18501e-06
51670.0	1.17308e-06
51680.0	1.1562e-06
51689.99999999999	1.13933e-06
51700.0	1.13038e-06
51710.0	1.12144e-06
51720.0	1.11249e-06
51730.0	1.10492e-06
51740.00000000001	1.09734e-06
51750.0	1.08977e-06
51760.0	1.08586e-06
51769.99999999999	1.08195e-06
51780.0	1.07919e-06
51790.0	1.07642e-06
51800.0	1.07366e-06
51810.0	1.07038e-06
51820.00000000001	1.06709e-06
51830.0	1.06381e-06
51840.0	1.06843e-06
51849.99999999999	1.07305e-06
51860.0	1.0921e-06
51870.0	1.11116e-06
51880.0	1.13022e-06
51890.0	1.14608e-06
51900.00000000001	1.16194e-06
51910.0	1.1778e-06
51920.0	1.18985e-06
51929.99999999999	1.20191e-06
51940.0	1.20659e-06
51950.0	1.21128e-06
51960.0	1.21597e-06
51970.0	1.21491e-06
51980.00000000001	1.21385e-06
51990.0	1.21279e-06
52000.0	1.21151e-06
52009.99999999999	1.21024e-06
52020.0	1.20968e-06
52030.0	1.20912e-06
52040.0	1.20857e-06
52050.0	1.21084e-06
52060.00000000001	1.21311e-06
52070.0	1.21538e-06
52080.0	1.22415e-06
52089.99999999999	1.23291e-06
52100.0	1.22778e-06
52110.0	1.22264e-06
52120.0	1.21751e-06
52130.0	1.2007e-06
52140.00000000001	1.18388e-06
52150.0	1.16707e-06
52160.0	1.16063e-06
52170.0	1.1542e-06
52180.0	1.16205e-06
52190.0	1.1699e-06
52200.0	1.17776e-06
52210.0	1.19043e-06
52220.00000000001	1.2031e-06
52230.0	1.21213e-06
52240.0	1.22117e-06
52250.0	1.23021e-06
52260.0	1.22412e-06
52270.0	1.21804e-06
52280.0	1.21195e-06
52290.0	1.18408e-06
52300.00000000001	1.15621e-06
52310.0	1.15053e-06
52320.0	1.14486e-06
52330.0	1.13918e-06
52340.0	1.14362e-06
52350.0	1.14806e-06
52360.0	1.1525e-06
52370.0	1.16645e-06
52380.00000000001	1.1804e-06
52390.0	1.19387e-06
52400.0	1.20734e-06
52410.0	1.22082e-06
52420.0	1.22995e-06
52430.0	1.23908e-06
52440.0	1.24821e-06
52450.0	1.25655e-06
52460.00000000001	1.26489e-06
52470.0	1.25759e-06
52480.0	1.2503e-06
52490.0	1.243e-06
52500.0	1.22625e-06
52510.0	1.20949e-06
52520.0	1.19273e-06
52530.0	1.1742e-06
52539.99999999999	1.15565e-06
52550.0	1.14654e-06
52560.0	1.13743e-06
52570.0	1.12832e-06
52580.0	1.12464e-06
52590.0	1.12097e-06
52600.0	1.11729e-06
52610.0	1.11821e-06
52619.99999999999	1.11913e-06
52630.0	1.12584e-06
52640.0	1.13256e-06
52650.0	1.13927e-06
52660.0	1.15147e-06
52670.0	1.16367e-06
52680.0	1.17586e-06
52690.0	1.19214e-06
52699.99999999999	1.20842e-06
52710.0	1.21796e-06
52720.0	1.22751e-06
52730.0	1.23705e-06
52740.0	1.24077e-06
52750.0	1.24448e-06
52760.0	1.2482e-06
52770.0	1.24497e-06
52779.99999999999	1.24174e-06
52790.0	1.24115e-06
52800.0	1.24056e-06
52810.0	1.23996e-06
52820.0	1.24105e-06
52830.0	1.24214e-06
52840.0	1.24322e-06
52850.0	1.2412e-06
52859.99999999999	1.23917e-06
52870.0	1.2349e-06
52880.0	1.23063e-06
52890.0	1.22637e-06
52900.0	1.23225e-06
52910.00000000001	1.23813e-06
52920.0	1.25367e-06
52930.0	1.26922e-06
52939.99999999999	1.28477e-06
52950.0	1.29439e-06
52960.0	1.30402e-06
52970.0	1.31364e-06
52980.0	1.31272e-06
52990.00000000001	1.31181e-06
53000.0	1.312e-06
53010.0	1.31219e-06
53019.99999999999	1.31238e-06
53030.0	1.31411e-06
53040.0	1.31584e-06
53050.0	1.31757e-06
53060.0	1.31827e-06
53070.00000000001	1.31898e-06
53080.0	1.3165e-06
53090.0	1.31402e-06
53099.99999999999	1.31154e-06
53110.0	1.30582e-06
53120.0	1.3001e-06
53130.0	1.29437e-06
53140.0	1.27166e-06
53150.00000000001	1.24894e-06
53160.0	1.23891e-06
53170.0	1.22887e-06
53179.99999999999	1.21884e-06
53190.0	1.22774e-06
53200.0	1.23664e-06
53210.0	1.24554e-06
53220.0	1.25744e-06
53230.00000000001	1.26934e-06
53240.0	1.27028e-06
53250.0	1.27122e-06
53259.99999999999	1.27216e-06
53270.0	1.2731e-06
53280.0	1.27405e-06
53290.0	1.27499e-06
53300.0	1.27642e-06
53310.00000000001	1.27786e-06
53320.0	1.27864e-06
53330.0	1.27943e-06
53339.99999999999	1.28021e-06
53350.0	1.26724e-06
53360.0	1.25427e-06
53370.0	1.24129e-06
53380.0	1.22245e-06
53390.00000000001	1.2036e-06
53400.0	1.20512e-06
53410.0	1.20664e-06
53420.0	1.20816e-06
53430.0	1.21055e-06
53440.0	1.21293e-06
53450.0	1.21531e-06
53460.0	1.2238e-06
53470.00000000001	1.2323e-06
53480.0	1.23854e-06
53490.0	1.24478e-06
53500.0	1.25103e-06
53510.0	1.25979e-06
53520.0	1.26855e-06
53530.0	1.27433e-06
53540.0	1.28012e-06
53550.00000000001	1.2859e-06
53560.0	1.30412e-06
53570.0	1.32234e-06
53580.0	1.34056e-06
53590.0	1.37721e-06
53600.0	1.41385e-06
53610.0	1.41969e-06
53620.0	1.42553e-06
53630.00000000001	1.43137e-06
53640.0	1.42531e-06
53650.0	1.41925e-06
53660.0	1.41318e-06
53670.0	1.39924e-06
53680.0	1.3853e-06
53690.0	1.37332e-06
53700.0	1.36133e-06
53710.00000000001	1.34934e-06
53720.0	1.33776e-06
53730.0	1.32618e-06
53740.0	1.3146e-06
53750.0	1.29785e-06
53760.0	1.28109e-06
53770.0	1.27952e-06
53780.0	1.27794e-06
53789.99999999999	1.27637e-06
53800.0	1.29406e-06
53810.0	1.31175e-06
53820.0	1.32945e-06
53830.0	1.35458e-06
53840.0	1.3797e-06
53850.0	1.39127e-06
53860.0	1.40283e-06
53869.99999999999	1.41438e-06
53880.0	1.42283e-06
53890.0	1.43128e-06
53900.0	1.43972e-06
53910.0	1.41524e-06
53920.0	1.39074e-06
53930.0	1.37505e-06
53940.0	1.35936e-06
53949.99999999999	1.34366e-06
53960.0	1.34015e-06
53970.0	1.33663e-06
53980.0	1.33311e-06
53990.0	1.32788e-06
54000.0	1.32266e-06
54010.0	1.31666e-06
54020.0	1.31065e-06
54029.99999999999	1.30465e-06
54040.0	1.29842e-06
54050.0	1.29219e-06
54060.0	1.28596e-06
54070.0	1.29782e-06
54080.0	1.30968e-06
54090.0	1.3222e-06
54100.0	1.33473e-06
54109.99999999999	1.34725e-06
54120.0	1.34896e-06
54130.0	1.35067e-06
54140.0	1.35237e-06
54150.0	1.34563e-06
54160.00000000001	1.33888e-06
54170.0	1.3298e-06
54180.0	1.32071e-06
54189.99999999999	1.31163e-06
54200.0	1.29177e-06
54210.0	1.27191e-06
54220.0	1.26108e-06
54230.0	1.25026e-06
54240.00000000001	1.23944e-06
54250.0	1.23222e-06
54260.0	1.22499e-06
54269.99999999999	1.21777e-06
54280.0	1.20576e-06
54290.0	1.19375e-06
54300.0	1.18294e-06
54310.0	1.17213e-06
54320.00000000001	1.16132e-06
54330.0	1.15311e-06
54340.0	1.14491e-06
54349.99999999999	1.1367e-06
54360.0	1.16089e-06
54370.0	1.18508e-06
54380.0	1.20188e-06
54390.0	1.21867e-06
54400.00000000001	1.23546e-06
54410.0	1.24927e-06
54420.0	1.26308e-06
54429.99999999999	1.27689e-06
54440.0	1.29791e-06
54450.0	1.31893e-06
54460.0	1.3162e-06
54470.0	1.31346e-06
54480.00000000001	1.31073e-06
54490.0	1.30347e-06
54500.0	1.29621e-06
54509.99999999999	1.28895e-06
54520.0	1.27775e-06
54530.0	1.26654e-06
54540.0	1.25901e-06
54550.0	1.25149e-06
54560.00000000001	1.24396e-06
54570.0	1.24342e-06
54580.0	1.24289e-06
54589.99999999999	1.24235e-06
54600.0	1.25355e-06
54610.0	1.26476e-06
54620.0	1.27363e-06
54630.0	1.28251e-06
54640.00000000001	1.29139e-06
54650.0	1.30353e-06
54660.0	1.31567e-06
54670.0	1.32781e-06
54680.0	1.3469e-06
54690.0	1.36599e-06
54700.0	1.38088e-06
54710.0	1.39577e-06
54720.00000000001	1.41066e-06
54730.0	1.42603e-06
54740.0	1.44139e-06
54750.0	1.45675e-06
54760.0	1.45865e-06
54770.0	1.46055e-06
54780.0	1.46107e-06
54790.0	1.46158e-06
54800.00000000001	1.4621e-06
54810.0	1.4609e-06
54820.0	1.45969e-06
54830.0	1.45849e-06
54840.0	1.45592e-06
54850.0	1.45335e-06
54860.0	1.45298e-06
54870.0	1.4526e-06
54880.00000000001	1.45223e-06
54890.0	1.45309e-06
54900.0	1.45394e-06
54910.0	1.44972e-06
54920.0	1.44549e-06
54930.0	1.44127e-06
54940.0	1.42987e-06
54950.0	1.41848e-06
54960.00000000001	1.40708e-06
54970.0	1.39402e-06
54980.0	1.38098e-06
54990.0	0.0
55000.0	0.0
