5000.0	0.0
5010.0	0.0
5020.0	0.0
5030.0	0.0
5040.0	0.0
5050.0	0.0
5060.0	0.0
5070.0	0.0
5080.0	0.0
5090.0	0.0
5100.0	0.0
5110.0	0.0
5120.0	0.0
5130.0	0.0
5140.0	0.0
5150.0	0.0
5160.0	0.0
5170.0	0.0
5180.0	0.0
5190.0	0.0
5200.0	0.0
5210.0	0.0
5220.0	0.0
5230.0	0.0
5240.0	0.0
5250.0	0.0
5260.0	0.0
5270.0	0.0
5280.0	0.0
5290.0	0.0
5300.0	0.0
5310.0	0.0
5320.0	0.0
5330.0	0.0
5340.0	0.0
5350.0	0.0
5360.0	0.0
5370.0	0.0
5380.0	0.0
5390.0	0.0
5400.0	0.0
5410.0	0.0
5420.0	0.0
5430.0	0.0
5440.0	0.0
5450.0	0.0
5460.0	0.0
5470.0	0.0
5480.0	0.0
5490.0	0.0
5500.0	0.0
5510.0	0.0
5520.000000000001	0.0
5530.000000000001	0.0
5540.000000000001	0.0
5550.000000000001	0.0
5560.000000000001	0.0
5570.000000000001	0.0
5580.000000000001	0.0
5590.000000000001	0.0
5600.000000000001	0.0
5610.000000000001	0.0
5620.000000000001	0.0
5629.999999999999	0.0
5639.999999999999	0.0
5649.999999999999	0.0
5659.999999999999	0.0
5669.999999999999	0.0
5679.999999999999	0.0
5689.999999999999	0.0
5699.999999999999	0.0
5709.999999999999	0.0
5719.999999999999	0.0
5729.999999999999	0.0
5740.0	0.0
5750.0	0.0
5760.0	0.0
5770.0	0.0
5780.0	0.0
5790.0	0.0
5800.0	0.0
5810.0	0.0
5820.0	0.0
5830.0	0.0
5840.0	0.0
5850.0	0.0
5860.0	0.0
5870.0	0.0
5880.0	0.0
5890.0	0.0
5900.0	0.0
5910.0	0.0
5920.0	0.0
5930.0	0.0
5940.0	0.0
5950.0	0.0
5960.0	0.0
5970.0	0.0
5980.0	0.0
5990.0	0.0
6000.0	0.0
6010.0	0.0
6020.0	0.0
6030.0	0.0
6040.0	0.0
6050.0	0.0
6060.0	0.0
6070.0	0.0
6080.0	0.0
6090.0	0.0
6100.0	0.0
6110.0	0.0
6120.0	0.0
6130.0	0.0
6140.0	0.0
6150.0	0.0
6160.0	0.0
6170.0	0.0
6180.0	0.0
6190.0	0.0
6200.0	0.0
6210.0	0.0
6220.0	0.0
6230.0	0.0
6240.0	0.0
6250.0	0.0
6260.0	0.0
6270.0	0.0
6280.0	0.0
6290.0	0.0
6300.0	0.0
6310.0	2.4407e-08
6320.0	4.55752e-08
6330.0	3.16461e-08
6340.0	0.0
6350.0	0.0
6360.0	0.0
6370.0	0.0
6380.0	0.0
6390.0	0.0
6400.0	1.11281e-08
6410.0	1.07668e-08
6420.0	0.0
6430.0	0.0
6440.0	0.0
6450.0	1.42218e-08
6460.0	1.81835e-08
6470.0	0.0
6480.0	0.0
6490.0	0.0
6500.0	0.0
6510.0	0.0
6520.0	0.0
6530.0	0.0
6540.0	0.0
6550.0	0.0
6560.0	0.0
6570.0	0.0
6580.0	0.0
6590.0	0.0
6600.0	0.0
6610.0	0.0
6620.0	0.0
6630.0	0.0
6640.0	0.0
6650.0	0.0
6660.0	0.0
6670.0	0.0
6680.0	0.0
6690.0	0.0
6700.0	0.0
6710.0	0.0
6720.0	0.0
6730.0	0.0
6740.0	0.0
6750.0	0.0
6760.0	0.0
6770.000000000001	0.0
6780.000000000001	0.0
6790.000000000001	0.0
6800.000000000001	0.0
6810.000000000001	0.0
6820.000000000001	0.0
6830.000000000001	0.0
6840.000000000001	0.0
6850.000000000001	0.0
6860.000000000001	1.49482e-08
6870.000000000001	1.85478e-08
6879.999999999999	0.0
6889.999999999999	0.0
6899.999999999999	1.66016e-08
6909.999999999999	3.46848e-08
6919.999999999999	5.9816e-08
6929.999999999999	5.7586e-08
6939.999999999999	0.0
6949.999999999999	0.0
6959.999999999999	0.0
6969.999999999999	0.0
6979.999999999999	2.15774e-08
6990.0	3.06615e-08
7000.0	3.22577e-08
7010.0	2.81546e-08
7020.0	3.2986e-08
7030.0	4.03922e-08
7040.0	5.11277e-08
7050.0	6.15462e-08
7060.0	4.81074e-08
7070.0	1.55047e-08
7080.0	1.0593e-08
7090.0	0.0
7100.0	0.0
7110.0	0.0
7120.0	0.0
7130.0	0.0
7140.0	0.0
7150.0	0.0
7160.0	0.0
7170.0	0.0
7180.0	0.0
7190.0	0.0
7200.0	0.0
7210.0	0.0
7220.0	0.0
7230.0	0.0
7240.0	0.0
7250.0	0.0
7260.0	0.0
7270.0	0.0
7280.0	0.0
7290.0	0.0
7300.0	0.0
7310.0	0.0
7320.0	0.0
7330.0	0.0
7340.0	0.0
7350.0	0.0
7360.0	0.0
7370.0	0.0
7380.0	0.0
7390.0	0.0
7400.0	0.0
7410.0	0.0
7420.0	0.0
7430.0	0.0
7440.0	0.0
7450.0	0.0
7460.0	0.0
7470.0	0.0
7480.0	0.0
7490.0	0.0
7500.0	0.0
7510.0	0.0
7520.0	0.0
7530.0	0.0
7540.0	0.0
7550.0	0.0
7560.0	0.0
7570.0	0.0
7580.0	0.0
7590.0	0.0
7600.0	0.0
7610.0	0.0
7620.0	0.0
7630.0	0.0
7640.0	0.0
7650.0	0.0
7660.0	0.0
7670.0	0.0
7680.0	0.0
7690.0	0.0
7700.0	0.0
7710.0	0.0
7720.0	0.0
7730.0	0.0
7740.0	0.0
7750.0	0.0
7760.0	0.0
7770.0	0.0
7780.0	0.0
7790.0	0.0
7800.0	0.0
7810.0	0.0
7820.0	0.0
7830.0	0.0
7840.0	0.0
7850.0	0.0
7860.0	0.0
7870.0	0.0
7880.0	0.0
7890.0	0.0
7900.0	0.0
7910.0	0.0
7920.0	0.0
7930.0	0.0
7940.0	0.0
7950.0	0.0
7960.0	0.0
7970.0	0.0
7980.0	0.0
7990.0	0.0
8000.0	0.0
8010.0	0.0
8020.000000000001	0.0
8030.000000000001	0.0
8040.000000000001	0.0
8050.000000000001	0.0
8060.000000000001	0.0
8070.000000000001	0.0
8080.000000000001	0.0
8090.000000000001	0.0
8100.000000000001	0.0
8110.000000000001	0.0
8120.000000000001	0.0
8129.999999999999	0.0
8139.999999999999	0.0
8149.999999999999	0.0
8159.999999999999	0.0
8169.999999999999	0.0
8179.999999999999	0.0
8189.999999999999	0.0
8200.0	0.0
8210.0	0.0
8220.0	0.0
8230.0	0.0
8240.0	0.0
8250.0	0.0
8260.0	0.0
8270.0	0.0
8280.0	0.0
8290.0	0.0
8300.0	0.0
8310.0	0.0
8320.0	0.0
8330.0	0.0
8340.0	0.0
8350.0	0.0
8360.0	0.0
8370.0	0.0
8380.0	0.0
8390.0	0.0
8400.0	0.0
8410.0	0.0
8420.0	0.0
8430.0	0.0
8440.0	0.0
8450.0	0.0
8460.0	0.0
8470.0	0.0
8480.0	0.0
8490.0	0.0
8500.0	0.0
8510.0	0.0
8520.0	0.0
8530.0	0.0
8540.0	0.0
8550.0	0.0
8560.0	0.0
8570.0	0.0
8580.0	0.0
8590.0	0.0
8600.0	0.0
8610.0	1.60058e-08
8620.0	1.78126e-08
8630.0	2.30089e-08
8640.0	1.54601e-08
8650.0	0.0
8660.0	1.80833e-08
8670.0	2.58948e-08
8680.0	2.71149e-08
8690.0	2.71854e-08
8700.0	4.35978e-08
8710.0	1.14026e-07
8720.0	1.48242e-07
8730.0	1.3675e-07
8740.0	6.43357e-08
8750.0	7.00299e-08
8760.0	7.93792e-08
8770.0	1.1737e-07
8780.0	5.99182e-08
8790.0	1.05467e-07
8800.0	7.98376e-08
8810.0	1.52311e-07
8820.0	1.16127e-07
8830.0	1.03692e-07
8840.0	2.13093e-08
8850.0	2.54722e-08
8860.0	1.09711e-07
8870.0	1.88e-07
8880.0	1.89758e-07
8890.0	1.02406e-07
8900.0	1.45079e-07
8910.0	1.78106e-07
8920.0	1.93622e-07
8930.0	4.02766e-08
8940.0	0.0
8950.0	3.52024e-07
8960.0	1.08324e-06
8970.0	1.12772e-06
8980.0	7.78431e-07
8990.0	1.83779e-07
9000.0	1.10162e-07
9010.0	1.04809e-07
9020.0	1.13975e-07
9030.0	8.02194e-08
9040.0	1.09337e-07
9050.0	1.10836e-07
9060.0	9.95533e-08
9070.0	1.19361e-07
9080.0	1.57504e-07
9090.0	1.89117e-07
9100.0	1.51722e-07
9110.0	8.37632e-08
9120.0	6.03914e-08
9130.0	6.47062e-08
9140.0	1.08359e-07
9150.0	1.49819e-07
9160.0	1.31269e-07
9170.0	1.23963e-07
9180.0	8.54986e-08
9190.0	1.54802e-07
9200.0	1.28993e-07
9210.0	2.08612e-07
9220.0	1.89025e-07
9230.0	1.81466e-07
9240.0	1.24612e-07
9250.0	1.00958e-07
9260.0	1.30231e-07
9270.0	1.2117e-07
9280.0	1.37496e-07
9290.0	1.12891e-07
9300.0	1.64725e-07
9310.0	1.5079e-07
9320.0	2.40257e-07
9330.0	2.55691e-07
9340.0	2.58349e-07
9350.0	1.80566e-07
9360.0	9.55083e-08
9370.0	1.13047e-07
9380.0	1.08227e-07
9390.0	1.54904e-07
9400.0	1.28774e-07
9410.0	2.26201e-07
9420.0	2.27512e-07
9430.0	2.06539e-07
9440.0	2.05845e-07
9450.0	3.02708e-07
9460.0	4.03609e-07
9470.0	4.81757e-07
9480.0	4.61014e-07
9490.0	5.44669e-07
9500.0	5.61222e-07
9510.0	6.6707e-07
9520.0	7.48234e-07
9530.0	7.2936e-07
9540.0	7.44871e-07
9550.0	7.70418e-07
9560.0	9.7598e-07
9570.0	1.20679e-06
9580.0	1.54112e-06
9590.0	1.96535e-06
9600.0	2.51176e-06
9610.0	3.15925e-06
9620.0	3.89356e-06
9630.0	4.67793e-06
9640.0	5.45333e-06
9650.0	6.28875e-06
9660.0	7.24423e-06
9670.0	8.52696e-06
9680.0	1.01331e-05
9690.0	1.21983e-05
9700.0	1.4579e-05
9710.0	1.73706e-05
9720.0	2.0335e-05
9730.0	2.33197e-05
9740.0	2.60559e-05
9750.0	2.85776e-05
9760.0	3.10341e-05
9770.0	3.39777e-05
9780.0	3.78327e-05
9790.0	4.32367e-05
9800.0	5.0721e-05
9810.0	6.09173e-05
9820.0	7.47619e-05
9830.0	9.32181e-05
9840.0	0.000117042
9850.0	0.000147412
9860.0	0.000184761
9870.0	0.00022952
9880.0	0.000281857
9890.0	0.000341601
9900.0	0.000408817
9910.0	0.000483069
9920.0	0.000565551
9930.0	0.000659542
9940.0	0.00076882
9950.0	0.000898733
9960.0	0.00106001
9970.0	0.00126651
9980.0	0.0263085
9990.0	0.0604743
10000.0	0.098786
10009.999999999998	0.115551
10020.0	0.128659
10029.999999999998	0.142292
10040.0	0.15879
10049.999999999998	0.176627
10060.0	0.199045
10069.999999999998	0.224034
10080.0	0.253651
10089.999999999998	0.288395
10100.0	0.328964
10109.999999999998	0.375611
10120.0	0.426113
10129.999999999998	0.482738
10140.0	0.542223
10149.999999999998	0.599991
10160.0	0.65246
10169.999999999998	0.694925
10180.0	0.727008
10189.999999999998	0.745228
10200.0	0.753665
10209.999999999998	0.755269
10220.0	0.755347
10230.0	0.75505
10240.0	0.756279
10250.0	0.757476
10260.0	0.755844
10270.0	0.751673
10280.0	0.747603
10290.0	0.74495
10300.0	0.742731
10310.0	0.74255
10320.0	0.745714
10330.0	0.752092
10340.0	0.757955
10350.0	0.766252
10360.0	0.773129
10370.0	0.779037
10380.0	0.782977
10390.0	0.787276
10400.0	0.790317
10410.0	0.791963
10420.0	0.791735
10430.0	0.792061
10440.0	0.792936
10450.0	0.794253
10460.0	0.794738
10470.0	0.793864
10480.0	0.795689
10490.0	0.79798
10500.0	0.799517
10510.0	0.799174
10520.0	0.799488
10530.0	0.801264
10540.0	0.804928
10550.0	0.808687
10560.0	0.813913
10570.0	0.816976
10580.0	0.819202
10590.0	0.819222
10600.0	0.817724
10610.0	0.815472
10620.0	0.813094
10630.0	0.808722
10640.0	0.804267
10650.0	0.798496
10660.0	0.794759
10670.0	0.788957
10680.0	0.784608
10690.0	0.7774
10700.0	0.770325
10710.0	0.762578
10720.0	0.75528
10730.0	0.749338
10740.0	0.743767
10750.0	0.739027
10760.0	0.73635
10770.0	0.732227
10780.0	0.729328
10790.0	0.723439
10800.0	0.719835
10810.0	0.716906
10820.0	0.71499
10830.0	0.714415
10840.0	0.714995
10850.0	0.719298
10860.0	0.723427
10870.0	0.728904
10880.0	0.73402
10890.0	0.738444
10900.0	0.742616
10910.0	0.745048
10920.0	0.751065
10930.0	0.756373
10940.0	0.764435
10950.0	0.76964
10960.0	0.773807
10970.0	0.7776
10980.0	0.780056
10990.0	0.783502
11000.0	0.786802
11010.0	0.790526
11020.0	0.793816
11030.0	0.794624
11040.000000000002	0.796607
11050.0	0.797912
11060.000000000002	0.800825
11070.0	0.801788
11080.000000000002	0.803438
11090.0	0.803334
11100.000000000002	0.802391
11110.0	0.800444
11120.000000000002	0.798782
11130.0	0.798936
11140.000000000002	0.796196
11150.0	0.792896
11160.000000000002	0.788124
11170.0	0.782204
11180.000000000002	0.777418
11190.0	0.772961
11200.000000000002	0.771728
11210.0	0.769568
11220.000000000002	0.766523
11230.0	0.767071
11240.000000000002	0.767677
11250.0	0.771204
11259.999999999998	0.773385
11270.0	0.776451
11279.999999999998	0.779289
11290.0	0.780579
11299.999999999998	0.782275
11310.0	0.784347
11319.999999999998	0.789581
11330.0	0.792603
11339.999999999998	0.795712
11350.0	0.79793
11359.999999999998	0.800351
11370.0	0.801531
11379.999999999998	0.802449
11390.0	0.804606
11399.999999999998	0.806473
11410.0	0.808452
11419.999999999998	0.81003
11430.0	0.81201
11439.999999999998	0.815364
11450.0	0.816732
11459.999999999998	0.82431
11470.0	0.827626
11480.0	0.831129
11490.0	0.833598
11500.0	0.838316
11510.0	0.842593
11520.0	0.843181
11530.0	0.847775
11540.0	0.851847
11550.0	0.85726
11560.0	0.858675
11570.0	0.862994
11580.0	0.866939
11590.0	0.869834
11600.0	0.872303
11610.0	0.874839
11620.0	0.877702
11630.0	0.8801
11640.0	0.882542
11650.0	0.885174
11660.0	0.887493
11670.0	0.889756
11680.0	0.892957
11690.0	0.897924
11700.0	0.902154
11710.0	0.905092
11720.0	0.905291
11730.0	0.905482
11740.0	0.90583
11750.0	0.906658
11760.0	0.907627
11770.0	0.907031
11780.0	0.905935
11790.0	0.904427
11800.0	0.903202
11810.0	0.904054
11820.0	0.901322
11830.0	0.903276
11840.0	0.900881
11850.0	0.89993
11860.0	0.893991
11870.0	0.891073
11880.0	0.890038
11890.0	0.890715
11900.0	0.889216
11910.0	0.88761
11920.0	0.885827
11930.0	0.886552
11940.0	0.885594
11950.0	0.884968
11960.0	0.882971
11970.0	0.879429
11980.0	0.876836
11990.0	0.874494
12000.0	0.875697
12010.0	0.874442
12020.0	0.873619
12030.0	0.871937
12040.0	0.870706
12050.0	0.870004
12060.0	0.867672
12070.0	0.865543
12080.0	0.862687
12090.0	0.861336
12100.0	0.860818
12110.0	0.859617
12120.0	0.859273
12130.0	0.858209
12140.0	0.858617
12150.0	0.857988
12160.0	0.857977
12170.0	0.860716
12180.0	0.863066
12190.0	0.865951
12200.0	0.866144
12210.0	0.868521
12220.0	0.871403
12230.0	0.875673
12240.0	0.878502
12250.0	0.885316
12260.0	0.890182
12270.0	0.896761
12280.0	0.899384
12290.000000000002	0.903493
12300.0	0.907465
12310.000000000002	0.908812
12320.0	0.909474
12330.000000000002	0.907837
12340.0	0.908112
12350.000000000002	0.907012
12360.0	0.909178
12370.000000000002	0.909251
12380.0	0.906854
12390.000000000002	0.905243
12400.0	0.905882
12410.000000000002	0.909657
12420.0	0.913158
12430.000000000002	0.91668
12440.0	0.918819
12450.000000000002	0.920646
12460.0	0.922123
12470.000000000002	0.925696
12480.0	0.927507
12490.000000000002	0.930917
12500.0	0.933653
12509.999999999998	0.937361
12520.0	0.940026
12529.999999999998	0.943426
12540.0	0.946449
12549.999999999998	0.948382
12560.0	0.948566
12569.999999999998	0.94845
12580.0	0.947274
12589.999999999998	0.946867
12600.0	0.943943
12609.999999999998	0.944405
12620.0	0.947027
12629.999999999998	0.94949
12640.0	0.948942
12649.999999999998	0.945905
12660.0	0.944909
12669.999999999998	0.948581
12680.0	0.952318
12689.999999999998	0.954157
12700.0	0.951196
12709.999999999998	0.948096
12720.0	0.944003
12730.0	0.93684
12740.0	0.92651
12750.0	0.909728
12760.0	0.8834
12770.0	0.845097
12780.0	0.795986
12790.0	0.741094
12800.0	0.677303
12810.0	0.609109
12820.0	0.535646
12830.0	0.46589
12840.0	0.399495
12850.0	0.340849
12860.0	0.288271
12870.0	0.244995
12880.0	0.208685
12890.0	0.178842
12900.0	0.154314
12910.0	0.134242
12920.0	0.117372
12930.0	0.10336
12940.0	0.0915583
12950.0	0.0812702
12960.0	0.071576
12970.0	0.0622256
12980.0	0.0532113
12990.0	0.0443442
13000.0	0.036083
13010.0	0.0290594
13020.0	0.0233099
13030.0	0.0186818
13040.0	0.0150551
13050.0	0.0121066
13060.0	0.00974703
13070.0	0.00787124
13080.0	0.00640667
13090.0	0.00526427
13100.0	0.0043463
13110.0	0.00361269
13120.0	0.00299878
13130.0	0.00251569
13140.0	0.00211159
13150.0	0.00178356
13160.0	0.00150237
13170.0	0.00127702
13180.0	0.00108916
13190.0	0.000933478
13200.0	0.00079622
13210.0	0.000682529
13220.0	0.000587387
13230.0	0.000509018
13240.0	0.000442782
13250.0	0.000384605
13260.0	0.000332312
13270.0	0.000287683
13280.0	0.000252464
13290.0	0.000223841
13300.0	0.0001995
13310.0	0.0001761
13320.0	0.000156006
13330.0	0.000138225
13340.0	0.000124493
13350.0	0.000112268
13360.0	0.000100913
13370.0	9.07134e-05
13380.0	8.20539e-05
13390.0	7.49358e-05
13400.0	6.8615e-05
13410.0	6.24613e-05
13420.0	5.9061e-05
13430.0	5.36715e-05
13440.0	5.03059e-05
13450.0	4.57255e-05
13460.0	4.26378e-05
13470.0	3.8845e-05
13480.0	3.54169e-05
13490.0	3.34988e-05
13500.0	3.11743e-05
13510.0	2.92402e-05
13520.0	2.75481e-05
13530.0	2.49393e-05
13540.000000000002	2.2946e-05
13550.0	2.00619e-05
13560.000000000002	1.96293e-05
13570.0	1.7723e-05
13580.000000000002	1.67545e-05
13590.0	1.57391e-05
13600.000000000002	1.53576e-05
13610.0	1.45047e-05
13620.000000000002	1.23633e-05
13630.0	1.10281e-05
13640.000000000002	1.11542e-05
13650.0	1.24845e-05
13660.000000000002	1.17845e-05
13670.0	1.10752e-05
13680.000000000002	1.02796e-05
13690.0	1.00555e-05
13700.000000000002	8.97656e-06
13710.0	8.56451e-06
13720.000000000002	1.11504e-05
13730.0	1.24425e-05
13740.000000000002	1.23235e-05
13750.0	1.01915e-05
13759.999999999998	8.91392e-06
13770.0	7.8865e-06
13779.999999999998	7.769e-06
13790.0	8.2046e-06
13799.999999999998	9.6077e-06
13810.0	9.33757e-06
13819.999999999998	9.09797e-06
13830.0	8.41228e-06
13839.999999999998	7.65814e-06
13850.0	6.13093e-06
13859.999999999998	6.55747e-06
13870.0	7.21302e-06
13879.999999999998	7.98165e-06
13890.0	7.415e-06
13899.999999999998	7.4274e-06
13910.0	6.61846e-06
13919.999999999998	5.90483e-06
13930.0	6.23095e-06
13939.999999999998	7.60472e-06
13950.0	8.35476e-06
13959.999999999998	7.88197e-06
13970.0	6.91758e-06
13980.0	7.22873e-06
13990.0	7.78277e-06
14000.0	8.81681e-06
14010.0	9.31302e-06
14020.0	9.11488e-06
14030.0	7.68158e-06
14040.0	6.4892e-06
14050.0	5.8399e-06
14060.0	7.12245e-06
14070.0	6.55359e-06
14080.0	6.34539e-06
14090.0	7.08568e-06
14100.0	8.25568e-06
14110.0	7.86978e-06
14120.0	7.44591e-06
14130.0	7.03541e-06
14140.0	7.58355e-06
14150.0	6.05984e-06
14160.0	4.42247e-06
14170.0	3.67894e-06
14180.0	4.82157e-06
14190.0	5.72624e-06
14200.0	6.91286e-06
14210.0	5.48738e-06
14220.0	4.38069e-06
14230.0	2.06815e-06
14240.0	3.65754e-06
14250.0	6.43541e-06
14260.0	9.23029e-06
14270.0	8.38624e-06
14280.0	7.44246e-06
14290.0	7.20481e-06
14300.0	8.15731e-06
14310.0	7.99881e-06
14320.0	6.65308e-06
14330.0	6.41361e-06
14340.0	5.64022e-06
14350.0	4.50659e-06
14360.0	3.01983e-06
14370.0	2.37771e-06
14380.0	3.29098e-06
14390.0	3.66662e-06
14400.0	5.14722e-06
14410.0	4.83717e-06
14420.0	5.29716e-06
14430.0	5.18896e-06
14440.0	5.57604e-06
14450.0	6.25677e-06
14460.0	5.84931e-06
14470.0	7.16414e-06
14480.0	5.91626e-06
14490.0	5.20596e-06
14500.0	4.15469e-06
14510.0	4.32411e-06
14520.0	3.97175e-06
14530.0	3.67977e-06
14540.0	3.4772e-06
14550.0	3.50535e-06
14560.0	2.78101e-06
14570.0	3.13541e-06
14580.0	3.45305e-06
14590.0	4.11485e-06
14600.0	4.79979e-06
14610.0	5.91334e-06
14620.0	6.05425e-06
14630.0	5.56558e-06
14640.0	4.64427e-06
14650.0	4.87658e-06
14660.0	4.98304e-06
14670.0	4.37724e-06
14680.0	5.40552e-06
14690.0	4.03746e-06
14700.0	3.87905e-06
14710.0	3.18489e-06
14720.0	4.20723e-06
14730.0	4.823e-06
14740.0	3.71155e-06
14750.0	2.45121e-06
14760.0	1.80762e-06
14770.0	2.30884e-06
14780.0	3.36034e-06
14790.000000000002	3.8414e-06
14800.0	3.49675e-06
14810.000000000002	2.80835e-06
14820.0	3.11737e-06
14830.000000000002	4.09713e-06
14840.0	5.46549e-06
14850.000000000002	6.19769e-06
14860.0	6.71494e-06
14870.000000000002	5.06482e-06
14880.0	4.09953e-06
14890.000000000002	2.64716e-06
14900.0	2.51576e-06
14910.000000000002	2.4902e-06
14920.0	2.93118e-06
14930.000000000002	3.07317e-06
14940.0	2.64031e-06
14950.000000000002	3.06824e-06
14960.0	3.86106e-06
14970.000000000002	4.18538e-06
14980.0	3.37847e-06
14990.000000000002	2.60742e-06
15000.0	2.84191e-06
15009.999999999998	2.85813e-06
15020.0	4.14025e-06
15029.999999999998	3.84672e-06
15040.0	4.23073e-06
15049.999999999998	3.36733e-06
15060.0	4.17613e-06
15069.999999999998	4.14874e-06
15080.0	4.73702e-06
15089.999999999998	5.0277e-06
15100.0	4.62473e-06
15109.999999999998	4.13704e-06
15120.0	3.6468e-06
15129.999999999998	3.85053e-06
15140.0	3.68203e-06
15149.999999999998	3.88338e-06
15160.0	3.37732e-06
15169.999999999998	4.02374e-06
15180.0	3.13203e-06
15189.999999999998	3.76289e-06
15200.0	2.92255e-06
15209.999999999998	3.2935e-06
15220.0	3.30847e-06
15230.0	5.23024e-06
15240.0	5.48819e-06
15250.0	4.57161e-06
15260.0	2.62813e-06
15270.0	2.85526e-06
15280.0	3.54353e-06
15290.0	4.19653e-06
15300.0	4.95123e-06
15310.0	5.11341e-06
15320.0	4.62256e-06
15330.0	3.9048e-06
15340.0	4.07681e-06
15350.0	5.76943e-06
15360.0	5.01615e-06
15370.0	3.71989e-06
15380.0	1.99045e-06
15390.0	2.65619e-06
15400.0	4.54656e-06
15410.0	5.55067e-06
15420.0	4.95781e-06
15430.0	5.56855e-06
15440.0	5.16455e-06
15450.0	5.75549e-06
15460.0	4.37917e-06
15470.0	3.57039e-06
15480.0	3.22352e-06
15490.0	5.26674e-06
15500.0	5.69112e-06
15510.0	6.74664e-06
15520.0	4.99441e-06
15530.0	4.21386e-06
15540.0	2.09246e-06
15550.0	2.13963e-06
15560.0	2.90683e-06
15570.0	3.67159e-06
15580.0	2.84758e-06
15590.0	3.27746e-06
15600.0	3.86252e-06
15610.0	4.66005e-06
15620.0	4.9203e-06
15630.0	5.63479e-06
15640.0	5.62228e-06
15650.0	4.21069e-06
15660.0	2.86453e-06
15670.0	2.49978e-06
15680.0	2.85163e-06
15690.0	3.43864e-06
15700.0	5.24257e-06
15710.0	6.97684e-06
15720.0	6.89287e-06
15730.0	4.97136e-06
15740.0	5.0907e-06
15750.0	6.22948e-06
15760.0	7.56076e-06
15770.0	7.03065e-06
15780.0	6.25307e-06
15790.0	4.47762e-06
15800.0	3.93216e-06
15810.0	4.57888e-06
15820.0	5.1289e-06
15830.0	5.23276e-06
15840.0	4.61519e-06
15850.0	5.57847e-06
15860.0	4.55774e-06
15870.0	4.06454e-06
15880.0	2.16722e-06
15890.0	4.97546e-06
15900.0	5.71313e-06
15910.0	6.00424e-06
15920.0	3.68518e-06
15930.0	2.81556e-06
15940.0	3.39975e-06
15950.0	3.62616e-06
15960.0	3.85404e-06
15970.0	4.76186e-06
15980.0	4.50171e-06
15990.0	4.09523e-06
16000.0	2.6558e-06
16010.0	3.6697e-06
16020.0	4.47749e-06
16030.0	5.19962e-06
16040.000000000002	6.41536e-06
16050.0	5.73271e-06
16060.000000000002	5.3136e-06
16070.0	3.41061e-06
16080.000000000002	4.09469e-06
16090.0	4.60481e-06
16100.000000000002	7.10624e-06
16110.0	6.3676e-06
16120.000000000002	7.08619e-06
16130.0	4.4198e-06
16140.000000000002	4.48126e-06
16150.0	3.54813e-06
16160.000000000002	2.86125e-06
16170.0	3.5679e-06
16180.000000000002	3.022e-06
16190.0	4.23624e-06
16200.000000000002	4.53718e-06
16210.0	5.91481e-06
16220.000000000002	6.13165e-06
16230.0	7.0873e-06
16240.000000000002	5.98652e-06
16250.0	5.28569e-06
16259.999999999998	2.85193e-06
16270.0	4.54453e-06
16279.999999999998	5.03626e-06
16290.0	5.63091e-06
16299.999999999998	4.09952e-06
16310.0	2.65171e-06
16319.999999999998	2.68323e-06
16330.0	2.801e-06
16339.999999999998	5.25394e-06
16350.0	5.86104e-06
16359.999999999998	6.4564e-06
16370.0	6.48613e-06
16379.999999999998	5.25722e-06
16390.0	4.36219e-06
16400.0	2.27089e-06
16410.0	5.45525e-06
16420.0	6.99954e-06
16430.0	8.90404e-06
16440.0	8.44826e-06
16450.0	8.13113e-06
16460.0	7.07641e-06
16470.0	5.4457e-06
16480.0	4.54221e-06
16490.0	5.71834e-06
16500.0	5.48695e-06
16510.0	6.29727e-06
16520.0	5.74725e-06
16530.0	5.51454e-06
16540.0	6.2817e-06
16550.0	6.23471e-06
16560.0	7.80258e-06
16570.0	5.8325e-06
16580.0	5.55879e-06
16590.0	3.58839e-06
16600.0	3.87722e-06
16610.0	4.17467e-06
16620.0	5.40852e-06
16630.0	5.29481e-06
16640.0	3.83579e-06
16650.0	4.40659e-06
16660.0	5.7197e-06
16670.0	5.99094e-06
16680.0	5.10812e-06
16690.0	5.92003e-06
16700.0	7.18448e-06
16710.0	6.90399e-06
16720.0	7.55933e-06
16730.0	7.0098e-06
16740.0	7.49858e-06
16750.0	6.0596e-06
16760.0	5.08555e-06
16770.0	4.8197e-06
16780.0	4.35976e-06
16790.0	5.97462e-06
16800.0	4.68663e-06
16810.0	6.12444e-06
16820.0	5.72114e-06
16830.0	8.2905e-06
16840.0	5.63338e-06
16850.0	7.39646e-06
16860.0	6.2711e-06
16870.0	7.4009e-06
16880.0	6.68653e-06
16890.0	6.82031e-06
16900.0	8.35983e-06
16910.0	6.92929e-06
16920.0	7.99533e-06
16930.0	6.01537e-06
16940.0	6.06096e-06
16950.0	6.37161e-06
16960.0	6.31811e-06
16970.0	7.49367e-06
16980.0	5.14937e-06
16990.0	7.85382e-06
17000.0	1.03426e-05
17010.0	1.04323e-05
17020.0	7.7089e-06
17030.0	5.79984e-06
17040.0	7.58238e-06
17050.0	8.77825e-06
17060.0	8.40264e-06
17070.0	7.11981e-06
17080.0	6.65102e-06
17090.0	6.72636e-06
17100.0	7.30149e-06
17110.0	7.95351e-06
17120.0	8.71592e-06
17130.0	9.86474e-06
17140.0	9.09352e-06
17150.0	8.7228e-06
17160.0	8.72755e-06
17170.0	8.76355e-06
17180.0	9.41905e-06
17190.0	7.46619e-06
17200.0	8.16602e-06
17210.0	7.03491e-06
17220.0	8.7707e-06
17230.0	9.02568e-06
17240.0	9.36836e-06
17250.0	9.62827e-06
17260.0	9.56087e-06
17270.0	1.01743e-05
17280.0	7.55878e-06
17290.0	8.72911e-06
17300.0	7.70493e-06
17310.0	1.26239e-05
17320.0	1.16814e-05
17330.0	1.14552e-05
17340.0	7.09166e-06
17350.0	6.51405e-06
17360.0	8.34623e-06
17370.0	1.14606e-05
17380.0	1.37149e-05
17390.0	1.26851e-05
17400.0	1.13532e-05
17410.0	1.0829e-05
17420.0	1.21468e-05
17430.0	1.3229e-05
17440.0	1.27714e-05
17450.0	9.72221e-06
17460.0	1.0112e-05
17470.0	1.09598e-05
17480.0	1.04066e-05
17490.0	8.89437e-06
17500.0	6.3656e-06
17510.0	8.42237e-06
17520.0	6.57237e-06
17530.0	8.87811e-06
17540.0	8.17207e-06
17550.0	1.02268e-05
17560.0	8.55354e-06
17570.0	6.85537e-06
17580.0	7.19206e-06
17590.0	6.53756e-06
17600.0	9.65637e-06
17610.0	1.02454e-05
17620.0	1.12864e-05
17630.0	9.15054e-06
17640.0	8.69707e-06
17650.0	9.61719e-06
17660.0	1.28105e-05
17670.0	1.34062e-05
17680.0	1.24784e-05
17690.0	9.97674e-06
17700.0	8.59999e-06
17710.0	1.09608e-05
17720.0	1.25493e-05
17730.0	1.20971e-05
17740.0	7.05233e-06
17750.0	6.52892e-06
17760.0	5.90186e-06
17770.0	9.95716e-06
17780.0	7.74391e-06
17790.0	1.1109e-05
17800.0	8.08225e-06
17810.0	1.43348e-05
17820.0	1.09056e-05
17830.0	1.17703e-05
17840.0	6.37492e-06
17850.0	6.80386e-06
17860.0	8.91136e-06
17870.0	9.97252e-06
17880.0	9.96799e-06
17890.0	6.25407e-06
17900.0	5.50193e-06
17910.0	6.36719e-06
17920.0	8.19141e-06
17930.0	7.52456e-06
17940.0	6.93387e-06
17950.0	7.78687e-06
17960.0	7.31914e-06
17970.0	8.10417e-06
17980.0	8.63644e-06
17990.0	1.09293e-05
18000.0	1.01094e-05
18010.0	1.23776e-05
18020.0	1.16574e-05
18030.0	1.18854e-05
18040.0	7.64325e-06
18050.0	7.31556e-06
18060.0	7.73961e-06
18070.0	8.83962e-06
18080.0	9.2179e-06
18090.0	8.15039e-06
18100.0	9.62911e-06
18110.0	1.07389e-05
18120.0	9.58325e-06
18130.0	5.10748e-06
18140.0	3.69525e-06
18150.0	7.91486e-06
18160.0	1.26123e-05
18170.0	1.15087e-05
18180.0	1.04051e-05
18190.0	7.44607e-06
18200.0	9.94951e-06
18210.0	7.53887e-06
18220.0	9.43269e-06
18230.0	1.20047e-05
18240.0	1.31362e-05
18250.0	1.16888e-05
18260.0	1.25184e-05
18270.0	1.49198e-05
18280.0	1.61364e-05
18290.0	1.50847e-05
18300.0	1.17264e-05
18310.0	9.44067e-06
18320.0	6.20944e-06
18330.0	9.24511e-06
18340.0	1.06351e-05
18350.0	1.25691e-05
18360.0	9.20695e-06
18370.0	1.05199e-05
18380.0	1.23712e-05
18390.0	1.29715e-05
18400.0	1.03555e-05
18410.0	9.67696e-06
18420.0	1.28526e-05
18430.0	1.35597e-05
18440.0	1.35822e-05
18450.0	1.38297e-05
18460.0	1.43555e-05
18470.0	1.25837e-05
18480.0	1.0224e-05
18490.0	8.43017e-06
18500.0	6.51134e-06
18510.0	5.36604e-06
18520.0	1.01697e-05
18530.0	9.9061e-06
18540.0	1.30289e-05
18550.0	1.06307e-05
18560.0	1.3073e-05
18570.0	1.25988e-05
18580.0	1.32981e-05
18590.0	1.07146e-05
18600.0	1.15874e-05
18610.0	1.1263e-05
18620.0	1.26354e-05
18630.0	1.10801e-05
18640.0	8.31559e-06
18650.0	9.08255e-06
18660.0	9.85971e-06
18670.0	1.5359e-05
18680.0	1.33796e-05
18690.0	1.19907e-05
18700.0	1.19499e-05
18710.0	1.39475e-05
18720.0	1.42158e-05
18730.0	9.24944e-06
18740.0	7.45427e-06
18750.0	9.11974e-06
18760.0	1.20818e-05
18770.0	1.33936e-05
18780.0	1.20269e-05
18790.0	1.51634e-05
18800.0	1.68504e-05
18810.0	1.75318e-05
18820.0	1.3953e-05
18830.0	1.58964e-05
18840.0	1.31238e-05
18850.0	1.35411e-05
18860.0	1.06027e-05
18870.0	1.17012e-05
18880.0	1.20072e-05
18890.0	1.00771e-05
18900.0	1.06377e-05
18910.0	9.6577e-06
18920.0	1.02973e-05
18930.0	1.15722e-05
18940.0	1.10695e-05
18950.0	1.23684e-05
18960.0	1.20966e-05
18970.0	1.42865e-05
18980.0	1.33137e-05
18990.0	1.23594e-05
19000.0	1.22038e-05
19010.0	1.13058e-05
19020.0	1.5299e-05
19030.0	1.35524e-05
19040.0	1.38669e-05
19050.0	1.41923e-05
19060.0	1.44543e-05
19070.0	1.38816e-05
19080.0	9.88553e-06
19090.0	1.04627e-05
19100.0	1.37706e-05
19110.0	1.27503e-05
19120.0	1.187e-05
19130.0	1.30531e-05
19140.0	1.45326e-05
19150.0	1.51497e-05
19160.0	9.89608e-06
19170.0	7.85455e-06
19180.0	1.11201e-05
19190.0	1.15803e-05
19200.0	9.62469e-06
19210.0	9.56101e-06
19220.0	1.17816e-05
19230.0	1.31616e-05
19240.0	8.02855e-06
19250.0	6.24411e-06
19260.0	8.14213e-06
19270.0	1.3712e-05
19280.0	1.29312e-05
19290.0	1.08336e-05
19300.0	5.59434e-06
19310.0	7.6545e-06
19320.0	7.77984e-06
19330.0	1.08594e-05
19340.0	1.06012e-05
19350.0	9.81779e-06
19360.0	7.26233e-06
19370.0	9.42086e-06
19380.0	1.03901e-05
19390.0	1.01356e-05
19400.0	6.95412e-06
19410.0	7.97209e-06
19420.0	9.01156e-06
19430.0	7.79619e-06
19440.0	5.02442e-06
19450.0	6.94656e-06
19460.0	1.03908e-05
19470.0	1.13641e-05
19480.0	9.00716e-06
19490.0	6.72837e-06
19500.0	9.16752e-06
19510.0	1.14231e-05
19520.0	1.11398e-05
19530.0	9.80858e-06
19540.0	6.17255e-06
19550.0	7.62193e-06
19560.0	8.18746e-06
19570.0	7.74962e-06
19580.0	6.28056e-06
19590.0	7.51509e-06
19600.0	7.22691e-06
19610.0	6.88231e-06
19620.0	4.2176e-06
19630.0	7.85804e-06
19640.0	1.08568e-05
19650.0	1.15298e-05
19660.0	8.29641e-06
19670.0	6.74778e-06
19680.0	1.23709e-05
19690.0	1.26258e-05
19700.0	9.64575e-06
19710.0	3.36207e-06
19720.0	5.04349e-06
19730.0	6.69786e-06
19740.0	6.66387e-06
19750.0	4.70384e-06
19760.0	4.4373e-06
19770.0	6.42508e-06
19780.0	9.52048e-06
19790.0	1.11034e-05
19800.0	1.12184e-05
19810.0	8.00212e-06
19820.0	5.41371e-06
19830.0	6.90693e-06
19840.0	1.17429e-05
19850.0	1.63976e-05
19860.0	1.30342e-05
19870.0	9.18954e-06
19880.0	8.3685e-06
19890.0	8.32095e-06
19900.0	8.63678e-06
19910.0	6.12662e-06
19920.0	1.24665e-05
19930.0	1.47296e-05
19940.0	1.66262e-05
19950.0	1.07914e-05
19960.0	7.50539e-06
19970.0	6.32103e-06
19980.0	8.76784e-06
19990.0	9.36663e-06
20000.0	8.80829e-06
20010.0	6.86826e-06
20019.999999999996	7.18631e-06
20030.0	7.92741e-06
20040.0	8.14336e-06
20050.0	6.40363e-06
20059.999999999996	5.4745e-06
20070.0	7.30845e-06
20080.0	7.53168e-06
20090.0	1.11759e-05
20099.999999999996	9.52025e-06
20110.0	1.04122e-05
20120.0	8.33908e-06
20130.0	8.77233e-06
20139.999999999996	1.07065e-05
20150.0	8.55805e-06
20160.0	6.40237e-06
20170.0	2.71968e-06
20179.999999999996	3.77292e-06
20190.0	5.48903e-06
20200.0	8.54594e-06
20210.0	7.05557e-06
20219.999999999996	6.69846e-06
20230.0	5.66705e-06
20240.0	6.03606e-06
20250.0	3.81919e-06
20259.999999999996	8.38578e-06
20270.0	1.23588e-05
20280.0	1.79555e-05
20290.0	1.24811e-05
20299.999999999996	1.25164e-05
20310.0	1.10511e-05
20320.0	1.17636e-05
20330.0	7.39282e-06
20339.999999999996	3.83583e-06
20350.0	6.5116e-06
20360.0	7.53341e-06
20370.0	1.12603e-05
20379.999999999996	8.47557e-06
20390.0	8.23218e-06
20400.0	5.42599e-06
20410.0	7.61455e-06
20419.999999999996	7.14159e-06
20430.0	7.91666e-06
20440.0	7.68451e-06
20450.0	1.0695e-05
20460.0	1.15811e-05
20470.0	1.07749e-05
20480.0	7.39831e-06
20490.0	4.11668e-06
20500.0	3.5826e-06
20510.0	5.40853e-06
20520.0	6.1934e-06
20530.0	1.01756e-05
20540.0	1.08567e-05
20550.0	1.31234e-05
20560.0	9.12273e-06
20570.0	9.70444e-06
20580.0	1.09799e-05
20590.0	1.30758e-05
20600.0	1.06109e-05
20610.0	7.20437e-06
20620.0	5.25823e-06
20630.0	5.10697e-06
20640.0	7.83129e-06
20650.0	9.84625e-06
20660.0	1.22258e-05
20670.0	1.26113e-05
20680.0	9.63681e-06
20690.0	9.02626e-06
20700.0	8.55701e-06
20710.0	9.41179e-06
20720.0	7.81649e-06
20730.0	7.19202e-06
20740.0	6.58026e-06
20750.0	9.31103e-06
20760.0	8.40111e-06
20770.0	1.02025e-05
20780.0	1.02691e-05
20790.0	1.18125e-05
20800.0	9.11502e-06
20810.0	7.65745e-06
20820.0	6.11328e-06
20830.000000000004	1.01967e-05
20840.0	9.88828e-06
20850.0	1.41373e-05
20860.0	1.13357e-05
20870.000000000004	1.38724e-05
20880.0	1.32479e-05
20890.0	1.30128e-05
20900.0	1.19785e-05
20910.000000000004	1.10399e-05
20920.0	1.29741e-05
20930.0	1.31658e-05
20940.0	1.4374e-05
20950.000000000004	1.63368e-05
20960.0	1.52713e-05
20970.0	1.1815e-05
20980.0	8.4826e-06
20990.000000000004	7.98819e-06
21000.0	6.77296e-06
21010.0	8.39805e-06
21020.0	1.01049e-05
21030.000000000004	1.41072e-05
21040.0	1.41392e-05
21050.0	1.15135e-05
21060.0	1.03733e-05
21070.000000000004	6.87374e-06
21080.0	7.31852e-06
21090.0	3.83943e-06
21100.0	7.60397e-06
21110.000000000004	8.14626e-06
21120.0	1.02714e-05
21130.0	9.22141e-06
21140.0	9.41818e-06
21150.000000000004	7.26467e-06
21160.0	6.42114e-06
21170.0	9.67728e-06
21180.0	1.13907e-05
21190.000000000004	9.76111e-06
21200.0	7.41028e-06
21210.0	6.54728e-06
21220.0	1.01602e-05
21230.000000000004	9.06371e-06
21240.0	1.19161e-05
21250.0	1.28952e-05
21260.0	1.31557e-05
21269.999999999996	1.15069e-05
21280.0	1.01154e-05
21290.0	9.70614e-06
21300.0	1.1172e-05
21309.999999999996	1.5054e-05
21320.0	1.53631e-05
21330.0	1.29488e-05
21340.0	6.93021e-06
21349.999999999996	7.28491e-06
21360.0	9.90644e-06
21370.0	9.22289e-06
21380.0	7.03661e-06
21389.999999999996	3.19542e-06
21400.0	6.53462e-06
21410.0	6.49436e-06
21420.0	1.11053e-05
21429.999999999996	9.74508e-06
21440.0	9.94942e-06
21450.0	7.377e-06
21460.0	6.68619e-06
21469.999999999996	5.8956e-06
21480.0	8.2335e-06
21490.0	1.15458e-05
21500.0	1.53842e-05
21509.999999999996	1.59728e-05
21520.0	1.49101e-05
21530.0	1.50368e-05
21540.0	1.41831e-05
21549.999999999996	1.56215e-05
21560.0	1.34998e-05
21570.0	1.30161e-05
21580.0	9.76032e-06
21589.999999999996	1.31543e-05
21600.0	1.47531e-05
21610.0	1.2785e-05
21620.0	1.10059e-05
21629.999999999996	1.0754e-05
21640.0	1.04746e-05
21650.0	9.79182e-06
21660.0	7.5581e-06
21669.999999999996	7.87492e-06
21680.0	9.13465e-06
21690.0	7.72645e-06
21700.0	1.0649e-05
21710.0	1.0711e-05
21720.0	1.07521e-05
21730.0	8.01017e-06
21740.0	1.01204e-05
21750.0	1.24945e-05
21760.0	1.34235e-05
21770.0	9.0637e-06
21780.0	7.79693e-06
21790.0	1.15409e-05
21800.0	1.10437e-05
21810.0	9.78057e-06
21820.0	6.13439e-06
21830.0	9.57024e-06
21840.0	1.19984e-05
21850.0	1.2955e-05
21860.0	1.36142e-05
21870.0	1.52159e-05
21880.0	1.42231e-05
21890.0	1.093e-05
21900.0	8.76027e-06
21910.0	9.04968e-06
21920.0	9.27439e-06
21930.0	8.38358e-06
21940.0	8.29643e-06
21950.0	9.40593e-06
21960.0	9.51012e-06
21970.0	9.63323e-06
21980.0	1.03291e-05
21990.0	1.18018e-05
22000.0	1.07038e-05
22010.0	1.06133e-05
22020.0	8.7241e-06
22030.0	1.12291e-05
22040.0	1.16344e-05
22050.0	1.01782e-05
22060.0	6.3631e-06
22070.0	2.8729e-06
22080.000000000004	7.15762e-06
22090.0	1.04375e-05
22100.0	1.2366e-05
22110.0	8.44513e-06
22120.000000000004	4.69889e-06
22130.0	6.47742e-06
22140.0	9.73188e-06
22150.0	1.67766e-05
22160.000000000004	1.51791e-05
22170.0	1.52583e-05
22180.0	1.21218e-05
22190.0	1.241e-05
22200.000000000004	8.71996e-06
22210.0	9.61403e-06
22220.0	1.00752e-05
22230.0	1.14372e-05
22240.000000000004	8.43131e-06
22250.0	6.02913e-06
22260.0	1.25148e-05
22270.0	1.7915e-05
22280.000000000004	2.54419e-05
22290.0	2.10005e-05
22300.0	1.89903e-05
22310.0	1.23321e-05
22320.000000000004	1.54274e-05
22330.0	1.20015e-05
22340.0	1.63095e-05
22350.0	1.07617e-05
22360.000000000004	1.16387e-05
22370.0	9.32637e-06
22380.0	8.92157e-06
22390.0	1.23373e-05
22400.000000000004	1.45012e-05
22410.0	1.50295e-05
22420.0	1.32183e-05
22430.0	1.0249e-05
22440.000000000004	8.7494e-06
22450.0	1.29243e-05
22460.0	1.45308e-05
22470.0	2.04794e-05
22480.000000000004	1.69888e-05
22490.0	1.73969e-05
22500.0	1.63007e-05
22510.0	1.47648e-05
22519.999999999996	1.3816e-05
22530.0	9.62745e-06
22540.0	1.07569e-05
22550.0	1.03603e-05
22559.999999999996	1.32121e-05
22570.0	1.09793e-05
22580.0	1.31214e-05
22590.0	1.23315e-05
22599.999999999996	1.6102e-05
22610.0	1.42916e-05
22620.0	1.69244e-05
22630.0	1.35057e-05
22639.999999999996	1.82725e-05
22650.0	1.77905e-05
22660.0	1.82793e-05
22670.0	1.3932e-05
22679.999999999996	1.31712e-05
22690.0	1.41802e-05
22700.0	1.17656e-05
22710.0	8.94878e-06
22719.999999999996	1.14274e-05
22730.0	1.34465e-05
22740.0	1.36139e-05
22750.0	1.31745e-05
22759.999999999996	1.09018e-05
22770.0	1.27896e-05
22780.0	9.5986e-06
22790.0	7.58955e-06
22799.999999999996	4.76504e-06
22810.0	5.29228e-06
22820.0	6.99571e-06
22830.0	7.6923e-06
22839.999999999996	5.54797e-06
22850.0	5.55069e-06
22860.0	5.01103e-06
22870.0	4.45632e-06
22879.999999999996	4.88684e-06
22890.0	4.75959e-06
22900.0	4.78994e-06
22910.0	3.4101e-06
22919.999999999996	3.36252e-06
22930.0	3.21425e-06
22940.0	4.19828e-06
22950.0	4.04388e-06
22960.0	5.05312e-06
22970.0	3.52324e-06
22980.0	3.1708e-06
22990.0	2.67034e-06
23000.0	2.69863e-06
23010.0	2.81375e-06
23020.0	1.90497e-06
23030.0	2.93919e-06
23040.0	2.48117e-06
23050.0	4.05634e-06
23060.0	3.33443e-06
23070.0	3.64163e-06
23080.0	1.94299e-06
23090.0	2.77204e-06
23100.0	2.8734e-06
23110.0	4.78373e-06
23120.0	4.60109e-06
23130.0	5.51993e-06
23140.0	5.02738e-06
23150.0	4.90279e-06
23160.0	4.73216e-06
23170.0	3.88414e-06
23180.0	3.37985e-06
23190.0	2.61951e-06
23200.0	3.03468e-06
23210.0	2.25492e-06
23220.0	1.94586e-06
23230.0	1.66185e-06
23240.0	2.31867e-06
23250.0	2.39288e-06
23260.0	1.92541e-06
23270.0	2.1931e-06
23280.0	2.26538e-06
23290.0	2.09762e-06
23300.0	1.5004e-06
23310.0	1.72909e-06
23320.0	2.13545e-06
23330.000000000004	1.88022e-06
23340.0	1.43789e-06
23350.0	1.19901e-06
23360.0	1.07737e-06
23370.000000000004	7.33956e-07
23380.0	1.47788e-06
23390.0	1.8534e-06
23400.0	2.26287e-06
23410.000000000004	1.4206e-06
23420.0	9.82591e-07
23430.0	6.99502e-07
23440.0	6.59341e-07
23450.000000000004	5.90073e-07
23460.0	6.87996e-07
23470.0	8.53506e-07
23480.0	1.06617e-06
23490.000000000004	1.04276e-06
23500.0	6.9478e-07
23510.0	5.8471e-07
23520.0	3.95323e-07
23530.000000000004	5.02988e-07
23540.0	3.50791e-07
23550.0	2.96908e-07
23560.0	2.15718e-07
23570.000000000004	1.62028e-07
23580.0	1.48819e-07
23590.0	1.27574e-07
23600.0	1.19983e-07
23610.000000000004	1.15975e-07
23620.0	1.15852e-07
23630.0	1.17871e-07
23640.0	8.97868e-08
23650.000000000004	9.75999e-08
23660.0	9.08139e-08
23670.0	9.02529e-08
23680.0	7.40072e-08
23690.000000000004	5.85869e-08
23700.0	4.36715e-08
23710.0	3.81514e-08
23720.0	3.985e-08
23730.000000000004	5.81015e-08
23740.0	5.19944e-08
23750.0	4.5797e-08
23760.0	3.1264e-08
23769.999999999996	3.40146e-08
23780.0	3.18788e-08
23790.0	2.8913e-08
23800.0	2.78519e-08
23809.999999999996	2.70886e-08
23820.0	2.42759e-08
23830.0	1.88499e-08
23840.0	1.25864e-08
23849.999999999996	1.4973e-08
23860.0	2.14529e-08
23870.0	2.52492e-08
23880.0	1.76262e-08
23889.999999999996	1.35216e-08
23900.0	1.36071e-08
23910.0	1.4408e-08
23920.0	1.59426e-08
23929.999999999996	1.57049e-08
23940.0	1.14229e-08
23950.0	1.34746e-08
23960.0	1.46711e-08
23969.999999999996	1.43695e-08
23980.0	1.36331e-08
23990.0	1.30139e-08
24000.0	1.83471e-08
24009.999999999996	2.07715e-08
24020.0	1.5031e-08
24030.0	1.40267e-08
24040.0	1.26236e-08
24049.999999999996	1.16322e-08
24060.0	1.18376e-08
24070.0	1.25647e-08
24080.0	0.0
24089.999999999996	1.16993e-08
24100.0	0.0
24110.0	0.0
24120.0	0.0
24129.999999999996	0.0
24140.0	0.0
24150.0	0.0
24160.0	0.0
24169.999999999996	0.0
24180.0	0.0
24190.0	0.0
24200.0	0.0
24210.0	0.0
24220.0	0.0
24230.0	0.0
24240.0	0.0
24250.0	0.0
24260.0	0.0
24270.0	0.0
24280.0	0.0
24290.0	0.0
24300.0	0.0
24310.0	0.0
24320.0	0.0
24330.0	0.0
24340.0	0.0
24350.0	0.0
24360.0	0.0
24370.0	0.0
24380.0	0.0
24390.0	0.0
24400.0	0.0
24410.0	0.0
24420.0	0.0
24430.0	0.0
24440.0	0.0
24450.0	0.0
24460.0	0.0
24470.0	0.0
24480.0	0.0
24490.0	0.0
24500.0	0.0
24510.0	0.0
24520.0	0.0
24530.0	0.0
24540.0	0.0
24550.0	0.0
24560.0	0.0
24570.0	0.0
24580.000000000004	0.0
24590.0	0.0
24600.0	0.0
24610.0	0.0
24620.000000000004	0.0
24630.0	0.0
24640.0	0.0
24650.0	0.0
24660.000000000004	0.0
24670.0	0.0
24680.0	0.0
24690.0	0.0
24700.000000000004	0.0
24710.0	0.0
24720.0	0.0
24730.0	0.0
24740.000000000004	0.0
24750.0	0.0
24760.0	0.0
24770.0	0.0
24780.000000000004	0.0
24790.0	0.0
24800.0	0.0
24810.0	0.0
24820.000000000004	0.0
24830.0	0.0
24840.0	0.0
24850.0	0.0
24860.000000000004	0.0
24870.0	0.0
24880.0	0.0
24890.0	0.0
24900.000000000004	0.0
24910.0	0.0
24920.0	0.0
24930.0	0.0
24940.000000000004	0.0
24950.0	0.0
24960.0	0.0
24970.0	0.0
24980.000000000004	0.0
24990.0	0.0
25000.0	0.0
25010.0	0.0
25019.999999999996	0.0
25030.0	0.0
25040.0	0.0
25050.0	0.0
25059.999999999996	0.0
25070.0	0.0
25080.0	0.0
25090.0	0.0
25099.999999999996	0.0
25110.0	0.0
25120.0	0.0
25130.0	0.0
25139.999999999996	0.0
25150.0	0.0
25160.0	0.0
25170.0	0.0
25179.999999999996	0.0
25190.0	0.0
25200.0	0.0
25210.0	0.0
25219.999999999996	0.0
25230.0	0.0
25240.0	0.0
25250.0	0.0
25259.999999999996	0.0
25270.0	0.0
25280.0	0.0
25290.0	0.0
25299.999999999996	0.0
25310.0	0.0
25320.0	0.0
25330.0	0.0
25339.999999999996	0.0
25350.0	0.0
25360.0	0.0
25370.0	0.0
25379.999999999996	0.0
25390.0	0.0
25400.0	0.0
25410.0	0.0
25419.999999999996	0.0
25430.0	0.0
25440.0	0.0
25450.0	0.0
25460.0	0.0
25470.0	0.0
25480.0	0.0
25490.0	0.0
25500.0	0.0
25510.0	0.0
25520.0	0.0
25530.0	0.0
25540.0	0.0
25550.0	0.0
25560.0	0.0
25570.0	0.0
25580.0	0.0
25590.0	0.0
25600.0	0.0
25610.0	0.0
25620.0	0.0
25630.0	0.0
25640.0	0.0
25650.0	0.0
25660.0	0.0
25670.0	0.0
25680.0	0.0
25690.0	0.0
25700.0	0.0
25710.0	0.0
25720.0	0.0
25730.0	0.0
25740.0	0.0
25750.0	0.0
25760.0	0.0
25770.0	0.0
25780.0	0.0
25790.0	0.0
25800.0	0.0
25810.0	0.0
25820.0	0.0
25830.000000000004	0.0
25840.0	0.0
25850.0	0.0
25860.0	0.0
25870.000000000004	0.0
25880.0	0.0
25890.0	0.0
25900.0	0.0
25910.000000000004	0.0
25920.0	0.0
25930.0	0.0
25940.0	0.0
25950.000000000004	0.0
25960.0	0.0
25970.0	0.0
25980.0	0.0
25990.000000000004	0.0
26000.0	0.0
26010.0	0.0
26020.0	0.0
26030.000000000004	0.0
26040.0	0.0
26050.0	0.0
26060.0	0.0
26070.000000000004	0.0
26080.0	0.0
26090.0	0.0
26100.0	0.0
26110.000000000004	0.0
26120.0	0.0
26130.0	0.0
26140.0	0.0
26150.000000000004	0.0
26160.0	0.0
26170.0	0.0
26180.0	0.0
26190.000000000004	0.0
26200.0	0.0
26210.0	0.0
26220.0	0.0
26230.000000000004	0.0
26240.0	0.0
26250.0	0.0
26260.0	0.0
26269.999999999996	0.0
26280.0	0.0
26290.0	0.0
26300.0	0.0
26309.999999999996	0.0
26320.0	0.0
26330.0	0.0
26340.0	0.0
26349.999999999996	0.0
26360.0	0.0
26370.0	0.0
26380.0	0.0
26389.999999999996	0.0
26400.0	0.0
26410.0	0.0
26420.0	0.0
26429.999999999996	0.0
26440.0	0.0
26450.0	0.0
26460.0	0.0
26469.999999999996	0.0
26480.0	0.0
26490.0	0.0
26500.0	0.0
26509.999999999996	0.0
26520.0	0.0
26530.0	0.0
26540.0	0.0
26549.999999999996	0.0
26560.0	0.0
26570.0	0.0
26580.0	0.0
26589.999999999996	0.0
26600.0	0.0
26610.0	0.0
26620.0	0.0
26629.999999999996	0.0
26640.0	0.0
26650.0	0.0
26660.0	0.0
26669.999999999996	0.0
26680.0	0.0
26690.0	0.0
26700.0	0.0
26710.0	0.0
26720.0	0.0
26730.0	4.15765e-06
26740.0	8.30035e-06
26750.0	1.24382e-05
26760.0	1.32544e-05
26770.0	1.40694e-05
26780.0	1.48835e-05
26790.0	7.4429e-06
26800.0	0.0
26810.0	9.72805e-08
26820.0	1.85332e-07
26830.0	2.73303e-07
26840.0	1.85138e-07
26850.0	9.70753e-08
26860.0	0.0
26870.0	0.0
26880.0	0.0
26890.0	0.0
26900.0	0.0
26910.0	0.0
26920.0	0.0
26930.0	0.0
26940.0	0.0
26950.0	0.0
26960.0	0.0
26970.0	0.0
26980.0	0.0
26990.0	0.0
27000.0	0.0
27010.0	0.0
27020.0	0.0
27030.0	0.0
27040.0	0.0
27050.0	0.0
27060.0	0.0
27070.0	0.0
27080.000000000004	0.0
27090.0	0.0
27100.0	0.0
27110.0	0.0
27120.000000000004	0.0
27130.0	0.0
27140.0	0.0
27150.0	0.0
27160.000000000004	0.0
27170.0	0.0
27180.0	0.0
27190.0	0.0
27200.000000000004	0.0
27210.0	0.0
27220.0	0.0
27230.0	0.0
27240.000000000004	0.0
27250.0	0.0
27260.0	0.0
27270.0	0.0
27280.000000000004	0.0
27290.0	0.0
27300.0	0.0
27310.0	0.0
27320.000000000004	1.04765e-05
27330.0	2.09422e-05
27340.0	2.75419e-05
27350.0	3.41416e-05
27360.000000000004	4.07429e-05
27370.0	3.35036e-05
27380.0	2.62643e-05
27390.0	1.90233e-05
27400.000000000004	1.82541e-05
27410.0	1.74918e-05
27420.0	2.26536e-05
27430.0	2.78182e-05
27440.000000000004	3.29869e-05
27450.0	3.39776e-05
27460.0	3.49694e-05
27470.0	3.59617e-05
27480.000000000004	2.61989e-05
27490.0	1.64262e-05
27500.0	1.73598e-05
27510.0	1.82941e-05
27519.999999999996	1.92293e-05
27530.0	2.07664e-05
27540.0	2.23046e-05
27550.0	2.38444e-05
27559.999999999996	3.34002e-05
27570.0	4.29635e-05
27580.0	3.70251e-05
27590.0	3.10807e-05
27599.999999999996	2.5133e-05
27610.0	1.97063e-05
27620.0	1.4274e-05
27630.0	1.70223e-05
27639.999999999996	1.97728e-05
27650.0	2.2526e-05
27660.0	1.93068e-05
27670.0	1.6085e-05
27679.999999999996	1.28608e-05
27690.0	6.46558e-06
27700.0	6.6948e-08
27710.0	1.22781e-07
27719.999999999996	1.78671e-07
27730.0	2.34591e-07
27740.0	1.03086e-06
27750.0	1.82794e-06
27759.999999999996	2.62544e-06
27770.0	1.31758e-06
27780.0	0.0
27790.0	1.5032e-06
27799.999999999996	2.99916e-06
27810.0	4.49914e-06
27820.0	5.51689e-06
27830.0	6.53647e-06
27839.999999999996	7.55812e-06
27850.0	1.26877e-05
27860.0	1.78265e-05
27870.0	1.49173e-05
27879.999999999996	1.20015e-05
27890.0	9.08037e-06
27900.0	1.64076e-05
27910.0	2.37497e-05
27919.999999999996	3.11084e-05
27930.0	2.92755e-05
27940.0	2.74389e-05
27950.0	2.39119e-05
27960.0	2.03785e-05
27970.0	1.6838e-05
27980.0	1.76308e-05
27990.0	1.84249e-05
28000.0	1.92207e-05
28010.0	1.9106e-05
28020.0	1.89913e-05
28030.0	1.49515e-05
28040.0	1.09076e-05
28050.0	6.85861e-06
28060.0	8.51011e-06
28070.0	1.01633e-05
28080.0	1.18185e-05
28090.0	2.18835e-05
28100.0	3.19586e-05
28110.0	3.59122e-05
28120.0	3.98689e-05
28130.0	4.38295e-05
28140.0	3.79925e-05
28150.0	3.21482e-05
28160.0	2.62994e-05
28170.0	3.22481e-05
28180.0	3.82041e-05
28190.0	4.27297e-05
28200.0	4.72598e-05
28210.0	5.17515e-05
28220.0	4.91634e-05
28230.0	4.6577e-05
28240.0	4.39924e-05
28250.0	4.53172e-05
28260.0	4.66409e-05
28270.0	4.84646e-05
28280.0	5.02876e-05
28290.0	5.21088e-05
28300.0	6.80198e-05
28310.0	8.39234e-05
28320.0	7.79787e-05
28330.000000000004	7.2038e-05
28340.0	6.61001e-05
28350.0	7.09072e-05
28360.0	7.5711e-05
28370.000000000004	8.05114e-05
28380.0	7.32663e-05
28390.0	6.6028e-05
28400.0	6.51049e-05
28410.000000000004	6.4181e-05
28420.0	6.32579e-05
28430.0	6.13276e-05
28440.0	5.93982e-05
28450.000000000004	5.74707e-05
28460.0	5.78056e-05
28470.0	5.81402e-05
28480.0	5.71638e-05
28490.000000000004	5.61885e-05
28500.0	5.52138e-05
28510.0	5.7512e-05
28520.0	5.98079e-05
28530.000000000004	6.21021e-05
28540.0	5.51482e-05
28550.0	4.82012e-05
28560.0	4.64935e-05
28570.000000000004	4.47867e-05
28580.0	4.30816e-05
28590.0	4.77364e-05
28600.0	5.23878e-05
28610.000000000004	5.70367e-05
28620.0	5.83633e-05
28630.0	5.96888e-05
28640.0	5.60207e-05
28650.000000000004	5.23561e-05
28660.0	4.86943e-05
28670.0	5.44525e-05
28680.0	6.02051e-05
28690.000000000004	6.59534e-05
28700.0	6.63498e-05
28710.0	6.67459e-05
28720.0	7.04628e-05
28730.000000000004	7.41769e-05
28740.0	7.78891e-05
28750.0	8.20786e-05
28760.0	8.6265e-05
28769.999999999996	9.04492e-05
28780.0	8.7863e-05
28790.0	8.52788e-05
28800.0	8.30774e-05
28809.999999999996	8.089e-05
28820.0	7.87037e-05
28830.0	8.6331e-05
28840.0	9.39566e-05
28849.999999999996	0.000101577
28860.0	9.73489e-05
28870.0	9.31218e-05
28880.0	9.30583e-05
28889.999999999996	9.29947e-05
28900.0	9.29312e-05
28910.0	9.21605e-05
28920.0	9.13902e-05
28929.999999999996	9.06203e-05
28940.0	9.10472e-05
28950.0	9.14739e-05
28960.0	9.30765e-05
28969.999999999996	9.46787e-05
28980.0	9.62799e-05
28990.0	8.63422e-05
29000.0	7.64066e-05
29009.999999999996	7.81823e-05
29020.0	7.99571e-05
29030.0	8.17315e-05
29040.0	7.89881e-05
29049.999999999996	7.6246e-05
29060.0	7.35052e-05
29070.0	7.5838e-05
29080.0	7.81692e-05
29089.999999999996	7.95652e-05
29100.0	8.09608e-05
29110.0	8.23602e-05
29120.0	8.01927e-05
29129.999999999996	7.80254e-05
29140.0	7.58594e-05
29150.0	7.55016e-05
29160.0	7.51439e-05
29169.999999999996	7.04599e-05
29180.0	6.57787e-05
29190.0	6.1099e-05
29200.0	6.03771e-05
29210.0	5.96556e-05
29220.0	5.89344e-05
29230.0	6.20647e-05
29240.0	6.51932e-05
29250.0	5.95534e-05
29260.0	5.39141e-05
29270.0	4.82781e-05
29280.0	5.20277e-05
29290.0	5.5776e-05
29300.0	5.95238e-05
29310.0	6.49845e-05
29320.0	7.04432e-05
29330.0	6.80949e-05
29340.0	6.57481e-05
29350.0	6.3402e-05
29360.0	6.14639e-05
29370.0	5.9527e-05
29380.0	5.75908e-05
29390.0	5.96486e-05
29400.0	6.17063e-05
29410.0	6.23875e-05
29420.0	6.30685e-05
29430.0	6.37493e-05
29440.0	6.7391e-05
29450.0	7.10314e-05
29460.0	7.46714e-05
29470.0	7.09461e-05
29480.0	6.7222e-05
29490.0	6.66949e-05
29500.0	6.61679e-05
29510.0	6.56478e-05
29520.0	6.94445e-05
29530.0	7.32416e-05
29540.0	7.70372e-05
29550.0	7.15145e-05
29560.0	6.59912e-05
29570.0	6.13454e-05
29580.000000000004	5.67003e-05
29590.0	5.20547e-05
29600.0	5.26382e-05
29610.0	5.32217e-05
29620.000000000004	5.3805e-05
29630.0	5.03734e-05
29640.0	4.69431e-05
29650.0	4.68144e-05
29660.000000000004	4.66857e-05
29670.0	4.65571e-05
29680.0	4.76176e-05
29690.0	4.86783e-05
29700.000000000004	5.30919e-05
29710.0	5.75048e-05
29720.0	6.1917e-05
29730.0	5.97513e-05
29740.000000000004	5.75864e-05
29750.0	5.54219e-05
29760.0	5.96764e-05
29770.0	6.39293e-05
29780.000000000004	6.02276e-05
29790.0	5.65255e-05
29800.0	5.28248e-05
29810.0	5.52471e-05
29820.000000000004	5.76696e-05
29830.0	6.00911e-05
29840.0	6.04452e-05
29850.0	6.07991e-05
29860.000000000004	5.74935e-05
29870.0	5.41892e-05
29880.0	5.08853e-05
29890.0	5.44292e-05
29900.000000000004	5.79718e-05
29910.0	6.15138e-05
29920.0	6.12343e-05
29930.0	6.09549e-05
29940.000000000004	5.49783e-05
29950.0	4.90026e-05
29960.0	4.30263e-05
29970.0	4.26095e-05
29980.000000000004	4.21928e-05
29990.0	4.17761e-05
30000.0	4.33008e-05
30010.0	4.48254e-05
30019.999999999996	4.11113e-05
30030.0	3.73986e-05
30040.0	3.36865e-05
30050.0	3.85317e-05
30059.999999999996	4.3375e-05
30070.0	4.82176e-05
30080.0	4.82556e-05
30090.0	4.82937e-05
30099.999999999996	4.67843e-05
30110.0	4.52751e-05
30120.0	4.37658e-05
30130.0	4.42173e-05
30139.999999999996	4.46687e-05
30150.0	4.51201e-05
30160.0	4.61522e-05
30170.0	4.71841e-05
30179.999999999996	4.36275e-05
30190.0	4.00706e-05
30200.0	3.65151e-05
30210.0	4.00496e-05
30219.999999999996	4.35837e-05
30230.0	4.71157e-05
30240.0	4.60192e-05
30250.0	4.49229e-05
30259.999999999996	4.36971e-05
30270.0	4.24716e-05
30280.0	4.12463e-05
30290.0	4.67676e-05
30299.999999999996	5.22868e-05
30310.0	5.78042e-05
30320.0	5.70847e-05
30330.0	5.63655e-05
30339.999999999996	5.90343e-05
30350.0	6.17028e-05
30360.0	6.43698e-05
30370.0	5.88716e-05
30379.999999999996	5.33741e-05
30390.0	5.33426e-05
30400.0	5.33112e-05
30410.0	5.32798e-05
30419.999999999996	5.38696e-05
30430.0	5.44591e-05
30440.0	5.50484e-05
30450.0	6.13513e-05
30460.0	6.76505e-05
30470.0	6.84109e-05
30480.0	6.91712e-05
30490.0	6.99311e-05
30500.0	7.17657e-05
30510.0	7.36002e-05
30520.0	7.54336e-05
30530.0	8.41081e-05
30540.0	9.27795e-05
30550.0	9.07026e-05
30560.0	8.86269e-05
30570.0	8.65519e-05
30580.0	8.40725e-05
30590.0	8.15944e-05
30600.0	7.91172e-05
30610.0	8.7238e-05
30620.0	9.53568e-05
30630.0	8.92644e-05
30640.0	8.31719e-05
30650.0	7.7078e-05
30660.0	7.29779e-05
30670.0	6.88777e-05
30680.0	6.47766e-05
30690.0	6.076e-05
30700.0	5.67435e-05
30710.0	5.49241e-05
30720.0	5.31052e-05
30730.0	5.12863e-05
30740.0	5.1278e-05
30750.0	5.12698e-05
30760.0	5.12615e-05
30770.0	5.96197e-05
30780.0	6.79799e-05
30790.0	6.60784e-05
30800.0	6.41769e-05
30810.0	6.2275e-05
30820.0	5.71292e-05
30830.000000000004	5.19833e-05
30840.0	4.68363e-05
30850.0	4.9214e-05
30860.0	5.15917e-05
30870.000000000004	5.60469e-05
30880.0	6.05031e-05
30890.0	6.49582e-05
30900.0	6.59241e-05
30910.000000000004	6.68902e-05
30920.0	6.78561e-05
30930.0	5.57336e-05
30940.0	4.36082e-05
30950.000000000004	4.32669e-05
30960.0	4.29257e-05
30970.0	4.25844e-05
30980.0	4.57195e-05
30990.000000000004	4.88538e-05
31000.0	5.1988e-05
31010.0	4.71082e-05
31020.0	4.22294e-05
31030.000000000004	3.93786e-05
31040.0	3.65271e-05
31050.0	3.36762e-05
31060.0	2.86861e-05
31070.000000000004	2.36947e-05
31080.0	2.03015e-05
31090.0	1.69083e-05
31100.0	1.35151e-05
31110.000000000004	1.33582e-05
31120.0	1.32013e-05
31130.0	1.30445e-05
31140.0	1.94354e-05
31150.000000000004	2.58248e-05
31160.0	2.82463e-05
31170.0	3.06685e-05
31180.0	3.309e-05
31190.000000000004	2.7171e-05
31200.0	2.12519e-05
31210.0	1.53314e-05
31220.0	1.39815e-05
31230.000000000004	1.26317e-05
31240.0	1.71842e-05
31250.0	2.17357e-05
31260.0	2.62871e-05
31269.999999999996	2.17896e-05
31280.0	1.72932e-05
31290.0	1.27968e-05
31300.0	1.2545e-05
31309.999999999996	1.22932e-05
31320.0	2.09833e-05
31330.0	2.96734e-05
31340.0	3.83656e-05
31349.999999999996	3.82033e-05
31360.0	3.80409e-05
31370.0	3.78785e-05
31380.0	4.12181e-05
31389.999999999996	4.45576e-05
31400.0	4.35667e-05
31410.0	4.25761e-05
31420.0	4.15855e-05
31429.999999999996	3.91832e-05
31440.0	3.67803e-05
31450.0	3.4378e-05
31460.0	2.98625e-05
31469.999999999996	2.53459e-05
31480.0	2.92645e-05
31490.0	3.3183e-05
31500.0	3.71025e-05
31509.999999999996	3.8349e-05
31520.0	3.95956e-05
31530.0	4.08424e-05
31540.0	3.86174e-05
31549.999999999996	3.63924e-05
31560.0	2.90617e-05
31570.0	2.17292e-05
31580.0	1.43985e-05
31589.999999999996	1.25107e-05
31600.0	1.06226e-05
31610.0	8.73485e-06
31620.0	4.37207e-06
31629.999999999996	0.0
31640.0	0.0
31650.0	0.0
31660.0	0.0
31669.999999999996	0.0
31680.0	0.0
31690.0	0.0
31700.0	0.0
31710.0	0.0
31720.0	3.57738e-08
31730.0	6.32982e-08
31740.0	9.0816e-08
31750.0	3.71487e-07
31760.0	6.52224e-07
31770.0	1.18886e-06
31780.0	1.7255e-06
31790.0	2.26214e-06
31800.0	1.51073e-06
31810.0	7.59492e-07
31820.0	0.0
31830.0	0.0
31840.0	0.0
31850.0	0.0
31860.0	0.0
31870.0	0.0
31880.0	0.0
31890.0	0.0
31900.0	0.0
31910.0	0.0
31920.0	0.0
31930.0	0.0
31940.0	0.0
31950.0	0.0
31960.0	0.0
31970.0	0.0
31980.0	0.0
31990.0	1.75832e-06
32000.0	3.5088e-06
32010.0	5.09383e-06
32020.0	6.67885e-06
32030.0	8.26426e-06
32040.0	7.10025e-06
32050.0	5.93625e-06
32060.0	4.77197e-06
32070.0	2.39011e-06
32080.000000000004	0.0
32090.0	0.0
32100.0	0.0
32110.0	0.0
32120.000000000004	3.3022e-08
32130.0	5.7794e-08
32140.0	8.256e-08
32150.0	6.57926e-06
32160.000000000004	1.30775e-05
32170.0	1.12531e-05
32180.0	9.42864e-06
32190.0	7.60378e-06
32200.000000000004	6.62131e-06
32210.0	5.63885e-06
32220.0	4.65638e-06
32230.0	9.15644e-06
32240.000000000004	1.36554e-05
32250.0	1.20759e-05
32260.0	1.0496e-05
32270.0	8.91648e-06
32280.000000000004	8.87245e-06
32290.0	8.82841e-06
32300.0	8.78438e-06
32310.0	1.17238e-05
32320.000000000004	1.46641e-05
32330.0	1.37648e-05
32340.0	1.28654e-05
32350.0	1.19659e-05
32360.000000000004	1.28751e-05
32370.0	1.37842e-05
32380.0	1.46933e-05
32390.0	7.35441e-06
32400.000000000004	1.65203e-08
32410.0	1.92744e-08
32420.0	2.20295e-08
32430.0	2.47842e-08
32440.000000000004	5.37017e-08
32450.0	8.26221e-08
32460.0	5.78345e-08
32470.0	3.30502e-08
32480.000000000004	0.0
32490.0	3.22341e-07
32500.0	6.36375e-07
32510.0	9.5044e-07
32519.999999999996	6.77707e-07
32530.0	4.05011e-07
32540.0	2.72787e-07
32550.0	1.40518e-07
32559.999999999996	0.0
32570.0	9.1483e-07
32580.0	1.82148e-06
32590.0	2.72844e-06
32599.999999999996	1.36842e-06
32610.0	0.0
32620.0	0.0
32630.0	0.0
32639.999999999996	0.0
32650.0	0.0
32660.0	0.0
32670.0	0.0
32679.999999999996	0.0
32690.0	0.0
32700.0	0.0
32710.0	0.0
32719.999999999996	0.0
32730.0	0.0
32740.0	0.0
32750.0	0.0
32759.999999999996	0.0
32770.0	0.0
32780.0	0.0
32790.0	0.0
32800.0	0.0
32810.0	0.0
32820.0	0.0
32830.0	0.0
32840.0	0.0
32850.0	0.0
32860.0	0.0
32870.0	0.0
32880.0	0.0
32890.0	0.0
32900.0	0.0
32910.0	0.0
32920.0	0.0
32930.0	0.0
32940.0	0.0
32950.0	0.0
32960.0	0.0
32970.0	0.0
32980.0	0.0
32990.0	0.0
33000.0	0.0
33010.0	0.0
33020.0	0.0
33030.0	0.0
33040.0	0.0
33050.0	0.0
33060.0	0.0
33070.0	0.0
33080.0	0.0
33090.0	0.0
33100.0	0.0
33110.0	0.0
33120.0	0.0
33130.0	0.0
33140.0	0.0
33150.0	0.0
33160.0	0.0
33170.0	0.0
33180.0	0.0
33190.0	0.0
33200.0	0.0
33210.0	0.0
33220.0	0.0
33230.0	0.0
33240.0	0.0
33250.0	0.0
33260.0	0.0
33270.0	0.0
33280.0	0.0
33290.0	0.0
33300.0	0.0
33310.0	0.0
33320.0	0.0
33330.0	0.0
33340.0	0.0
33350.0	0.0
33360.0	0.0
33370.0	0.0
33380.0	0.0
33390.0	0.0
33400.0	0.0
33410.0	0.0
33420.0	0.0
33430.0	0.0
33440.0	0.0
33450.0	0.0
33460.0	0.0
33470.0	0.0
33480.0	0.0
33490.0	0.0
33500.0	0.0
33510.0	0.0
33520.0	0.0
33530.0	0.0
33540.0	0.0
33550.0	0.0
33560.0	0.0
33570.0	0.0
33580.0	0.0
33590.0	0.0
33600.0	0.0
33610.0	0.0
33620.0	0.0
33630.0	0.0
33640.0	0.0
33650.0	0.0
33660.0	0.0
33670.0	0.0
33680.0	0.0
33690.0	0.0
33700.0	0.0
33710.0	0.0
33720.0	0.0
33730.0	0.0
33740.0	0.0
33750.0	0.0
33760.0	0.0
33770.0	0.0
33780.0	0.0
33790.0	0.0
33800.0	0.0
33810.0	0.0
33820.0	0.0
33830.0	0.0
33840.0	0.0
33850.0	0.0
33860.0	0.0
33870.0	0.0
33880.0	0.0
33890.0	0.0
33900.0	0.0
33910.0	0.0
33920.0	0.0
33930.0	0.0
33940.0	0.0
33950.0	0.0
33960.0	0.0
33970.0	0.0
33980.0	0.0
33990.0	0.0
34000.0	0.0
34010.0	0.0
34020.0	0.0
34030.0	0.0
34040.0	0.0
34050.0	0.0
34060.0	0.0
34070.0	0.0
34080.0	0.0
34090.0	0.0
34100.0	0.0
34110.0	0.0
34120.0	0.0
34130.0	0.0
34140.0	0.0
34150.0	0.0
34160.0	0.0
34170.0	0.0
34180.0	0.0
34190.0	0.0
34200.0	0.0
34210.0	0.0
34220.0	0.0
34230.0	0.0
34240.0	0.0
34250.0	0.0
34260.0	0.0
34270.0	0.0
34280.0	0.0
34290.0	0.0
34300.0	0.0
34310.0	0.0
34320.0	0.0
34330.0	0.0
34340.0	0.0
34350.0	0.0
34360.0	0.0
34370.0	0.0
34380.0	0.0
34390.0	0.0
34400.0	0.0
34410.0	0.0
34420.0	0.0
34430.0	0.0
34440.0	0.0
34450.0	0.0
34460.0	0.0
34470.0	0.0
34480.0	0.0
34490.0	0.0
34500.0	0.0
34510.0	0.0
34520.0	0.0
34530.0	0.0
34540.0	0.0
34550.0	0.0
34560.0	0.0
34570.0	0.0
34580.0	0.0
34590.0	0.0
34600.0	0.0
34610.0	0.0
34620.0	0.0
34630.0	0.0
34640.0	0.0
34650.0	0.0
34660.0	0.0
34670.0	0.0
34680.0	0.0
34690.0	0.0
34700.0	0.0
34710.0	0.0
34720.0	0.0
34730.0	0.0
34740.0	0.0
34750.0	0.0
34760.0	0.0
34770.0	0.0
34780.0	0.0
34790.0	0.0
34800.0	0.0
34810.0	0.0
34820.0	0.0
34830.0	0.0
34840.0	0.0
34850.0	0.0
34860.0	0.0
34870.0	0.0
34880.0	0.0
34890.0	0.0
34900.0	0.0
34910.0	0.0
34920.0	0.0
34930.0	0.0
34940.0	0.0
34950.0	0.0
34960.0	0.0
34970.0	0.0
34980.0	0.0
34990.0	0.0
35000.0	0.0
35010.0	0.0
35020.0	0.0
35030.0	0.0
35040.0	0.0
35050.0	0.0
35060.0	0.0
35070.0	0.0
35080.0	0.0
35090.0	0.0
35100.0	0.0
35110.0	0.0
35120.0	0.0
35130.0	0.0
35140.0	0.0
35150.0	0.0
35160.0	0.0
35170.0	0.0
35180.0	0.0
35190.0	0.0
35200.0	0.0
35210.0	0.0
35220.0	0.0
35230.0	0.0
35240.0	0.0
35250.0	0.0
35260.0	0.0
35270.0	0.0
35280.0	0.0
35290.0	0.0
35300.0	0.0
35310.0	0.0
35320.0	0.0
35330.0	0.0
35340.0	0.0
35350.0	0.0
35360.0	0.0
35370.0	0.0
35380.0	0.0
35390.0	0.0
35400.0	0.0
35410.0	0.0
35420.0	0.0
35430.0	0.0
35440.0	0.0
35450.0	0.0
35460.0	0.0
35470.0	0.0
35480.0	0.0
35490.0	0.0
35500.0	0.0
35510.0	0.0
35520.0	0.0
35530.0	0.0
35540.0	0.0
35550.0	0.0
35560.0	0.0
35570.0	0.0
35580.0	0.0
35590.0	0.0
35600.0	0.0
35610.0	0.0
35620.0	0.0
35630.0	0.0
35640.0	0.0
35650.0	0.0
35660.0	0.0
35670.0	0.0
35680.0	0.0
35690.0	0.0
35700.0	0.0
35710.0	0.0
35720.0	0.0
35730.0	0.0
35740.0	0.0
35750.0	0.0
35760.0	0.0
35770.0	0.0
35780.0	0.0
35790.0	0.0
35800.0	0.0
35810.0	0.0
35820.0	0.0
35830.0	0.0
35840.0	0.0
35850.0	0.0
35860.0	0.0
35870.0	0.0
35880.0	0.0
35890.0	0.0
35900.0	0.0
35910.0	0.0
35920.0	0.0
35930.0	0.0
35940.0	0.0
35950.0	0.0
35960.0	0.0
35970.0	1.30504e-08
35980.0	2.08311e-08
35990.0	1.5099e-06
36000.0	2.99167e-06
36010.0	4.46648e-06
36020.0	3.12856e-06
36030.0	1.7972e-06
36040.0	4.72081e-07
36050.0	2.38014e-07
36060.0	0.0
36070.0	0.0
36080.0	0.0
36090.0	0.0
36100.0	0.0
36110.0	0.0
36120.0	0.0
36130.0	0.0
36140.0	0.0
36150.0	0.0
36160.0	0.0
36170.0	0.0
36180.0	0.0
36190.0	0.0
36200.0	0.0
36210.0	2.45763e-07
36220.0	4.85293e-07
36230.0	3.30848e-07
36240.0	1.77166e-07
36250.0	2.43186e-08
36260.0	1.77874e-08
36270.0	1.12887e-08
36280.0	0.0
36290.0	0.0
36300.0	0.0
36310.0	0.0
36320.0	0.0
36330.0	0.0
36340.0	0.0
36350.0	0.0
36360.0	0.0
36370.0	1.5652e-06
36380.0	3.11377e-06
36390.0	3.65943e-06
36400.0	4.20106e-06
36410.0	4.7384e-06
36420.0	3.14871e-06
36430.0	1.57089e-06
36440.0	0.0
36450.0	0.0
36460.0	0.0
36470.0	0.0
36480.0	0.0
36490.0	0.0
36500.0	0.0
36510.0	0.0
36520.0	0.0
36530.0	0.0
36540.0	0.0
36550.0	0.0
36560.0	0.0
36570.0	0.0
36580.0	0.0
36590.0	0.0
36600.0	0.0
36610.0	0.0
36620.0	0.0
36630.0	1.12731e-08
36640.0	1.82409e-08
36650.0	2.51498e-08
36660.0	1.14562e-06
36670.0	2.25686e-06
36680.0	2.74385e-06
36690.0	3.22661e-06
36700.0	3.70523e-06
36710.0	2.53315e-06
36720.0	1.37107e-06
36730.0	2.18712e-07
36740.0	1.27025e-07
36750.0	3.61339e-08
36760.0	6.92901e-08
36770.0	1.02144e-07
36780.0	1.34703e-07
36790.0	1.02551e-07
36800.0	7.06745e-08
36810.0	3.90883e-08
36820.0	6.61463e-08
36830.0	9.29634e-08
36840.0	6.29804e-08
36850.0	3.32684e-08
36860.0	0.0
36870.0	0.0
36880.0	0.0
36890.0	0.0
36900.0	0.0
36910.0	0.0
36920.0	3.21892e-08
36930.0	6.03821e-08
36940.0	8.82972e-08
36950.0	1.09589e-06
36960.0	2.09399e-06
36970.0	3.08212e-06
36980.0	2.57817e-06
36990.0	2.079e-06
37000.0	1.69473e-06
37010.0	1.31515e-06
37020.0	9.38758e-07
37030.0	1.12169e-06
37040.0	1.30295e-06
37050.0	1.4826e-06
37060.0	2.53461e-06
37070.0	3.5771e-06
37080.0	2.41344e-06
37090.0	1.25965e-06
37100.0	1.16294e-07
37110.0	9.98854e-08
37120.0	8.36196e-08
37130.0	6.74924e-08
37140.0	1.30847e-06
37150.0	2.53817e-06
37160.0	3.46436e-06
37170.0	4.38173e-06
37180.0	5.29051e-06
37190.0	6.25927e-06
37200.0	7.21857e-06
37210.0	7.75076e-06
37220.0	8.27764e-06
37230.0	8.79934e-06
37240.0	8.54176e-06
37250.0	8.28624e-06
37260.0	8.03271e-06
37270.0	6.54165e-06
37280.0	5.06461e-06
37290.0	4.25104e-06
37300.0	3.44535e-06
37310.0	2.64735e-06
37320.0	1.79515e-06
37330.0	9.51454e-07
37340.0	1.16058e-07
37350.0	5.92653e-08
37360.0	0.0
37370.0	0.0
37380.0	0.0
37390.0	0.0
37400.0	0.0
37410.0	0.0
37420.0	0.0
37430.0	0.0
37440.0	0.0
37450.0	1.15445e-08
37460.0	2.0098e-08
37470.0	2.85578e-08
37480.0	8.4073e-07
37490.0	1.64436e-06
37500.0	2.43908e-06
37510.0	3.78655e-06
37520.0	5.08499e-06
37530.0	5.12094e-06
37540.0	5.15218e-06
37550.0	5.17872e-06
37560.0	5.50752e-06
37570.0	5.81966e-06
37580.0	6.11513e-06
37590.0	7.10002e-06
37600.0	8.0388e-06
37610.0	7.86477e-06
37620.0	7.69177e-06
37630.0	7.5199e-06
37640.0	6.82426e-06
37650.0	6.13351e-06
37660.0	5.44798e-06
37670.0	4.54149e-06
37680.0	3.6418e-06
37690.0	3.48876e-06
37700.0	3.33684e-06
37710.0	3.18599e-06
37720.0	2.99036e-06
37730.0	2.79622e-06
37740.0	2.6035e-06
37750.0	2.54397e-06
37760.0	2.48484e-06
37770.0	3.09858e-06
37780.0	3.70749e-06
37790.0	4.3113e-06
37800.0	4.94521e-06
37810.0	5.59115e-06
37820.0	6.23601e-06
37830.0	5.97858e-06
37840.0	5.72161e-06
37850.0	5.34005e-06
37860.0	4.9593e-06
37870.0	4.57925e-06
37880.0	4.94466e-06
37890.0	5.30928e-06
37900.0	5.56865e-06
37910.0	5.82752e-06
37920.0	6.08595e-06
37930.0	5.99534e-06
37940.0	5.90489e-06
37950.0	5.81457e-06
37960.0	5.69589e-06
37970.0	5.57742e-06
37980.0	5.90422e-06
37990.0	6.23029e-06
38000.0	6.55574e-06
38010.0	6.53823e-06
38020.0	6.52074e-06
38030.0	6.50327e-06
38040.0	5.49614e-06
38050.0	4.4907e-06
38060.0	4.28253e-06
38070.0	4.07475e-06
38080.0	3.86731e-06
38090.0	4.2144e-06
38100.0	4.56081e-06
38110.0	4.90663e-06
38120.0	5.11011e-06
38130.0	5.31319e-06
38140.0	4.6922e-06
38150.0	4.07227e-06
38160.0	3.45368e-06
38170.0	3.16022e-06
38180.0	2.86726e-06
38190.0	2.57493e-06
38200.0	3.42669e-06
38210.0	4.27698e-06
38220.0	4.51682e-06
38230.0	4.75618e-06
38240.0	4.99506e-06
38250.0	4.70431e-06
38260.0	4.41419e-06
38270.0	4.12464e-06
38280.0	4.59932e-06
38290.0	5.07294e-06
38300.0	5.61282e-06
38310.0	6.15174e-06
38320.0	6.68946e-06
38330.0	6.72092e-06
38340.0	6.75231e-06
38350.0	6.78362e-06
38360.0	7.36875e-06
38370.0	7.9527e-06
38380.0	8.66482e-06
38390.0	9.37535e-06
38400.0	1.00844e-05
38410.0	9.78898e-06
38420.0	9.49416e-06
38430.0	9.19992e-06
38440.0	8.42187e-06
38450.0	7.64555e-06
38460.0	7.26539e-06
38470.0	6.88597e-06
38480.0	6.50721e-06
38490.0	5.96334e-06
38500.0	5.42055e-06
38510.0	4.87872e-06
38520.0	4.38542e-06
38530.0	3.8931e-06
38540.0	4.04633e-06
38550.0	4.19921e-06
38560.0	4.35177e-06
38570.0	5.48262e-06
38580.0	6.61091e-06
38590.0	7.76807e-06
38600.0	8.92287e-06
38610.0	1.00756e-05
38620.0	1.02674e-05
38630.0	1.04588e-05
38640.0	1.06498e-05
38650.0	9.97823e-06
38660.0	9.30796e-06
38670.0	8.57158e-06
38680.0	7.83686e-06
38690.0	7.10363e-06
38700.0	5.90552e-06
38710.0	4.70957e-06
38720.0	3.51636e-06
38730.0	3.37562e-06
38740.0	3.23512e-06
38750.0	3.61625e-06
38760.0	3.99659e-06
38770.0	4.37623e-06
38780.0	4.63805e-06
38790.0	4.89931e-06
38800.0	5.16009e-06
38810.0	5.10378e-06
38820.0	5.04753e-06
38830.0	5.26802e-06
38840.0	5.48832e-06
38850.0	5.70832e-06
38860.0	6.20461e-06
38870.0	6.70047e-06
38880.0	7.19566e-06
38890.0	7.28068e-06
38900.0	7.36562e-06
38910.0	6.89306e-06
38920.0	6.42101e-06
38930.0	5.94949e-06
38940.0	5.55433e-06
38950.0	5.15971e-06
38960.0	4.76552e-06
38970.0	4.11155e-06
38980.0	3.45847e-06
38990.0	3.56559e-06
39000.0	3.67261e-06
39010.0	3.77949e-06
39020.0	4.19235e-06
39030.0	4.60485e-06
39040.0	5.01679e-06
39050.0	5.15496e-06
39060.0	5.29298e-06
39070.0	4.57523e-06
39080.0	3.85847e-06
39090.0	3.1425e-06
39100.0	2.54259e-06
39110.0	1.94349e-06
39120.0	1.34506e-06
39130.0	1.54578e-06
39140.0	1.74623e-06
39150.0	2.69886e-06
39160.0	3.65041e-06
39170.0	4.60112e-06
39180.0	4.9222e-06
39190.0	5.24292e-06
39200.0	5.56335e-06
39210.0	5.70278e-06
39220.0	5.84204e-06
39230.0	6.01788e-06
39240.0	6.19347e-06
39250.0	6.36887e-06
39260.0	5.75482e-06
39270.0	5.14161e-06
39280.0	5.19612e-06
39290.0	5.25056e-06
39300.0	5.30496e-06
39310.0	5.95274e-06
39320.0	6.59978e-06
39330.0	7.24624e-06
39340.0	7.62611e-06
39350.0	8.00554e-06
39360.0	7.41283e-06
39370.0	6.82092e-06
39380.0	6.22969e-06
39390.0	5.6247e-06
39400.0	5.02026e-06
39410.0	4.41665e-06
39420.0	4.2789e-06
39430.0	4.14127e-06
39440.0	4.69796e-06
39450.0	5.25401e-06
39460.0	5.80956e-06
39470.0	6.64407e-06
39480.0	7.47762e-06
39490.0	8.31021e-06
39500.0	7.92396e-06
39510.0	7.53824e-06
39520.0	6.84917e-06
39530.0	6.16072e-06
39540.0	5.47323e-06
39550.0	5.15067e-06
39560.0	4.82841e-06
39570.0	4.50658e-06
39580.0	4.56819e-06
39590.0	4.62973e-06
39600.0	4.97283e-06
39610.0	5.31634e-06
39620.0	5.65955e-06
39630.0	6.08795e-06
39640.0	6.51588e-06
39650.0	6.94344e-06
39660.0	7.23348e-06
39670.0	7.52321e-06
39680.0	7.84851e-06
39690.0	8.17361e-06
39700.0	8.49836e-06
39710.0	8.70194e-06
39720.0	8.90535e-06
39730.0	9.10863e-06
39740.0	8.69635e-06
39750.0	8.28441e-06
39760.0	7.80196e-06
39770.0	7.32005e-06
39780.0	6.83854e-06
39790.0	6.64688e-06
39800.0	6.45542e-06
39810.0	6.26413e-06
39820.0	6.89318e-06
39830.0	7.52155e-06
39840.0	8.44806e-06
39850.0	9.37378e-06
39860.0	1.02989e-05
39870.0	1.05995e-05
39880.0	1.08999e-05
39890.0	1.016e-05
39900.0	9.42101e-06
39910.0	8.6826e-06
39920.0	7.99234e-06
39930.0	7.30283e-06
39940.0	6.61391e-06
39950.0	6.0013e-06
39960.0	5.38907e-06
39970.0	5.39833e-06
39980.0	5.40758e-06
39990.0	5.41682e-06
40000.0	5.70808e-06
40010.0	5.99907e-06
40020.0	6.28982e-06
40030.0	6.78611e-06
40039.99999999999	7.28221e-06
40050.0	7.40182e-06
40060.0	7.52134e-06
40070.0	7.64074e-06
40080.0	7.71329e-06
40090.0	7.78577e-06
40100.0	7.85822e-06
40110.0	7.49471e-06
40119.99999999999	7.13151e-06
40130.0	6.62932e-06
40140.0	6.12756e-06
40150.0	5.62624e-06
40160.0	5.25304e-06
40170.0	4.87999e-06
40180.0	4.50743e-06
40190.0	4.26986e-06
40199.99999999999	4.0325e-06
40210.0	4.11705e-06
40220.0	4.20153e-06
40230.0	4.28593e-06
40240.0	4.64585e-06
40250.0	5.00528e-06
40260.0	5.36439e-06
40270.0	5.8903e-06
40279.99999999999	6.41575e-06
40290.0	6.88141e-06
40300.0	7.34689e-06
40310.0	7.81173e-06
40320.0	7.99872e-06
40330.0	8.18554e-06
40340.0	8.3722e-06
40350.0	8.20835e-06
40359.99999999999	8.04464e-06
40370.0	7.87443e-06
40380.0	7.70444e-06
40390.0	7.5346e-06
40400.0	7.3553e-06
40410.00000000001	7.17616e-06
40420.0	6.99717e-06
40430.0	6.37612e-06
40439.99999999999	5.75592e-06
40450.0	5.9678e-06
40460.0	6.17948e-06
40470.0	6.39098e-06
40480.0	6.16213e-06
40490.00000000001	5.93349e-06
40500.0	5.70493e-06
40510.0	4.68827e-06
40519.99999999999	3.6725e-06
40530.0	3.53994e-06
40540.0	3.4075e-06
40550.0	3.27517e-06
40560.0	3.90597e-06
40570.00000000001	4.53591e-06
40580.0	4.63663e-06
40590.0	4.73726e-06
40599.99999999999	4.83779e-06
40610.0	4.49174e-06
40620.0	4.14598e-06
40630.0	3.80037e-06
40640.0	3.47354e-06
40650.00000000001	3.14699e-06
40660.0	3.37518e-06
40670.0	3.60316e-06
40679.99999999999	3.83094e-06
40690.0	4.33026e-06
40700.0	4.82937e-06
40710.0	5.32584e-06
40720.0	5.83632e-06
40730.00000000001	6.34595e-06
40740.0	6.13828e-06
40750.0	5.93094e-06
40759.99999999999	5.72383e-06
40770.0	5.61931e-06
40780.0	5.51495e-06
40790.0	5.41076e-06
40800.0	5.04426e-06
40810.00000000001	4.67836e-06
40820.0	4.55756e-06
40830.0	4.43689e-06
40839.99999999999	4.31648e-06
40850.0	4.42261e-06
40860.0	4.52857e-06
40870.0	4.63435e-06
40880.0	5.12629e-06
40890.00000000001	5.61764e-06
40900.0	5.8582e-06
40910.0	6.09836e-06
40920.0	6.33811e-06
40930.0	5.90627e-06
40940.0	5.47513e-06
40950.0	5.0447e-06
40960.0	4.11318e-06
40970.00000000001	3.18366e-06
40980.0	3.23815e-06
40990.0	3.29255e-06
41000.0	3.34686e-06
41010.0	3.93356e-06
41020.0	4.51956e-06
41030.0	5.1043e-06
41040.0	5.8814e-06
41050.00000000001	6.6572e-06
41060.0	6.76745e-06
41070.0	6.8775e-06
41080.0	6.98736e-06
41090.0	7.35965e-06
41100.0	7.73113e-06
41110.0	8.10198e-06
41120.0	8.37327e-06
41130.00000000001	8.64409e-06
41140.0	8.5662e-06
41150.0	8.48842e-06
41160.0	8.41072e-06
41170.0	8.20706e-06
41180.0	8.00373e-06
41190.0	7.80073e-06
41200.0	7.63178e-06
41210.00000000001	7.4631e-06
41220.0	7.19081e-06
41230.0	6.9191e-06
41240.0	6.64784e-06
41250.0	6.21816e-06
41260.0	5.78921e-06
41270.0	5.71951e-06
41280.0	5.64991e-06
41289.99999999999	5.5804e-06
41300.0	5.76553e-06
41310.0	5.95034e-06
41320.0	6.13482e-06
41330.0	6.65073e-06
41340.0	7.16574e-06
41350.0	7.44331e-06
41360.0	7.72026e-06
41369.99999999999	7.99672e-06
41380.0	8.12488e-06
41390.0	8.2528e-06
41400.0	8.38048e-06
41410.0	8.17879e-06
41420.0	7.97733e-06
41430.0	7.68542e-06
41440.0	7.39401e-06
41449.99999999999	7.10308e-06
41460.0	6.87028e-06
41470.0	6.63788e-06
41480.0	6.40586e-06
41490.0	6.32235e-06
41500.0	6.23901e-06
41510.0	6.15357e-06
41520.0	6.06828e-06
41529.99999999999	5.98313e-06
41540.0	5.85741e-06
41550.0	5.73185e-06
41560.0	5.60655e-06
41570.0	5.37854e-06
41580.0	5.15091e-06
41590.0	5.00175e-06
41600.0	4.85285e-06
41609.99999999999	4.7042e-06
41620.0	4.92746e-06
41630.0	5.15022e-06
41640.0	5.37258e-06
41650.0	5.97363e-06
41660.00000000001	6.57361e-06
41670.0	7.14387e-06
41680.0	7.71338e-06
41689.99999999999	8.2816e-06
41700.0	8.8489e-06
41710.0	9.41518e-06
41720.0	9.98044e-06
41730.0	1.00446e-05
41740.00000000001	1.01087e-05
41750.0	9.24755e-06
41760.0	8.38831e-06
41769.99999999999	7.53059e-06
41780.0	7.40319e-06
41790.0	7.27601e-06
41800.0	7.14905e-06
41810.0	7.52398e-06
41820.00000000001	7.89805e-06
41830.0	8.2289e-06
41840.0	8.55913e-06
41849.99999999999	8.88876e-06
41860.0	8.67701e-06
41870.0	8.46562e-06
41880.0	8.2545e-06
41890.0	7.86137e-06
41900.00000000001	7.46893e-06
41910.0	7.14263e-06
41920.0	6.8176e-06
41929.99999999999	6.49383e-06
41940.0	6.15078e-06
41950.0	5.80892e-06
41960.0	5.76913e-06
41970.0	5.72946e-06
41980.00000000001	5.6899e-06
41990.0	5.5296e-06
42000.0	5.36992e-06
42009.99999999999	5.21077e-06
42020.0	4.7725e-06
42030.0	4.336e-06
42040.0	4.23635e-06
42050.0	4.13708e-06
42060.00000000001	4.03819e-06
42070.0	4.22683e-06
42080.0	4.41472e-06
42089.99999999999	4.6017e-06
42100.0	5.50412e-06
42110.0	6.4027e-06
42120.0	6.62542e-06
42130.0	6.84713e-06
42140.00000000001	7.06796e-06
42150.0	6.89099e-06
42160.0	6.71471e-06
42170.0	6.53913e-06
42180.0	6.20384e-06
42190.0	5.86994e-06
42200.0	5.90186e-06
42210.0	5.93361e-06
42220.00000000001	5.96515e-06
42230.0	5.93483e-06
42240.0	5.90458e-06
42250.0	5.87441e-06
42260.0	5.97647e-06
42270.0	6.07808e-06
42280.0	6.14842e-06
42290.0	6.21839e-06
42300.00000000001	6.28799e-06
42310.0	6.25997e-06
42320.0	6.232e-06
42330.0	6.2041e-06
42340.0	5.67896e-06
42350.0	5.15635e-06
42360.0	5.16227e-06
42370.0	5.1681e-06
42380.00000000001	5.17386e-06
42390.0	5.25683e-06
42400.0	5.33937e-06
42410.0	5.42153e-06
42420.0	5.4472e-06
42430.0	5.4727e-06
42440.0	5.21723e-06
42450.0	4.96286e-06
42460.00000000001	4.7096e-06
42470.0	4.46821e-06
42480.0	4.22799e-06
42490.0	3.98883e-06
42500.0	4.12505e-06
42510.0	4.2606e-06
42520.0	4.57604e-06
42530.0	4.88997e-06
42539.99999999999	5.20255e-06
42550.0	5.49732e-06
42560.0	5.79066e-06
42570.0	6.08257e-06
42580.0	6.1283e-06
42590.0	6.17375e-06
42600.0	6.1885e-06
42610.0	6.20311e-06
42619.99999999999	6.21758e-06
42630.0	6.08633e-06
42640.0	5.95564e-06
42650.0	5.67885e-06
42660.0	5.40332e-06
42670.0	5.12891e-06
42680.0	4.97118e-06
42690.0	4.81416e-06
42699.99999999999	4.65784e-06
42710.0	4.76669e-06
42720.0	4.87322e-06
42730.0	5.07705e-06
42740.0	5.27705e-06
42750.0	5.47303e-06
42760.0	5.7213e-06
42770.0	5.96471e-06
42779.99999999999	6.20327e-06
42790.0	5.75777e-06
42800.0	5.31874e-06
42810.0	5.08923e-06
42820.0	4.86291e-06
42830.0	4.63976e-06
42840.0	4.6594e-06
42850.0	4.67796e-06
42859.99999999999	4.69546e-06
42870.0	5.37325e-06
42880.0	6.0376e-06
42890.0	5.93541e-06
42900.0	5.83409e-06
42910.00000000001	5.73363e-06
42920.0	5.54361e-06
42930.0	5.3561e-06
42939.99999999999	5.17126e-06
42950.0	5.093e-06
42960.0	5.01528e-06
42970.0	5.22781e-06
42980.0	5.43508e-06
42990.00000000001	5.6371e-06
43000.0	5.72816e-06
43010.0	5.69472e-06
43019.99999999999	5.65206e-06
43030.0	5.49459e-06
43040.0	5.33511e-06
43050.0	5.10031e-06
43060.0	4.86878e-06
43070.00000000001	4.64075e-06
43080.0	4.40403e-06
43090.0	4.17169e-06
43099.99999999999	3.94372e-06
43110.0	3.42104e-06
43120.0	2.93292e-06
43130.0	2.56931e-06
43140.0	2.2296e-06
43150.00000000001	1.91359e-06
43160.0	1.68398e-06
43170.0	1.46886e-06
43179.99999999999	1.26824e-06
43190.0	1.19569e-06
43200.0	1.1162e-06
43210.0	1.05551e-06
43220.0	9.96475e-07
43230.00000000001	9.39106e-07
43240.0	8.60637e-07
43250.0	7.85014e-07
43259.99999999999	7.12204e-07
43270.0	6.4352e-07
43280.0	5.77613e-07
43290.0	6.29931e-07
43300.0	6.78107e-07
43310.00000000001	7.22139e-07
43320.0	8.2185e-07
43330.0	9.13521e-07
43339.99999999999	9.23344e-07
43350.0	9.30282e-07
43360.0	9.34334e-07
43370.0	8.77083e-07
43380.0	8.21552e-07
43390.00000000001	7.67715e-07
43400.0	6.70017e-07
43410.0	5.78116e-07
43420.0	5.65144e-07
43430.0	5.5079e-07
43440.0	5.35053e-07
43450.0	5.43079e-07
43460.0	5.46827e-07
43470.00000000001	5.46295e-07
43480.0	5.81851e-07
43490.0	6.0751e-07
43500.0	5.68057e-07
43510.0	5.73764e-07
43520.0	5.79469e-07
43530.0	5.74139e-07
43540.0	5.68814e-07
43550.00000000001	5.63495e-07
43560.0	5.49772e-07
43570.0	5.36062e-07
43580.0	5.34689e-07
43590.0	5.33317e-07
43600.0	5.31946e-07
43610.0	5.1042e-07
43620.0	4.88915e-07
43630.00000000001	4.6743e-07
43640.0	4.348e-07
43650.0	4.02203e-07
43660.0	3.85965e-07
43670.0	3.69751e-07
43680.0	3.53553e-07
43690.0	3.67717e-07
43700.0	3.81867e-07
43710.00000000001	3.962e-07
43720.0	4.29108e-07
43730.0	4.62e-07
43740.0	4.84367e-07
43750.0	5.06733e-07
43760.0	5.291e-07
43770.0	5.38898e-07
43780.0	5.48697e-07
43789.99999999999	5.585e-07
43800.0	5.5905e-07
43810.0	5.596e-07
43820.0	5.72167e-07
43830.0	5.84733e-07
43840.0	5.973e-07
43850.0	6.24242e-07
43860.0	6.51171e-07
43869.99999999999	6.781e-07
43880.0	7.1535e-07
43890.0	7.526e-07
43900.0	7.84962e-07
43910.0	8.17323e-07
43920.0	8.497e-07
43930.0	8.79267e-07
43940.0	9.08833e-07
43949.99999999999	9.384e-07
43960.0	9.5615e-07
43970.0	9.739e-07
43980.0	9.62668e-07
43990.0	9.51432e-07
44000.0	9.402e-07
44010.0	9.475e-07
44020.0	9.548e-07
44029.99999999999	9.75997e-07
44040.0	9.97193e-07
44050.0	1.0184e-06
44060.0	1.01537e-06
44070.0	1.01233e-06
44080.0	1.0093e-06
44090.0	9.9435e-07
44100.0	9.794e-07
44109.99999999999	9.67935e-07
44120.0	9.56465e-07
44130.0	9.45e-07
44140.0	9.373e-07
44150.0	9.296e-07
44160.00000000001	9.219e-07
44170.0	8.97456e-07
44180.0	8.73e-07
44189.99999999999	8.62667e-07
44200.0	8.52333e-07
44210.0	8.42e-07
44220.0	8.406e-07
44230.0	8.392e-07
44240.00000000001	8.378e-07
44250.0	8.53254e-07
44260.0	8.687e-07
44269.99999999999	8.78367e-07
44280.0	8.88033e-07
44290.0	8.977e-07
44300.0	9.03266e-07
44310.0	9.08834e-07
44320.00000000001	9.144e-07
44330.0	8.9485e-07
44340.0	8.753e-07
44349.99999999999	8.59367e-07
44360.0	8.43433e-07
44370.0	8.275e-07
44380.0	8.11662e-07
44390.0	7.95831e-07
44400.00000000001	7.8e-07
44410.0	7.589e-07
44420.0	7.378e-07
44429.99999999999	7.30535e-07
44440.0	7.23269e-07
44450.0	7.16e-07
44460.0	7.149e-07
44470.0	7.138e-07
44480.00000000001	7.127e-07
44490.0	7.2115e-07
44500.0	7.296e-07
44509.99999999999	7.23131e-07
44520.0	7.16666e-07
44530.0	7.102e-07
44540.0	6.85867e-07
44550.0	6.61533e-07
44560.00000000001	6.372e-07
44570.0	5.89561e-07
44580.0	5.419e-07
44589.99999999999	5.29333e-07
44600.0	5.16767e-07
44610.0	5.042e-07
44620.0	5.12032e-07
44630.0	5.19864e-07
44640.00000000001	5.277e-07
44650.0	5.4235e-07
44660.0	5.57e-07
44670.0	5.355e-07
44680.0	5.14e-07
44690.0	4.925e-07
44700.0	4.83552e-07
44710.0	4.746e-07
44720.00000000001	4.751e-07
44730.0	4.756e-07
44740.0	4.761e-07
44750.0	4.81599e-07
44760.0	4.87098e-07
44770.0	4.926e-07
44780.0	4.674e-07
44790.0	4.422e-07
44800.00000000001	4.305e-07
44810.0	4.188e-07
44820.0	4.071e-07
44830.0	4.05567e-07
44840.0	4.04033e-07
44850.0	4.025e-07
44860.0	4.0995e-07
44870.0	4.174e-07
44880.00000000001	4.281e-07
44890.0	4.388e-07
44900.0	4.495e-07
44910.0	4.67072e-07
44920.0	4.84636e-07
44930.0	5.022e-07
44940.0	5.08e-07
44950.0	5.138e-07
44960.00000000001	5.19966e-07
44970.0	5.26134e-07
44980.0	5.323e-07
44990.0	5.40667e-07
45000.0	5.49033e-07
45010.0	5.574e-07
45020.0	5.708e-07
45030.0	5.842e-07
45039.99999999999	5.77498e-07
45050.0	5.70799e-07
45060.0	5.641e-07
45070.0	5.489e-07
45080.0	5.337e-07
45090.0	5.185e-07
45100.0	5.06897e-07
45110.0	4.953e-07
45119.99999999999	4.96067e-07
45130.0	4.96833e-07
45140.0	4.976e-07
45150.0	5.03566e-07
45160.0	5.09531e-07
45170.0	5.155e-07
45180.0	5.288e-07
45190.0	5.421e-07
45199.99999999999	5.47667e-07
45210.0	5.53233e-07
45220.0	5.588e-07
45230.0	5.64232e-07
45240.0	5.69668e-07
45250.0	5.751e-07
45260.0	5.9295e-07
45270.0	6.108e-07
45279.99999999999	6.17965e-07
45290.0	6.25131e-07
45300.0	6.323e-07
45310.0	6.366e-07
45320.0	6.409e-07
45330.0	6.452e-07
45340.0	6.475e-07
45350.0	6.498e-07
45359.99999999999	6.58599e-07
45370.0	6.67401e-07
45380.0	6.762e-07
45390.0	6.8985e-07
45400.0	7.035e-07
45410.00000000001	7.02367e-07
45420.0	7.01234e-07
45430.0	7.001e-07
45439.99999999999	6.93633e-07
45450.0	6.87167e-07
45460.0	6.807e-07
45470.0	6.669e-07
45480.0	6.531e-07
45490.00000000001	6.41069e-07
45500.0	6.29031e-07
45510.0	6.17e-07
45519.99999999999	6.06633e-07
45530.0	5.96267e-07
45540.0	5.859e-07
45550.0	5.78802e-07
45560.0	5.717e-07
45570.00000000001	5.85567e-07
45580.0	5.99433e-07
45590.0	6.133e-07
45599.99999999999	6.25033e-07
45610.0	6.36767e-07
45620.0	6.485e-07
45630.0	6.45499e-07
45640.0	6.425e-07
45650.00000000001	5.92467e-07
45660.0	5.42433e-07
45670.0	4.924e-07
45679.99999999999	4.67137e-07
45690.0	4.41875e-07
45700.0	4.166e-07
45710.0	4.065e-07
45720.0	3.964e-07
45730.00000000001	4.48e-07
45740.0	4.996e-07
45750.0	5.512e-07
45759.99999999999	5.84744e-07
45770.0	6.18272e-07
45780.0	6.518e-07
45790.0	6.7505e-07
45800.0	6.983e-07
45810.00000000001	7.05299e-07
45820.0	7.12298e-07
45830.0	7.193e-07
45839.99999999999	7.29567e-07
45850.0	7.39833e-07
45860.0	7.501e-07
45870.0	7.663e-07
45880.0	7.825e-07
45890.00000000001	7.56959e-07
45900.0	7.31429e-07
45910.0	7.059e-07
45920.0	6.732e-07
45930.0	6.405e-07
45940.0	6.078e-07
45950.0	5.54713e-07
45960.0	5.016e-07
45970.00000000001	4.95733e-07
45980.0	4.89867e-07
45990.0	4.84e-07
46000.0	4.88533e-07
46010.0	4.93065e-07
46020.0	4.976e-07
46030.0	5.245e-07
46040.0	5.514e-07
46050.00000000001	5.75633e-07
46060.0	5.99867e-07
46070.0	6.241e-07
46080.0	6.61741e-07
46090.0	6.994e-07
46100.0	7.22267e-07
46110.0	7.45133e-07
46120.0	7.68e-07
46130.00000000001	7.714e-07
46140.0	7.748e-07
46150.0	7.782e-07
46160.0	7.74749e-07
46170.0	7.713e-07
46180.0	7.65533e-07
46190.0	7.59767e-07
46200.0	7.54e-07
46210.00000000001	7.42835e-07
46220.0	7.31665e-07
46230.0	7.205e-07
46240.0	7.054e-07
46250.0	6.903e-07
46260.0	6.924e-07
46270.0	6.945e-07
46280.0	6.966e-07
46289.99999999999	6.99434e-07
46300.0	7.02267e-07
46310.0	7.051e-07
46320.0	7.0985e-07
46330.0	7.146e-07
46340.0	7.15267e-07
46350.0	7.15933e-07
46360.0	7.166e-07
46369.99999999999	7.32167e-07
46380.0	7.47733e-07
46390.0	7.633e-07
46400.0	8.1365e-07
46410.0	8.64e-07
46420.0	8.7327e-07
46430.0	8.82535e-07
46440.0	8.918e-07
46449.99999999999	8.81267e-07
46460.0	8.70733e-07
46470.0	8.602e-07
46480.0	8.03314e-07
46490.0	7.464e-07
46500.0	7.10367e-07
46510.0	6.74333e-07
46520.0	6.383e-07
46529.99999999999	6.18436e-07
46540.0	5.98573e-07
46550.0	5.787e-07
46560.0	6.151e-07
46570.0	6.515e-07
46580.0	6.721e-07
46590.0	6.927e-07
46600.0	7.133e-07
46609.99999999999	7.28398e-07
46620.0	7.43502e-07
46630.0	7.586e-07
46640.0	7.1345e-07
46650.0	6.683e-07
46660.00000000001	6.55735e-07
46670.0	6.43171e-07
46680.0	6.306e-07
46689.99999999999	6.351e-07
46700.0	6.396e-07
46710.0	6.775e-07
46720.0	7.154e-07
46730.0	7.533e-07
46740.00000000001	7.93394e-07
46750.0	8.33506e-07
46760.0	8.736e-07
46769.99999999999	9.0985e-07
46780.0	9.461e-07
46790.0	9.18304e-07
46800.0	8.90509e-07
46810.0	8.627e-07
46820.00000000001	8.23133e-07
46830.0	7.83567e-07
46840.0	7.44e-07
46849.99999999999	7.123e-07
46860.0	6.806e-07
46870.0	6.85533e-07
46880.0	6.90467e-07
46890.0	6.954e-07
46900.00000000001	7.241e-07
46910.0	7.528e-07
46920.0	7.815e-07
46929.99999999999	7.901e-07
46940.0	7.987e-07
46950.0	7.98166e-07
46960.0	7.97633e-07
46970.0	7.971e-07
46980.00000000001	7.87533e-07
46990.0	7.77967e-07
47000.0	7.684e-07
47009.99999999999	7.53997e-07
47020.0	7.396e-07
47030.0	7.313e-07
47040.0	7.23e-07
47050.0	7.147e-07
47060.00000000001	7.14167e-07
47070.0	7.13633e-07
47080.0	7.131e-07
47089.99999999999	7.096e-07
47100.0	7.061e-07
47110.0	7.02133e-07
47120.0	6.98167e-07
47130.0	6.942e-07
47140.00000000001	7.02869e-07
47150.0	7.11535e-07
47160.0	7.202e-07
47170.0	7.3855e-07
47180.0	7.569e-07
47190.0	7.74397e-07
47200.0	7.91894e-07
47210.0	8.094e-07
47220.00000000001	8.271e-07
47230.0	8.448e-07
47240.0	8.625e-07
47250.0	8.8945e-07
47260.0	9.164e-07
47270.0	9.28037e-07
47280.0	9.39668e-07
47290.0	9.513e-07
47300.00000000001	9.51333e-07
47310.0	9.51367e-07
47320.0	9.514e-07
47330.0	9.27506e-07
47340.0	9.036e-07
47350.0	9.044e-07
47360.0	9.052e-07
47370.0	9.06e-07
47380.00000000001	9.1235e-07
47390.0	9.187e-07
47400.0	9.182e-07
47410.0	9.177e-07
47420.0	9.172e-07
47430.0	9.06433e-07
47440.0	8.95667e-07
47450.0	8.849e-07
47460.00000000001	8.56407e-07
47470.0	8.279e-07
47480.0	8.23767e-07
47490.0	8.19633e-07
47500.0	8.155e-07
47510.0	8.16033e-07
47520.0	8.16567e-07
47530.0	8.171e-07
47539.99999999999	8.31203e-07
47550.0	8.453e-07
47560.0	8.512e-07
47570.0	8.571e-07
47580.0	8.63e-07
47590.0	8.66533e-07
47600.0	8.70067e-07
47610.0	8.736e-07
47619.99999999999	8.548e-07
47630.0	8.36e-07
47640.0	8.232e-07
47650.0	8.104e-07
47660.0	7.976e-07
47670.0	7.84863e-07
47680.0	7.72131e-07
47690.0	7.594e-07
47699.99999999999	7.5315e-07
47710.0	7.469e-07
47720.0	7.47033e-07
47730.0	7.47167e-07
47740.0	7.473e-07
47750.0	7.76367e-07
47760.0	8.05433e-07
47770.0	8.345e-07
47779.99999999999	8.704e-07
47790.0	9.063e-07
47800.0	9.15703e-07
47810.0	9.25101e-07
47820.0	9.345e-07
47830.0	9.194e-07
47840.0	9.043e-07
47850.0	8.892e-07
47859.99999999999	8.53408e-07
47870.0	8.176e-07
47880.0	8.21967e-07
47890.0	8.26333e-07
47900.0	8.307e-07
47910.00000000001	8.42331e-07
47920.0	8.53963e-07
47930.0	8.656e-07
47939.99999999999	9.048e-07
47950.0	9.44e-07
47960.0	9.58267e-07
47970.0	9.72533e-07
47980.0	9.868e-07
47990.00000000001	9.94799e-07
48000.0	1.0028e-06
48010.0	1.0108e-06
48019.99999999999	9.9455e-07
48030.0	9.783e-07
48040.0	9.70868e-07
48050.0	9.63436e-07
48060.0	9.56e-07
48070.00000000001	9.5405e-07
48080.0	9.521e-07
48090.0	9.474e-07
48099.99999999999	9.427e-07
48110.0	9.38e-07
48120.0	9.31601e-07
48130.0	9.25199e-07
48140.0	9.188e-07
48150.00000000001	9.052e-07
48160.0	8.916e-07
48170.0	8.86033e-07
48179.99999999999	8.80467e-07
48190.0	8.749e-07
48200.0	8.77534e-07
48210.0	8.80167e-07
48220.0	8.828e-07
48230.00000000001	8.8905e-07
48240.0	8.953e-07
48250.0	9.00566e-07
48259.99999999999	9.05834e-07
48270.0	9.111e-07
48280.0	9.22367e-07
48290.0	9.33633e-07
48300.0	9.449e-07
48310.00000000001	9.6395e-07
48320.0	9.83e-07
48330.0	9.97705e-07
48339.99999999999	1.0124e-06
48350.0	1.0271e-06
48360.0	1.04273e-06
48370.0	1.05837e-06
48380.0	1.074e-06
48390.00000000001	1.09901e-06
48400.0	1.124e-06
48410.0	1.1308e-06
48420.0	1.1376e-06
48430.0	1.1444e-06
48440.0	1.1485e-06
48450.0	1.1526e-06
48460.0	1.1567e-06
48470.00000000001	1.15875e-06
48480.0	1.1608e-06
48490.0	1.15487e-06
48500.0	1.14893e-06
48510.0	1.143e-06
48520.0	1.12643e-06
48530.0	1.10986e-06
48540.0	1.0933e-06
48550.00000000001	1.04975e-06
48560.0	1.0062e-06
48570.0	9.74105e-07
48580.0	9.4201e-07
48590.0	9.099e-07
48600.0	9.22467e-07
48610.0	9.35033e-07
48620.0	9.476e-07
48630.00000000001	9.7385e-07
48640.0	1.0001e-06
48650.0	1.02826e-06
48660.0	1.05644e-06
48670.0	1.0846e-06
48680.0	1.09933e-06
48690.0	1.11407e-06
48700.0	1.1288e-06
48710.00000000001	1.13105e-06
48720.0	1.1333e-06
48730.0	1.13413e-06
48740.0	1.13497e-06
48750.0	1.1358e-06
48760.0	1.1365e-06
48770.0	1.1372e-06
48780.0	1.1357e-06
48789.99999999999	1.1342e-06
48800.0	1.1327e-06
48810.0	1.13403e-06
48820.0	1.13537e-06
48830.0	1.1367e-06
48840.0	1.1467e-06
48850.0	1.1567e-06
48860.0	1.1706e-06
48869.99999999999	1.1845e-06
48880.0	1.1984e-06
48890.0	1.2175e-06
48900.0	1.2366e-06
48910.0	1.2557e-06
48920.0	1.2448e-06
48930.0	1.2339e-06
48940.0	1.22103e-06
48949.99999999999	1.20817e-06
48960.0	1.1953e-06
48970.0	1.16984e-06
48980.0	1.14437e-06
48990.0	1.1189e-06
49000.0	1.09605e-06
49010.0	1.0732e-06
49020.0	1.0716e-06
49029.99999999999	1.07e-06
49040.0	1.0684e-06
49050.0	1.08184e-06
49060.0	1.09527e-06
49070.0	1.1087e-06
49080.0	1.14275e-06
49090.0	1.1768e-06
49100.0	1.20063e-06
49109.99999999999	1.22446e-06
49120.0	1.2483e-06
49130.0	1.26793e-06
49140.0	1.28757e-06
49150.0	1.3072e-06
49160.00000000001	1.2881e-06
49170.0	1.269e-06
49180.0	1.25239e-06
49189.99999999999	1.2358e-06
49200.0	1.2192e-06
49210.0	1.19683e-06
49220.0	1.17447e-06
49230.0	1.1521e-06
49240.00000000001	1.14725e-06
49250.0	1.1424e-06
49260.0	1.15013e-06
49269.99999999999	1.15787e-06
49280.0	1.1656e-06
49290.0	1.1715e-06
49300.0	1.1774e-06
49310.0	1.1833e-06
49320.00000000001	1.187e-06
49330.0	1.1907e-06
49340.0	1.1638e-06
49349.99999999999	1.1369e-06
49360.0	1.11e-06
49370.0	1.08967e-06
49380.0	1.06933e-06
49390.0	1.049e-06
49400.00000000001	1.0342e-06
49410.0	1.0194e-06
49420.0	1.02613e-06
49429.99999999999	1.03287e-06
49440.0	1.0396e-06
49450.0	1.07106e-06
49460.0	1.1025e-06
49470.0	1.1119e-06
49480.00000000001	1.1213e-06
49490.0	1.1307e-06
49500.0	1.1366e-06
49509.99999999999	1.1425e-06
49520.0	1.1484e-06
49530.0	1.15095e-06
49540.0	1.1535e-06
49550.0	1.15443e-06
49560.00000000001	1.15537e-06
49570.0	1.1563e-06
49580.0	1.1545e-06
49589.99999999999	1.1527e-06
49600.0	1.1509e-06
49610.0	1.1508e-06
49620.0	1.1507e-06
49630.0	1.15303e-06
49640.00000000001	1.15537e-06
49650.0	1.1577e-06
49660.0	1.16037e-06
49670.0	1.16303e-06
49680.0	1.1657e-06
49690.0	1.17005e-06
49700.0	1.1744e-06
49710.0	1.16633e-06
49720.00000000001	1.15827e-06
49730.0	1.1502e-06
49740.0	1.14137e-06
49750.0	1.13253e-06
49760.0	1.1237e-06
49770.0	1.14976e-06
49780.0	1.1758e-06
49790.0	1.19723e-06
49800.00000000001	1.21867e-06
49810.0	1.2401e-06
49820.0	1.27389e-06
49830.0	1.30769e-06
49840.0	1.3415e-06
49850.0	1.37515e-06
49860.0	1.4088e-06
49870.0	1.41363e-06
49880.00000000001	1.41847e-06
49890.0	1.4233e-06
49900.0	1.41273e-06
49910.0	1.40216e-06
49920.0	1.3916e-06
49930.0	1.363e-06
49940.0	1.3344e-06
49950.0	1.3203e-06
49960.00000000001	1.3062e-06
49970.0	1.2921e-06
49980.0	1.27937e-06
49990.0	1.26663e-06
50000.0	1.2539e-06
50010.0	1.2394e-06
50020.0	1.2249e-06
50030.0	1.2176e-06
50039.99999999999	1.2103e-06
50050.0	1.203e-06
50060.0	1.20537e-06
50070.0	1.20773e-06
50080.0	1.2101e-06
50090.0	1.22155e-06
50100.0	1.233e-06
50110.0	1.25047e-06
50119.99999999999	1.26793e-06
50130.0	1.2854e-06
50140.0	1.3109e-06
50150.0	1.3364e-06
50160.0	1.35303e-06
50170.0	1.36967e-06
50180.0	1.3863e-06
50190.0	1.39917e-06
50199.99999999999	1.41203e-06
50210.0	1.4249e-06
50220.0	1.4419e-06
50230.0	1.4589e-06
50240.0	1.45303e-06
50250.0	1.44717e-06
50260.0	1.4413e-06
50270.0	1.43343e-06
50279.99999999999	1.42557e-06
50290.0	1.4177e-06
50300.0	1.42315e-06
50310.0	1.4286e-06
50320.0	1.4328e-06
50330.0	1.437e-06
50340.0	1.4412e-06
50350.0	1.44753e-06
50359.99999999999	1.45386e-06
50370.0	1.4602e-06
50380.0	1.4565e-06
50390.0	1.4528e-06
50400.0	1.4345e-06
50410.00000000001	1.4162e-06
50420.0	1.3979e-06
50430.0	1.38976e-06
50439.99999999999	1.38163e-06
50450.0	1.3735e-06
50460.0	1.3755e-06
50470.0	1.3775e-06
50480.0	1.38886e-06
50490.00000000001	1.40023e-06
50500.0	1.4116e-06
50510.0	1.42877e-06
50519.99999999999	1.44593e-06
50530.0	1.4631e-06
50540.0	1.45915e-06
50550.0	1.4552e-06
50560.0	1.4477e-06
50570.00000000001	1.4402e-06
50580.0	1.4327e-06
50590.0	1.42573e-06
50599.99999999999	1.41877e-06
50610.0	1.4118e-06
50620.0	1.4037e-06
50630.0	1.3956e-06
50640.0	1.40637e-06
50650.00000000001	1.41713e-06
50660.0	1.4279e-06
50670.0	1.43663e-06
50679.99999999999	1.44537e-06
50690.0	1.4541e-06
50700.0	1.45485e-06
50710.0	1.4556e-06
50720.0	1.4601e-06
50730.00000000001	1.4646e-06
50740.0	1.4691e-06
50750.0	1.4813e-06
50759.99999999999	1.4935e-06
50770.0	1.5057e-06
50780.0	1.52615e-06
50790.0	1.5466e-06
50800.0	1.56183e-06
50810.00000000001	1.57707e-06
50820.0	1.5923e-06
50830.0	1.60095e-06
50839.99999999999	1.6096e-06
50850.0	1.60883e-06
50860.0	1.60807e-06
50870.0	1.6073e-06
50880.0	1.6023e-06
50890.00000000001	1.5973e-06
50900.0	1.5923e-06
50910.0	1.58245e-06
50920.0	1.5726e-06
50930.0	1.56217e-06
50940.0	1.55173e-06
50950.0	1.5413e-06
50960.0	1.53033e-06
50970.00000000001	1.51936e-06
50980.0	1.5084e-06
50990.0	1.52385e-06
51000.0	1.5393e-06
51010.0	1.5516e-06
51020.0	1.5639e-06
51030.0	1.5762e-06
51040.0	1.5989e-06
51050.00000000001	1.6216e-06
51060.0	1.6443e-06
51070.0	1.6753e-06
51080.0	1.7063e-06
51090.0	1.7122e-06
51100.0	1.7181e-06
51110.0	1.724e-06
51120.0	1.7223e-06
51130.00000000001	1.7206e-06
51140.0	1.7189e-06
51150.0	1.68546e-06
51160.0	1.652e-06
51170.0	1.6346e-06
51180.0	1.6172e-06
51190.0	1.5998e-06
51200.0	1.58987e-06
51210.00000000001	1.57994e-06
51220.0	1.57e-06
51230.0	1.56185e-06
51240.0	1.5537e-06
51250.0	1.55343e-06
51260.0	1.55317e-06
51270.0	1.5529e-06
51280.0	1.54473e-06
51289.99999999999	1.53657e-06
51300.0	1.5284e-06
51310.0	1.50685e-06
51320.0	1.4853e-06
51330.0	1.49197e-06
51340.0	1.49863e-06
51350.0	1.5053e-06
51360.0	1.52437e-06
51369.99999999999	1.54343e-06
51380.0	1.5625e-06
51390.0	1.5805e-06
51400.0	1.5985e-06
51410.0	1.60763e-06
51420.0	1.61677e-06
51430.0	1.6259e-06
51440.0	1.6117e-06
51449.99999999999	1.5975e-06
51460.0	1.5833e-06
51470.0	1.55415e-06
51480.0	1.525e-06
51490.0	1.51696e-06
51500.0	1.50893e-06
51510.0	1.5009e-06
51520.0	1.4913e-06
51529.99999999999	1.4817e-06
51540.0	1.49316e-06
51550.0	1.50464e-06
51560.0	1.5161e-06
51570.0	1.52897e-06
51580.0	1.54183e-06
51590.0	1.5547e-06
51600.0	1.58405e-06
51609.99999999999	1.6134e-06
51620.0	1.63181e-06
51630.0	1.6502e-06
51640.0	1.6686e-06
51650.0	1.66403e-06
51660.00000000001	1.65947e-06
51670.0	1.6549e-06
51680.0	1.64605e-06
51689.99999999999	1.6372e-06
51700.0	1.62263e-06
51710.0	1.60807e-06
51720.0	1.5935e-06
51730.0	1.58343e-06
51740.00000000001	1.57337e-06
51750.0	1.5633e-06
51760.0	1.5748e-06
51769.99999999999	1.5863e-06
51780.0	1.59457e-06
51790.0	1.60283e-06
51800.0	1.6111e-06
51810.0	1.6212e-06
51820.00000000001	1.6313e-06
51830.0	1.6414e-06
51840.0	1.6482e-06
51849.99999999999	1.655e-06
51860.0	1.6459e-06
51870.0	1.6368e-06
51880.0	1.6277e-06
51890.0	1.6269e-06
51900.00000000001	1.6261e-06
51910.0	1.6253e-06
51920.0	1.64885e-06
51929.99999999999	1.6724e-06
51940.0	1.6907e-06
51950.0	1.709e-06
51960.0	1.7273e-06
51970.0	1.74993e-06
51980.00000000001	1.77257e-06
51990.0	1.7952e-06
52000.0	1.81225e-06
52009.99999999999	1.8293e-06
52020.0	1.82383e-06
52030.0	1.81837e-06
52040.0	1.8129e-06
52050.0	1.80533e-06
52060.00000000001	1.79777e-06
52070.0	1.7902e-06
52080.0	1.77515e-06
52089.99999999999	1.7601e-06
52100.0	1.7473e-06
52110.0	1.7345e-06
52120.0	1.7217e-06
52130.0	1.70604e-06
52140.00000000001	1.69036e-06
52150.0	1.6747e-06
52160.0	1.65685e-06
52170.0	1.639e-06
52180.0	1.63063e-06
52190.0	1.62227e-06
52200.0	1.6139e-06
52210.0	1.60185e-06
52220.00000000001	1.5898e-06
52230.0	1.5821e-06
52240.0	1.5744e-06
52250.0	1.5667e-06
52260.0	1.56113e-06
52270.0	1.55557e-06
52280.0	1.55e-06
52290.0	1.54445e-06
52300.00000000001	1.5389e-06
52310.0	1.53773e-06
52320.0	1.53657e-06
52330.0	1.5354e-06
52340.0	1.5363e-06
52350.0	1.5372e-06
52360.0	1.5381e-06
52370.0	1.5422e-06
52380.00000000001	1.5463e-06
52390.0	1.5505e-06
52400.0	1.5547e-06
52410.0	1.5589e-06
52420.0	1.56233e-06
52430.0	1.56577e-06
52440.0	1.5692e-06
52450.0	1.5734e-06
52460.00000000001	1.5776e-06
52470.0	1.5751e-06
52480.0	1.5726e-06
52490.0	1.5701e-06
52500.0	1.5636e-06
52510.0	1.5571e-06
52520.0	1.5506e-06
52530.0	1.56135e-06
52539.99999999999	1.5721e-06
52550.0	1.5905e-06
52560.0	1.6089e-06
52570.0	1.6273e-06
52580.0	1.64766e-06
52590.0	1.66803e-06
52600.0	1.6884e-06
52610.0	1.7217e-06
52619.99999999999	1.755e-06
52630.0	1.77053e-06
52640.0	1.78607e-06
52650.0	1.8016e-06
52660.0	1.8111e-06
52670.0	1.8206e-06
52680.0	1.8301e-06
52690.0	1.82825e-06
52699.99999999999	1.8264e-06
52710.0	1.8156e-06
52720.0	1.8048e-06
52730.0	1.794e-06
52740.0	1.78706e-06
52750.0	1.78013e-06
52760.0	1.7732e-06
52770.0	1.76825e-06
52779.99999999999	1.7633e-06
52790.0	1.76423e-06
52800.0	1.76517e-06
52810.0	1.7661e-06
52820.0	1.77157e-06
52830.0	1.77703e-06
52840.0	1.7825e-06
52850.0	1.771e-06
52859.99999999999	1.7595e-06
52870.0	1.73653e-06
52880.0	1.71356e-06
52890.0	1.6906e-06
52900.0	1.67295e-06
52910.00000000001	1.6553e-06
52920.0	1.65793e-06
52930.0	1.66057e-06
52939.99999999999	1.6632e-06
52950.0	1.66887e-06
52960.0	1.67453e-06
52970.0	1.6802e-06
52980.0	1.69605e-06
52990.00000000001	1.7119e-06
53000.0	1.72067e-06
53010.0	1.72943e-06
53019.99999999999	1.7382e-06
53030.0	1.74327e-06
53040.0	1.74833e-06
53050.0	1.7534e-06
53060.0	1.7608e-06
53070.00000000001	1.7682e-06
53080.0	1.77273e-06
53090.0	1.77727e-06
53099.99999999999	1.7818e-06
53110.0	1.7855e-06
53120.0	1.7892e-06
53130.0	1.7929e-06
53140.0	1.7947e-06
53150.00000000001	1.7965e-06
53160.0	1.80077e-06
53170.0	1.80503e-06
53179.99999999999	1.8093e-06
53190.0	1.82616e-06
53200.0	1.84304e-06
53210.0	1.8599e-06
53220.0	1.882e-06
53230.00000000001	1.9041e-06
53240.0	1.903e-06
53250.0	1.9019e-06
53259.99999999999	1.9008e-06
53270.0	1.89957e-06
53280.0	1.89833e-06
53290.0	1.8971e-06
53300.0	1.89275e-06
53310.00000000001	1.8884e-06
53320.0	1.8856e-06
53330.0	1.8828e-06
53339.99999999999	1.88e-06
53350.0	1.88487e-06
53360.0	1.88973e-06
53370.0	1.8946e-06
53380.0	1.9019e-06
53390.00000000001	1.9092e-06
53400.0	1.90843e-06
53410.0	1.90767e-06
53420.0	1.9069e-06
53430.0	1.9058e-06
53440.0	1.9047e-06
53450.0	1.9036e-06
53460.0	1.8911e-06
53470.00000000001	1.8786e-06
53480.0	1.86933e-06
53490.0	1.86007e-06
53500.0	1.8508e-06
53510.0	1.83725e-06
53520.0	1.8237e-06
53530.0	1.81487e-06
53540.0	1.80603e-06
53550.00000000001	1.7972e-06
53560.0	1.7924e-06
53570.0	1.7876e-06
53580.0	1.7828e-06
53590.0	1.77805e-06
53600.0	1.7733e-06
53610.0	1.76717e-06
53620.0	1.76103e-06
53630.00000000001	1.7549e-06
53640.0	1.747e-06
53650.0	1.7391e-06
53660.0	1.7312e-06
53670.0	1.72595e-06
53680.0	1.7207e-06
53690.0	1.72103e-06
53700.0	1.72137e-06
53710.00000000001	1.7217e-06
53720.0	1.72407e-06
53730.0	1.72643e-06
53740.0	1.7288e-06
53750.0	1.73645e-06
53760.0	1.7441e-06
53770.0	1.75217e-06
53780.0	1.76023e-06
53789.99999999999	1.7683e-06
53800.0	1.7825e-06
53810.0	1.7967e-06
53820.0	1.8109e-06
53830.0	1.83305e-06
53840.0	1.8552e-06
53850.0	1.87114e-06
53860.0	1.88707e-06
53869.99999999999	1.903e-06
53880.0	1.91787e-06
53890.0	1.93273e-06
53900.0	1.9476e-06
53910.0	1.9535e-06
53920.0	1.9594e-06
53930.0	1.96327e-06
53940.0	1.96713e-06
53949.99999999999	1.971e-06
53960.0	1.9558e-06
53970.0	1.9406e-06
53980.0	1.9254e-06
53990.0	1.90309e-06
54000.0	1.8808e-06
54010.0	1.86917e-06
54020.0	1.85753e-06
54029.99999999999	1.8459e-06
54040.0	1.83484e-06
54050.0	1.82376e-06
54060.0	1.8127e-06
54070.0	1.8073e-06
54080.0	1.8019e-06
54090.0	1.80057e-06
54100.0	1.79923e-06
54109.99999999999	1.7979e-06
54120.0	1.7913e-06
54130.0	1.7847e-06
54140.0	1.7781e-06
54150.0	1.76395e-06
54160.00000000001	1.7498e-06
54170.0	1.7535e-06
54180.0	1.7572e-06
54189.99999999999	1.7609e-06
54200.0	1.7859e-06
54210.0	1.8109e-06
54220.0	1.82097e-06
54230.0	1.83103e-06
54240.00000000001	1.8411e-06
54250.0	1.8395e-06
54260.0	1.8379e-06
54269.99999999999	1.8363e-06
54280.0	1.8275e-06
54290.0	1.8187e-06
54300.0	1.79917e-06
54310.0	1.77963e-06
54320.00000000001	1.7601e-06
54330.0	1.74467e-06
54340.0	1.72923e-06
54349.99999999999	1.7138e-06
54360.0	1.7451e-06
54370.0	1.7764e-06
54380.0	1.79801e-06
54390.0	1.8196e-06
54400.00000000001	1.8412e-06
54410.0	1.8688e-06
54420.0	1.8964e-06
54429.99999999999	1.924e-06
54440.0	1.96774e-06
54450.0	2.0115e-06
54460.0	2.023e-06
54470.0	2.0345e-06
54480.00000000001	2.046e-06
54490.0	2.0525e-06
54500.0	2.059e-06
54509.99999999999	2.0655e-06
54520.0	2.056e-06
54530.0	2.0465e-06
54540.0	2.03277e-06
54550.0	2.01903e-06
54560.00000000001	2.0053e-06
54570.0	1.9939e-06
54580.0	1.9825e-06
54589.99999999999	1.9711e-06
54600.0	1.95785e-06
54610.0	1.9446e-06
54620.0	1.9404e-06
54630.0	1.9362e-06
54640.00000000001	1.932e-06
54650.0	1.93857e-06
54660.0	1.94513e-06
54670.0	1.9517e-06
54680.0	1.96345e-06
54690.0	1.9752e-06
54700.0	1.99143e-06
54710.0	2.00767e-06
54720.00000000001	2.0239e-06
54730.0	2.04053e-06
54740.0	2.05717e-06
54750.0	2.0738e-06
54760.0	2.07225e-06
54770.0	2.0707e-06
54780.0	2.06873e-06
54790.0	2.06677e-06
54800.00000000001	2.0648e-06
54810.0	2.0535e-06
54820.0	2.0422e-06
54830.0	2.0309e-06
54840.0	2.01014e-06
54850.0	1.9894e-06
54860.0	1.98487e-06
54870.0	1.98033e-06
54880.00000000001	1.9758e-06
54890.0	1.97875e-06
54900.0	1.9817e-06
54910.0	1.98197e-06
54920.0	1.98223e-06
54930.0	1.9825e-06
54940.0	1.98007e-06
54950.0	1.97763e-06
54960.00000000001	1.9752e-06
54970.0	1.97315e-06
54980.0	1.9711e-06
54990.0	0.0
55000.0	0.0
