5000.0	0.0
5010.0	0.0
5020.0	0.0
5030.0	0.0
5040.0	0.0
5050.0	0.0
5060.0	0.0
5070.0	0.0
5080.0	0.0
5090.0	0.0
5100.0	0.0
5110.0	0.0
5120.0	0.0
5130.0	0.0
5140.0	0.0
5150.0	0.0
5160.0	0.0
5170.0	0.0
5180.0	0.0
5190.0	0.0
5200.0	0.0
5210.0	0.0
5220.0	0.0
5230.0	0.0
5240.0	0.0
5250.0	0.0
5260.0	0.0
5270.0	0.0
5280.0	0.0
5290.0	0.0
5300.0	0.0
5310.0	0.0
5320.0	0.0
5330.0	0.0
5340.0	0.0
5350.0	0.0
5360.0	0.0
5370.0	0.0
5380.0	0.0
5390.0	0.0
5400.0	0.0
5410.0	0.0
5420.0	0.0
5430.0	0.0
5440.0	0.0
5450.0	0.0
5460.0	0.0
5470.0	0.0
5480.0	0.0
5490.0	0.0
5500.0	0.0
5510.0	0.0
5520.000000000001	0.0
5530.000000000001	0.0
5540.000000000001	0.0
5550.000000000001	0.0
5560.000000000001	0.0
5570.000000000001	0.0
5580.000000000001	0.0
5590.000000000001	0.0
5600.000000000001	0.0
5610.000000000001	0.0
5620.000000000001	0.0
5629.999999999999	0.0
5639.999999999999	0.0
5649.999999999999	0.0
5659.999999999999	0.0
5669.999999999999	0.0
5679.999999999999	0.0
5689.999999999999	0.0
5699.999999999999	0.0
5709.999999999999	0.0
5719.999999999999	0.0
5729.999999999999	0.0
5740.0	0.0
5750.0	0.0
5760.0	0.0
5770.0	0.0
5780.0	0.0
5790.0	0.0
5800.0	0.0
5810.0	0.0
5820.0	0.0
5830.0	0.0
5840.0	0.0
5850.0	0.0
5860.0	0.0
5870.0	0.0
5880.0	0.0
5890.0	0.0
5900.0	0.0
5910.0	0.0
5920.0	0.0
5930.0	0.0
5940.0	0.0
5950.0	0.0
5960.0	0.0
5970.0	0.0
5980.0	0.0
5990.0	0.0
6000.0	0.0
6010.0	0.0
6020.0	0.0
6030.0	0.0
6040.0	0.0
6050.0	0.0
6060.0	0.0
6070.0	0.0
6080.0	0.0
6090.0	0.0
6100.0	0.0
6110.0	0.0
6120.0	0.0
6130.0	0.0
6140.0	0.0
6150.0	0.0
6160.0	0.0
6170.0	0.0
6180.0	0.0
6190.0	0.0
6200.0	0.0
6210.0	0.0
6220.0	0.0
6230.0	0.0
6240.0	0.0
6250.0	0.0
6260.0	0.0
6270.0	0.0
6280.0	0.0
6290.0	0.0
6300.0	0.0
6310.0	0.0
6320.0	0.0
6330.0	0.0
6340.0	0.0
6350.0	0.0
6360.0	0.0
6370.0	0.0
6380.0	0.0
6390.0	0.0
6400.0	0.0
6410.0	0.0
6420.0	0.0
6430.0	0.0
6440.0	0.0
6450.0	0.0
6460.0	0.0
6470.0	0.0
6480.0	0.0
6490.0	0.0
6500.0	0.0
6510.0	0.0
6520.0	0.0
6530.0	0.0
6540.0	0.0
6550.0	0.0
6560.0	0.0
6570.0	0.0
6580.0	0.0
6590.0	0.0
6600.0	0.0
6610.0	0.0
6620.0	0.0
6630.0	0.0
6640.0	0.0
6650.0	0.0
6660.0	0.0
6670.0	0.0
6680.0	0.0
6690.0	0.0
6700.0	0.0
6710.0	0.0
6720.0	0.0
6730.0	0.0
6740.0	0.0
6750.0	0.0
6760.0	0.0
6770.000000000001	0.0
6780.000000000001	0.0
6790.000000000001	0.0
6800.000000000001	0.0
6810.000000000001	0.0
6820.000000000001	0.0
6830.000000000001	0.0
6840.000000000001	0.0
6850.000000000001	0.0
6860.000000000001	0.0
6870.000000000001	0.0
6879.999999999999	0.0
6889.999999999999	0.0
6899.999999999999	0.0
6909.999999999999	0.0
6919.999999999999	0.0
6929.999999999999	0.0
6939.999999999999	0.0
6949.999999999999	0.0
6959.999999999999	0.0
6969.999999999999	0.0
6979.999999999999	0.0
6990.0	0.0
7000.0	0.0
7010.0	0.0
7020.0	0.0
7030.0	0.0
7040.0	0.0
7050.0	0.0
7060.0	0.0
7070.0	0.0
7080.0	0.0
7090.0	0.0
7100.0	0.0
7110.0	0.0
7120.0	0.0
7130.0	0.0
7140.0	0.0
7150.0	0.0
7160.0	0.0
7170.0	0.0
7180.0	0.0
7190.0	0.0
7200.0	0.0
7210.0	0.0
7220.0	0.0
7230.0	0.0
7240.0	0.0
7250.0	0.0
7260.0	0.0
7270.0	0.0
7280.0	0.0
7290.0	0.0
7300.0	0.0
7310.0	0.0
7320.0	0.0
7330.0	0.0
7340.0	0.0
7350.0	0.0
7360.0	0.0
7370.0	0.0
7380.0	0.0
7390.0	0.0
7400.0	0.0
7410.0	0.0
7420.0	0.0
7430.0	0.0
7440.0	0.0
7450.0	0.0
7460.0	0.0
7470.0	0.0
7480.0	0.0
7490.0	0.0
7500.0	0.0
7510.0	0.0
7520.0	0.0
7530.0	0.0
7540.0	0.0
7550.0	0.0
7560.0	0.0
7570.0	0.0
7580.0	0.0
7590.0	0.0
7600.0	0.0
7610.0	0.0
7620.0	0.0
7630.0	0.0
7640.0	0.0
7650.0	0.0
7660.0	0.0
7670.0	0.0
7680.0	0.0
7690.0	0.0
7700.0	0.0
7710.0	0.0
7720.0	0.0
7730.0	0.0
7740.0	0.0
7750.0	0.0
7760.0	0.0
7770.0	0.0
7780.0	0.0
7790.0	0.0
7800.0	0.0
7810.0	0.0
7820.0	0.0
7830.0	0.0
7840.0	0.0
7850.0	0.0
7860.0	0.0
7870.0	0.0
7880.0	0.0
7890.0	0.0
7900.0	0.0
7910.0	0.0
7920.0	0.0
7930.0	0.0
7940.0	0.0
7950.0	0.0
7960.0	0.0
7970.0	0.0
7980.0	0.0
7990.0	0.0
8000.0	0.0
8010.0	0.0
8020.000000000001	0.0
8030.000000000001	0.0
8040.000000000001	0.0
8050.000000000001	0.0
8060.000000000001	0.0
8070.000000000001	0.0
8080.000000000001	0.0
8090.000000000001	0.0
8100.000000000001	0.0
8110.000000000001	0.0
8120.000000000001	0.0
8129.999999999999	0.0
8139.999999999999	0.0
8149.999999999999	0.0
8159.999999999999	0.0
8169.999999999999	0.0
8179.999999999999	0.0
8189.999999999999	0.0
8200.0	0.0
8210.0	0.0
8220.0	0.0
8230.0	0.0
8240.0	0.0
8250.0	0.0
8260.0	0.0
8270.0	0.0
8280.0	0.0
8290.0	0.0
8300.0	0.0
8310.0	0.0
8320.0	0.0
8330.0	0.000134437
8340.0	0.000130876
8350.0	0.000125124
8360.0	0.000116087
8370.0	0.000110465
8380.0	0.000105387
8390.0	9.87499e-05
8400.0	8.92715e-05
8410.0	7.7701e-05
8420.0	7.10659e-05
8430.0	6.58954e-05
8440.0	6.304e-05
8450.0	6.14898e-05
8460.0	6.02952e-05
8470.0	5.86508e-05
8480.0	5.78075e-05
8490.0	5.76591e-05
8500.0	6.08664e-05
8510.0	6.47051e-05
8520.0	6.93302e-05
8530.0	6.62441e-05
8540.0	6.16069e-05
8550.0	7.07129e-05
8560.0	7.47186e-05
8570.0	7.35232e-05
8580.0	7.84895e-05
8590.0	8.17044e-05
8600.0	7.83584e-05
8610.0	7.60008e-05
8620.0	7.3735e-05
8630.0	6.55938e-05
8640.0	5.87758e-05
8650.0	5.3546e-05
8660.0	5.54996e-05
8670.0	5.56142e-05
8680.0	4.56963e-05
8690.0	4.06313e-05
8700.0	3.82895e-05
8710.0	3.05417e-05
8720.0	2.6189e-05
8730.0	2.66381e-05
8740.0	2.94735e-05
8750.0	3.32432e-05
8760.0	3.84718e-05
8770.0	4.1308e-05
8780.0	4.24813e-05
8790.0	3.81494e-05
8800.0	3.53277e-05
8810.0	3.52078e-05
8820.0	3.51783e-05
8830.0	3.63693e-05
8840.0	4.39392e-05
8850.0	4.63349e-05
8860.0	4.44877e-05
8870.0	4.59319e-05
8880.0	4.52693e-05
8890.0	3.99814e-05
8900.0	4.28987e-05
8910.0	4.82186e-05
8920.0	4.8205e-05
8930.0	4.73259e-05
8940.0	4.56117e-05
8950.0	5.10727e-05
8960.0	5.43191e-05
8970.0	5.03101e-05
8980.0	5.35754e-05
8990.0	5.95296e-05
9000.0	5.75154e-05
9010.0	5.644e-05
9020.0	5.64296e-05
9030.0	5.47454e-05
9040.0	5.51858e-05
9050.0	6.27271e-05
9060.0	6.35854e-05
9070.0	6.06296e-05
9080.0	5.43791e-05
9090.0	4.86568e-05
9100.0	4.36398e-05
9110.0	3.90354e-05
9120.0	3.45798e-05
9130.0	3.03413e-05
9140.0	2.95443e-05
9150.0	3.10061e-05
9160.0	2.75747e-05
9170.0	2.31363e-05
9180.0	1.71396e-05
9190.0	1.69405e-05
9200.0	1.85737e-05
9210.0	2.11355e-05
9220.0	2.26946e-05
9230.0	2.34764e-05
9240.0	2.18426e-05
9250.0	2.14369e-05
9260.0	2.35539e-05
9270.0	2.3061e-05
9280.0	2.18328e-05
9290.0	2.18425e-05
9300.0	2.10337e-05
9310.0	1.94781e-05
9320.0	2.06179e-05
9330.0	2.12416e-05
9340.0	2.01299e-05
9350.0	1.98624e-05
9360.0	1.98829e-05
9370.0	1.91361e-05
9380.0	1.87826e-05
9390.0	1.88511e-05
9400.0	2.07222e-05
9410.0	2.18141e-05
9420.0	2.0044e-05
9430.0	1.96292e-05
9440.0	1.99163e-05
9450.0	2.01644e-05
9460.0	1.96663e-05
9470.0	1.8226e-05
9480.0	1.75389e-05
9490.0	1.69599e-05
9500.0	1.62374e-05
9510.0	1.50568e-05
9520.0	1.36001e-05
9530.0	1.29367e-05
9540.0	1.29885e-05
9550.0	1.41063e-05
9560.0	1.41116e-05
9570.0	1.3311e-05
9580.0	1.02409e-05
9590.0	1.05485e-05
9600.0	1.333e-05
9610.0	1.81837e-05
9620.0	2.21183e-05
9630.0	2.43097e-05
9640.0	2.44005e-05
9650.0	2.37403e-05
9660.0	2.27165e-05
9670.0	2.11486e-05
9680.0	1.91111e-05
9690.0	2.07512e-05
9700.0	2.22217e-05
9710.0	2.27337e-05
9720.0	2.23583e-05
9730.0	2.11931e-05
9740.0	1.6324e-05
9750.0	1.27984e-05
9760.0	1.06367e-05
9770.0	1.10431e-05
9780.0	1.16304e-05
9790.0	1.18519e-05
9800.0	1.19591e-05
9810.0	1.18856e-05
9820.0	9.98171e-06
9830.0	9.02358e-06
9840.0	9.19458e-06
9850.0	8.65005e-06
9860.0	8.04376e-06
9870.0	7.64923e-06
9880.0	7.72306e-06
9890.0	8.06632e-06
9900.0	8.24843e-06
9910.0	8.08023e-06
9920.0	7.41888e-06
9930.0	7.55579e-06
9940.0	7.81343e-06
9950.0	7.78992e-06
9960.0	7.97676e-06
9970.0	8.30916e-06
9980.0	7.22157e-06
9990.0	7.13659e-06
10000.0	8.76418e-06
10009.999999999998	9.18979e-06
10020.0	9.41884e-06
10029.999999999998	1.05438e-05
10040.0	1.15028e-05
10049.999999999998	1.23266e-05
10060.0	1.18695e-05
10069.999999999998	1.15376e-05
10080.0	1.161e-05
10089.999999999998	1.09173e-05
10100.0	1.01131e-05
10109.999999999998	1.06299e-05
10120.0	1.00443e-05
10129.999999999998	8.40042e-06
10140.0	7.20244e-06
10149.999999999998	6.04707e-06
10160.0	4.87739e-06
10169.999999999998	3.93238e-06
10180.0	3.26158e-06
10189.999999999998	4.62293e-06
10200.0	5.65462e-06
10209.999999999998	6.3144e-06
10220.0	6.79151e-06
10230.0	7.48668e-06
10240.0	8.90995e-06
10250.0	9.43122e-06
10260.0	9.51586e-06
10270.0	1.11111e-05
10280.0	1.25675e-05
10290.0	1.3839e-05
10300.0	1.51089e-05
10310.0	1.64343e-05
10320.0	1.79656e-05
10330.0	1.87398e-05
10340.0	1.90195e-05
10350.0	1.85316e-05
10360.0	1.83033e-05
10370.0	1.8487e-05
10380.0	2.0815e-05
10390.0	2.35253e-05
10400.0	2.51779e-05
10410.0	2.60381e-05
10420.0	2.62869e-05
10430.0	2.6809e-05
10440.0	2.67989e-05
10450.0	2.57699e-05
10460.0	2.62405e-05
10470.0	2.72395e-05
10480.0	2.82513e-05
10490.0	2.77235e-05
10500.0	2.57972e-05
10510.0	2.42977e-05
10520.0	2.31605e-05
10530.0	2.27497e-05
10540.0	2.18758e-05
10550.0	2.07464e-05
10560.0	1.90528e-05
10570.0	1.77568e-05
10580.0	1.68856e-05
10590.0	1.58458e-05
10600.0	1.50203e-05
10610.0	1.48473e-05
10620.0	1.48141e-05
10630.0	1.48523e-05
10640.0	1.48768e-05
10650.0	1.39874e-05
10660.0	1.19501e-05
10670.0	1.12776e-05
10680.0	1.1389e-05
10690.0	1.32522e-05
10700.0	1.4326e-05
10710.0	1.49144e-05
10720.0	1.55758e-05
10730.0	1.59513e-05
10740.0	1.59028e-05
10750.0	1.54884e-05
10760.0	1.47941e-05
10770.0	1.32918e-05
10780.0	1.316e-05
10790.0	1.40277e-05
10800.0	1.31996e-05
10810.0	1.24392e-05
10820.0	1.18887e-05
10830.0	1.20194e-05
10840.0	1.21798e-05
10850.0	1.12154e-05
10860.0	1.03435e-05
10870.0	9.55112e-06
10880.0	9.86266e-06
10890.0	1.02564e-05
10900.0	1.0648e-05
10910.0	9.70119e-06
10920.0	8.4096e-06
10930.0	8.74718e-06
10940.0	8.6247e-06
10950.0	8.03749e-06
10960.0	6.30244e-06
10970.0	4.90759e-06
10980.0	4.74793e-06
10990.0	5.12981e-06
11000.0	5.72397e-06
11010.0	5.59041e-06
11020.0	5.34675e-06
11030.0	4.97228e-06
11040.000000000002	4.75168e-06
11050.0	4.48775e-06
11060.000000000002	4.0012e-06
11070.0	4.24098e-06
11080.000000000002	4.90215e-06
11090.0	5.54515e-06
11100.000000000002	5.72e-06
11110.0	5.23895e-06
11120.000000000002	4.65528e-06
11130.0	4.11678e-06
11140.000000000002	3.85551e-06
11150.0	3.86274e-06
11160.000000000002	4.05479e-06
11170.0	4.41133e-06
11180.000000000002	4.72866e-06
11190.0	4.97644e-06
11200.000000000002	3.85928e-06
11210.0	2.59393e-06
11220.000000000002	2.71667e-06
11230.0	3.07574e-06
11240.000000000002	3.62662e-06
11250.0	3.63113e-06
11259.999999999998	3.91303e-06
11270.0	4.80824e-06
11279.999999999998	5.22577e-06
11290.0	5.41131e-06
11299.999999999998	5.20624e-06
11310.0	5.59556e-06
11319.999999999998	6.55268e-06
11330.0	7.52271e-06
11339.999999999998	8.38214e-06
11350.0	8.97453e-06
11359.999999999998	9.38758e-06
11370.0	9.70857e-06
11379.999999999998	9.9091e-06
11390.0	9.94725e-06
11399.999999999998	9.80305e-06
11410.0	1.00537e-05
11419.999999999998	1.02814e-05
11430.0	1.02582e-05
11439.999999999998	9.48166e-06
11450.0	8.30246e-06
11459.999999999998	7.34421e-06
11470.0	6.66264e-06
11480.0	6.34708e-06
11490.0	5.87924e-06
11500.0	5.66235e-06
11510.0	6.48635e-06
11520.0	7.85193e-06
11530.0	9.56954e-06
11540.0	1.07585e-05
11550.0	1.16919e-05
11560.0	1.22272e-05
11570.0	1.27505e-05
11580.0	1.31856e-05
11590.0	1.32171e-05
11600.0	1.29133e-05
11610.0	1.2352e-05
11620.0	1.362e-05
11630.0	1.43672e-05
11640.0	1.39945e-05
11650.0	1.28165e-05
11660.0	1.14583e-05
11670.0	1.07564e-05
11680.0	1.0428e-05
11690.0	1.0437e-05
11700.0	1.00199e-05
11710.0	9.83118e-06
11720.0	1.02389e-05
11730.0	1.02271e-05
11740.0	9.97112e-06
11750.0	9.07739e-06
11760.0	8.6095e-06
11770.0	8.59449e-06
11780.0	8.1262e-06
11790.0	7.54236e-06
11800.0	6.81768e-06
11810.0	6.79134e-06
11820.0	7.10434e-06
11830.0	7.06283e-06
11840.0	6.83909e-06
11850.0	6.38746e-06
11860.0	6.03276e-06
11870.0	5.58769e-06
11880.0	4.77271e-06
11890.0	4.0627e-06
11900.0	3.41931e-06
11910.0	2.95852e-06
11920.0	2.50791e-06
11930.0	2.07248e-06
11940.0	1.19044e-06
11950.0	4.44342e-07
11960.0	7.82926e-07
11970.0	9.26628e-07
11980.0	9.28928e-07
11990.0	9.19618e-07
12000.0	9.06254e-07
12010.0	8.86389e-07
12020.0	1.39402e-06
12030.0	2.07375e-06
12040.0	2.7615e-06
12050.0	3.24337e-06
12060.0	3.54921e-06
12070.0	4.24897e-06
12080.0	4.82057e-06
12090.0	5.06251e-06
12100.0	5.13334e-06
12110.0	5.13575e-06
12120.0	5.13692e-06
12130.0	5.24188e-06
12140.0	5.45115e-06
12150.0	5.00843e-06
12160.0	4.62382e-06
12170.0	4.59025e-06
12180.0	5.24184e-06
12190.0	6.15078e-06
12200.0	6.02798e-06
12210.0	5.66912e-06
12220.0	5.03109e-06
12230.0	5.30929e-06
12240.0	5.87591e-06
12250.0	6.8404e-06
12260.0	7.42179e-06
12270.0	7.78678e-06
12280.0	8.33059e-06
12290.000000000002	8.37664e-06
12300.0	7.72889e-06
12310.000000000002	6.7591e-06
12320.0	5.89208e-06
12330.000000000002	5.73241e-06
12340.0	5.90422e-06
12350.000000000002	6.30314e-06
12360.0	5.96936e-06
12370.000000000002	5.548e-06
12380.0	5.00016e-06
12390.000000000002	4.45535e-06
12400.0	3.99887e-06
12410.000000000002	3.99782e-06
12420.0	4.44292e-06
12430.000000000002	5.24868e-06
12440.0	5.52911e-06
12450.000000000002	5.87728e-06
12460.0	6.41911e-06
12470.000000000002	6.93385e-06
12480.0	7.45208e-06
12490.000000000002	8.06848e-06
12500.0	8.72607e-06
12509.999999999998	9.42274e-06
12520.0	9.81237e-06
12529.999999999998	9.9057e-06
12540.0	9.37239e-06
12549.999999999998	8.99687e-06
12560.0	8.6782e-06
12569.999999999998	8.19114e-06
12580.0	7.62337e-06
12589.999999999998	6.96548e-06
12600.0	6.20458e-06
12609.999999999998	5.51305e-06
12620.0	5.07041e-06
12629.999999999998	4.30709e-06
12640.0	3.41721e-06
12649.999999999998	3.68333e-06
12660.0	4.33774e-06
12669.999999999998	5.50326e-06
12680.0	6.1272e-06
12689.999999999998	6.69977e-06
12700.0	7.508e-06
12709.999999999998	7.98842e-06
12720.0	8.2568e-06
12730.0	8.12877e-06
12740.0	7.94331e-06
12750.0	7.66904e-06
12760.0	7.47112e-06
12770.0	7.21119e-06
12780.0	6.55907e-06
12790.0	5.63389e-06
12800.0	4.50026e-06
12810.0	3.66825e-06
12820.0	3.00268e-06
12830.0	2.62116e-06
12840.0	3.58141e-06
12850.0	5.07184e-06
12860.0	6.98307e-06
12870.0	8.04349e-06
12880.0	8.33888e-06
12890.0	8.36373e-06
12900.0	8.36427e-06
12910.0	8.36427e-06
12920.0	8.22662e-06
12930.0	8.05615e-06
12940.0	8.1315e-06
12950.0	8.28933e-06
12960.0	8.53445e-06
12970.0	7.5454e-06
12980.0	6.26771e-06
12990.0	4.67265e-06
13000.0	4.09848e-06
13010.0	4.08714e-06
13020.0	4.80206e-06
13030.0	5.48391e-06
13040.0	6.12478e-06
13050.0	6.40091e-06
13060.0	6.51608e-06
13070.0	6.32827e-06
13080.0	5.82924e-06
13090.0	5.14268e-06
13100.0	4.62964e-06
13110.0	4.3553e-06
13120.0	4.43165e-06
13130.0	4.87021e-06
13140.0	5.18369e-06
13150.0	4.5631e-06
13160.0	3.93081e-06
13170.0	3.28994e-06
13180.0	3.09913e-06
13190.0	3.05401e-06
13200.0	3.24079e-06
13210.0	3.49525e-06
13220.0	3.68726e-06
13230.0	3.39575e-06
13240.0	3.0615e-06
13250.0	2.6909e-06
13260.0	2.20692e-06
13270.0	1.94337e-06
13280.0	2.15675e-06
13290.0	2.47805e-06
13300.0	2.85169e-06
13310.0	3.3043e-06
13320.0	3.58303e-06
13330.0	3.68766e-06
13340.0	4.02754e-06
13350.0	4.41731e-06
13360.0	4.86081e-06
13370.0	5.04549e-06
13380.0	5.13534e-06
13390.0	5.63236e-06
13400.0	5.90027e-06
13410.0	5.89852e-06
13420.0	5.87935e-06
13430.0	5.79448e-06
13440.0	5.51465e-06
13450.0	5.62743e-06
13460.0	5.9458e-06
13470.0	5.5443e-06
13480.0	5.18506e-06
13490.0	4.88448e-06
13500.0	5.1565e-06
13510.0	5.41349e-06
13520.0	5.08629e-06
13530.0	4.96874e-06
13540.000000000002	4.99405e-06
13550.0	4.84785e-06
13560.000000000002	4.68067e-06
13570.0	4.48281e-06
13580.000000000002	3.94106e-06
13590.0	3.38767e-06
13600.000000000002	3.30252e-06
13610.0	3.28593e-06
13620.000000000002	3.32451e-06
13630.0	2.91149e-06
13640.000000000002	2.49028e-06
13650.0	2.10325e-06
13660.000000000002	1.98601e-06
13670.0	1.96629e-06
13680.000000000002	1.93023e-06
13690.0	2.00439e-06
13700.000000000002	2.18287e-06
13710.0	2.36676e-06
13720.000000000002	2.45747e-06
13730.0	2.32691e-06
13740.000000000002	2.30475e-06
13750.0	2.33131e-06
13759.999999999998	2.35672e-06
13770.0	2.42991e-06
13779.999999999998	2.55631e-06
13790.0	2.77007e-06
13799.999999999998	2.96917e-06
13810.0	3.08655e-06
13819.999999999998	3.34046e-06
13830.0	3.66185e-06
13839.999999999998	3.83322e-06
13850.0	3.89985e-06
13859.999999999998	3.82918e-06
13870.0	3.77105e-06
13879.999999999998	3.71605e-06
13890.0	3.66278e-06
13899.999999999998	3.52583e-06
13910.0	3.33486e-06
13919.999999999998	2.79829e-06
13930.0	2.39217e-06
13939.999999999998	2.18823e-06
13950.0	2.18655e-06
13959.999999999998	2.27968e-06
13970.0	2.55607e-06
13980.0	3.14576e-06
13990.0	3.97358e-06
14000.0	4.72044e-06
14010.0	5.51211e-06
14020.0	6.39221e-06
14030.0	7.18114e-06
14040.0	7.89509e-06
14050.0	8.33195e-06
14060.0	8.8642e-06
14070.0	9.48174e-06
14080.0	9.93168e-06
14090.0	1.03221e-05
14100.0	1.06131e-05
14110.0	1.07019e-05
14120.0	1.06626e-05
14130.0	1.0216e-05
14140.0	9.94315e-06
14150.0	9.85314e-06
14160.0	1.03884e-05
14170.0	1.08545e-05
14180.0	1.0903e-05
14190.0	1.08542e-05
14200.0	1.07403e-05
14210.0	1.03547e-05
14220.0	9.84336e-06
14230.0	9.17626e-06
14240.0	8.7338e-06
14250.0	8.38773e-06
14260.0	8.21886e-06
14270.0	7.77e-06
14280.0	7.1466e-06
14290.0	6.19459e-06
14300.0	5.55224e-06
14310.0	5.36242e-06
14320.0	5.19266e-06
14330.0	5.00125e-06
14340.0	4.69582e-06
14350.0	4.58893e-06
14360.0	4.62461e-06
14370.0	4.66192e-06
14380.0	4.71063e-06
14390.0	4.77904e-06
14400.0	5.27525e-06
14410.0	5.82119e-06
14420.0	5.8725e-06
14430.0	5.98869e-06
14440.0	6.15984e-06
14450.0	6.30198e-06
14460.0	6.4602e-06
14470.0	6.65609e-06
14480.0	6.55428e-06
14490.0	6.33179e-06
14500.0	6.0821e-06
14510.0	5.76216e-06
14520.0	5.37222e-06
14530.0	4.7062e-06
14540.0	4.11082e-06
14550.0	3.77606e-06
14560.0	3.4299e-06
14570.0	3.06445e-06
14580.0	2.51235e-06
14590.0	2.0283e-06
14600.0	1.62405e-06
14610.0	1.76971e-06
14620.0	1.90257e-06
14630.0	1.70159e-06
14640.0	1.60979e-06
14650.0	1.57761e-06
14660.0	1.4513e-06
14670.0	1.39099e-06
14680.0	1.4218e-06
14690.0	1.79338e-06
14700.0	2.28406e-06
14710.0	2.93136e-06
14720.0	3.37104e-06
14730.0	3.6698e-06
14740.0	3.45214e-06
14750.0	3.39771e-06
14760.0	3.62039e-06
14770.0	3.78971e-06
14780.0	3.94438e-06
14790.000000000002	4.10497e-06
14800.0	4.08059e-06
14810.000000000002	3.90812e-06
14820.0	3.37818e-06
14830.000000000002	2.85026e-06
14840.0	2.36515e-06
14850.000000000002	2.12634e-06
14860.0	1.9788e-06
14870.000000000002	1.83571e-06
14880.0	1.6188e-06
14890.000000000002	1.33237e-06
14900.0	1.18582e-06
14910.000000000002	1.06603e-06
14920.0	9.75331e-07
14930.000000000002	9.52973e-07
14940.0	9.58792e-07
14950.000000000002	9.37511e-07
14960.0	8.43087e-07
14970.000000000002	6.67694e-07
14980.0	4.55068e-07
14990.000000000002	3.38936e-07
15000.0	5.16422e-07
15009.999999999998	8.11332e-07
15020.0	1.16667e-06
15029.999999999998	1.46085e-06
15040.0	1.76967e-06
15049.999999999998	2.09764e-06
15060.0	2.38036e-06
15069.999999999998	2.63108e-06
15080.0	2.80133e-06
15089.999999999998	2.99026e-06
15100.0	3.19106e-06
15109.999999999998	3.31111e-06
15120.0	3.3136e-06
15129.999999999998	3.13492e-06
15140.0	2.88107e-06
15149.999999999998	2.63497e-06
15160.0	2.51971e-06
15169.999999999998	2.48663e-06
15180.0	2.51568e-06
15189.999999999998	2.56727e-06
15200.0	2.58455e-06
15209.999999999998	2.53731e-06
15220.0	2.4095e-06
15230.0	2.27491e-06
15240.0	2.27148e-06
15250.0	2.26266e-06
15260.0	2.24905e-06
15270.0	2.17982e-06
15280.0	2.06926e-06
15290.0	1.87834e-06
15300.0	1.57574e-06
15310.0	1.24207e-06
15320.0	1.05665e-06
15330.0	9.56253e-07
15340.0	9.44932e-07
15350.0	1.08621e-06
15360.0	1.21619e-06
15370.0	1.26044e-06
15380.0	1.40696e-06
15390.0	1.61842e-06
15400.0	2.05192e-06
15410.0	2.64698e-06
15420.0	3.44114e-06
15430.0	4.08401e-06
15440.0	4.56852e-06
15450.0	4.62332e-06
15460.0	4.70363e-06
15470.0	4.79857e-06
15480.0	4.84595e-06
15490.0	4.88323e-06
15500.0	4.90581e-06
15510.0	4.77009e-06
15520.0	4.59578e-06
15530.0	4.42648e-06
15540.0	4.03954e-06
15550.0	3.49713e-06
15560.0	3.1694e-06
15570.0	3.03424e-06
15580.0	3.22187e-06
15590.0	3.34437e-06
15600.0	3.42193e-06
15610.0	3.36291e-06
15620.0	3.30185e-06
15630.0	3.23907e-06
15640.0	3.31456e-06
15650.0	3.37869e-06
15660.0	3.3994e-06
15670.0	3.44061e-06
15680.0	3.45532e-06
15690.0	3.19148e-06
15700.0	2.86519e-06
15710.0	2.47706e-06
15720.0	2.16221e-06
15730.0	1.93859e-06
15740.0	1.92082e-06
15750.0	1.9383e-06
15760.0	1.98259e-06
15770.0	2.16082e-06
15780.0	2.31068e-06
15790.0	2.42752e-06
15800.0	2.48127e-06
15810.0	2.61822e-06
15820.0	3.04396e-06
15830.0	3.45133e-06
15840.0	3.84851e-06
15850.0	4.25128e-06
15860.0	4.55988e-06
15870.0	4.7393e-06
15880.0	4.92622e-06
15890.0	5.07196e-06
15900.0	5.05152e-06
15910.0	4.90614e-06
15920.0	4.67641e-06
15930.0	4.48714e-06
15940.0	4.28441e-06
15950.0	4.05904e-06
15960.0	3.96567e-06
15970.0	3.87117e-06
15980.0	3.57422e-06
15990.0	3.27968e-06
16000.0	2.98701e-06
16010.0	2.80234e-06
16020.0	2.77203e-06
16030.0	3.02948e-06
16040.000000000002	3.20408e-06
16050.0	3.34112e-06
16060.000000000002	3.42649e-06
16070.0	3.50263e-06
16080.000000000002	3.5701e-06
16090.0	3.75772e-06
16100.000000000002	4.06644e-06
16110.0	4.62932e-06
16120.000000000002	5.11153e-06
16130.0	5.5382e-06
16140.000000000002	5.75075e-06
16150.0	5.76423e-06
16160.000000000002	5.55832e-06
16170.0	5.62304e-06
16180.000000000002	5.74943e-06
16190.0	5.93386e-06
16200.000000000002	6.03018e-06
16210.0	6.06939e-06
16220.000000000002	5.88987e-06
16230.0	5.55963e-06
16240.000000000002	5.03388e-06
16250.0	4.54141e-06
16259.999999999998	4.07739e-06
16270.0	3.69005e-06
16279.999999999998	3.37946e-06
16290.0	3.11834e-06
16299.999999999998	3.04381e-06
16310.0	2.97345e-06
16319.999999999998	2.90947e-06
16330.0	2.68104e-06
16339.999999999998	2.39741e-06
16350.0	2.06485e-06
16359.999999999998	1.87336e-06
16370.0	1.78814e-06
16379.999999999998	1.90784e-06
16390.0	2.10209e-06
16400.0	2.41753e-06
16410.0	2.7634e-06
16420.0	3.11554e-06
16430.0	3.44265e-06
16440.0	3.80117e-06
16450.0	4.18749e-06
16460.0	4.6642e-06
16470.0	5.18436e-06
16480.0	5.78296e-06
16490.0	6.34223e-06
16500.0	6.86005e-06
16510.0	7.14689e-06
16520.0	7.22228e-06
16530.0	7.07731e-06
16540.0	6.76283e-06
16550.0	6.32828e-06
16560.0	5.63507e-06
16570.0	4.90138e-06
16580.0	4.15637e-06
16590.0	3.56273e-06
16600.0	2.99322e-06
16610.0	2.45316e-06
16620.0	1.92561e-06
16630.0	1.44108e-06
16640.0	1.09065e-06
16650.0	9.28817e-07
16660.0	8.81102e-07
16670.0	8.89654e-07
16680.0	9.14458e-07
16690.0	9.62785e-07
16700.0	9.73309e-07
16710.0	9.66432e-07
16720.0	9.26069e-07
16730.0	8.54987e-07
16740.0	7.62047e-07
16750.0	7.41599e-07
16760.0	8.93354e-07
16770.0	1.33772e-06
16780.0	1.59891e-06
16790.0	1.76493e-06
16800.0	1.72218e-06
16810.0	1.67637e-06
16820.0	1.628e-06
16830.0	1.62152e-06
16840.0	1.61918e-06
16850.0	1.61943e-06
16860.0	1.66005e-06
16870.0	1.72156e-06
16880.0	1.82395e-06
16890.0	1.65514e-06
16900.0	1.21878e-06
16910.0	8.89192e-07
16920.0	6.59953e-07
16930.0	6.48848e-07
16940.0	6.856e-07
16950.0	7.42165e-07
16960.0	7.62266e-07
16970.0	7.90076e-07
16980.0	8.26822e-07
16990.0	8.65258e-07
17000.0	8.58214e-07
17010.0	7.11569e-07
17020.0	5.9613e-07
17030.0	5.00543e-07
17040.0	4.73832e-07
17050.0	4.38722e-07
17060.0	3.92132e-07
17070.0	3.34467e-07
17080.0	3.00493e-07
17090.0	3.67382e-07
17100.0	5.12115e-07
17110.0	7.09093e-07
17120.0	6.4872e-07
17130.0	6.03926e-07
17140.0	5.88478e-07
17150.0	5.84951e-07
17160.0	5.84474e-07
17170.0	5.8181e-07
17180.0	5.80004e-07
17190.0	5.7888e-07
17200.0	5.7825e-07
17210.0	5.48143e-07
17220.0	4.61151e-07
17230.0	2.6687e-07
17240.0	6.74742e-08
17250.0	1.03936e-07
17260.0	1.30743e-07
17270.0	1.48549e-07
17280.0	1.55081e-07
17290.0	1.60378e-07
17300.0	1.6542e-07
17310.0	2.05217e-07
17320.0	2.56809e-07
17330.0	2.69652e-07
17340.0	2.7637e-07
17350.0	2.7637e-07
17360.0	2.75715e-07
17370.0	2.58485e-07
17380.0	1.94531e-07
17390.0	2.67663e-07
17400.0	4.11898e-07
17410.0	5.15708e-07
17420.0	5.76376e-07
17430.0	5.81357e-07
17440.0	5.61497e-07
17450.0	5.39237e-07
17460.0	5.26707e-07
17470.0	5.24289e-07
17480.0	5.28443e-07
17490.0	5.72989e-07
17500.0	6.15871e-07
17510.0	6.56205e-07
17520.0	5.37263e-07
17530.0	3.84978e-07
17540.0	2.76237e-07
17550.0	2.30226e-07
17560.0	2.31242e-07
17570.0	2.11225e-07
17580.0	2.26562e-07
17590.0	3.07438e-07
17600.0	3.65819e-07
17610.0	4.05493e-07
17620.0	3.76611e-07
17630.0	4.41187e-07
17640.0	5.88215e-07
17650.0	7.70798e-07
17660.0	9.15164e-07
17670.0	9.6995e-07
17680.0	1.03245e-06
17690.0	1.09702e-06
17700.0	1.15143e-06
17710.0	1.16264e-06
17720.0	1.12903e-06
17730.0	1.18257e-06
17740.0	1.26448e-06
17750.0	1.39074e-06
17760.0	1.39274e-06
17770.0	1.33777e-06
17780.0	1.36723e-06
17790.0	1.49801e-06
17800.0	1.75242e-06
17810.0	1.96734e-06
17820.0	2.13158e-06
17830.0	2.15437e-06
17840.0	2.13375e-06
17850.0	2.08593e-06
17860.0	1.9684e-06
17870.0	1.85712e-06
17880.0	1.75483e-06
17890.0	1.70543e-06
17900.0	1.63666e-06
17910.0	1.43272e-06
17920.0	1.21677e-06
17930.0	9.9235e-07
17940.0	9.05731e-07
17950.0	9.18342e-07
17960.0	1.09494e-06
17970.0	1.35798e-06
17980.0	1.66389e-06
17990.0	2.05717e-06
18000.0	2.49398e-06
18010.0	2.9672e-06
18020.0	3.67357e-06
18030.0	4.43998e-06
18040.0	5.2972e-06
18050.0	6.03462e-06
18060.0	6.68774e-06
18070.0	7.0417e-06
18080.0	7.31208e-06
18090.0	7.50047e-06
18100.0	7.63572e-06
18110.0	7.69885e-06
18120.0	7.59914e-06
18130.0	7.23765e-06
18140.0	6.72906e-06
18150.0	5.91154e-06
18160.0	5.07292e-06
18170.0	4.20974e-06
18180.0	3.48457e-06
18190.0	2.85912e-06
18200.0	2.46591e-06
18210.0	2.17088e-06
18220.0	1.93004e-06
18230.0	1.65894e-06
18240.0	1.43951e-06
18250.0	1.2904e-06
18260.0	1.39526e-06
18270.0	1.57128e-06
18280.0	1.7998e-06
18290.0	2.08754e-06
18300.0	2.41483e-06
18310.0	2.74301e-06
18320.0	3.00803e-06
18330.0	3.17139e-06
18340.0	3.05385e-06
18350.0	2.86313e-06
18360.0	2.71405e-06
18370.0	2.56764e-06
18380.0	2.42335e-06
18390.0	2.23811e-06
18400.0	2.03796e-06
18410.0	1.81337e-06
18420.0	1.52517e-06
18430.0	1.2134e-06
18440.0	8.97342e-07
18450.0	6.1336e-07
18460.0	3.59231e-07
18470.0	4.57841e-07
18480.0	6.0229e-07
18490.0	7.72333e-07
18500.0	9.6207e-07
18510.0	1.17454e-06
18520.0	1.53645e-06
18530.0	1.94679e-06
18540.0	2.40996e-06
18550.0	2.7704e-06
18560.0	3.08372e-06
18570.0	3.30764e-06
18580.0	3.51915e-06
18590.0	3.71926e-06
18600.0	3.81899e-06
18610.0	3.88602e-06
18620.0	3.91106e-06
18630.0	3.89809e-06
18640.0	3.8477e-06
18650.0	3.69318e-06
18660.0	3.58014e-06
18670.0	3.49519e-06
18680.0	3.77693e-06
18690.0	4.09055e-06
18700.0	4.45268e-06
18710.0	4.73436e-06
18720.0	4.97407e-06
18730.0	5.12129e-06
18740.0	5.24955e-06
18750.0	5.36371e-06
18760.0	5.45362e-06
18770.0	5.53796e-06
18780.0	5.61389e-06
18790.0	5.57277e-06
18800.0	5.4781e-06
18810.0	5.29629e-06
18820.0	5.17141e-06
18830.0	5.0965e-06
18840.0	5.22823e-06
18850.0	5.42912e-06
18860.0	5.74291e-06
18870.0	6.10501e-06
18880.0	6.48431e-06
18890.0	6.83874e-06
18900.0	7.16629e-06
18910.0	7.46617e-06
18920.0	7.80056e-06
18930.0	8.13338e-06
18940.0	8.45008e-06
18950.0	8.81279e-06
18960.0	9.21379e-06
18970.0	9.85679e-06
18980.0	1.06658e-05
18990.0	1.16762e-05
19000.0	1.30198e-05
19010.0	1.45128e-05
19020.0	1.62901e-05
19030.0	1.8262e-05
19040.0	2.03487e-05
19050.0	2.23958e-05
19060.0	2.44023e-05
19070.0	2.63499e-05
19080.0	2.8324e-05
19090.0	3.03071e-05
19100.0	3.23004e-05
19110.0	3.43751e-05
19120.0	3.65068e-05
19130.0	3.89209e-05
19140.0	4.15338e-05
19150.0	4.44737e-05
19160.0	4.82646e-05
19170.0	5.25892e-05
19180.0	5.83833e-05
19190.0	6.51392e-05
19200.0	7.26922e-05
19210.0	8.19486e-05
19220.0	9.19118e-05
19230.0	0.00010308
19240.0	0.000115534
19250.0	0.000128687
19260.0	0.000143454
19270.0	0.000158931
19280.0	0.000175101
19290.0	0.000192103
19300.0	0.000209241
19310.0	0.000226484
19320.0	0.000243857
19330.0	0.000261277
19340.0	0.000278567
19350.0	0.000295736
19360.0	0.00031277
19370.0	0.000329384
19380.0	0.000345625
19390.0	0.000360961
19400.0	0.000375423
19410.0	0.000389333
19420.0	0.000401374
19430.0	0.000412706
19440.0	0.000423081
19450.0	0.000431792
19460.0	0.000439708
19470.0	0.000446025
19480.0	0.000450889
19490.0	0.000454788
19500.0	0.000456321
19510.0	0.00045708
19520.0	0.000456629
19530.0	0.000455041
19540.0	0.00045298
19550.0	0.0004502
19560.0	0.000447141
19570.0	0.000443863
19580.0	0.000440503
19590.0	0.00043715
19600.0	0.000433821
19610.0	0.000430823
19620.0	0.000428032
19630.0	0.000425856
19640.0	0.000424112
19650.0	0.000422769
19660.0	0.000421928
19670.0	0.000421258
19680.0	0.000420868
19690.0	0.000420482
19700.0	0.000420094
19710.0	0.00041967
19720.0	0.000419285
19730.0	0.000418942
19740.0	0.000418624
19750.0	0.000418248
19760.0	0.000417707
19770.0	0.00041704
19780.0	0.000416307
19790.0	0.000415598
19800.0	0.00041492
19810.0	0.000414284
19820.0	0.000413858
19830.0	0.000413487
19840.0	0.000413157
19850.0	0.000412739
19860.0	0.000412265
19870.0	0.000411627
19880.0	0.000410941
19890.0	0.000410182
19900.0	0.00040931
19910.0	0.000408377
19920.0	0.000407308
19930.0	0.000406177
19940.0	0.000405
19950.0	0.000403723
19960.0	0.000402466
19970.0	0.00040125
19980.0	0.000400122
19990.0	0.000399062
20000.0	0.000398234
20010.0	0.000397515
20019.999999999996	0.000396892
20030.0	0.000396297
20040.0	0.000395706
20050.0	0.000395116
20059.999999999996	0.000394462
20070.0	0.000393771
20080.0	0.000392983
20090.0	0.000392113
20099.999999999996	0.000391158
20110.0	0.000390011
20120.0	0.000388746
20130.0	0.000387243
20139.999999999996	0.000385608
20150.0	0.000383907
20160.0	0.000382221
20170.0	0.000380507
20179.999999999996	0.00037876
20190.0	0.000376932
20200.0	0.000375083
20210.0	0.000373213
20219.999999999996	0.000371353
20230.0	0.000369503
20240.0	0.000367849
20250.0	0.000366323
20259.999999999996	0.000364982
20270.0	0.00036384
20280.0	0.000362785
20290.0	0.000361885
20299.999999999996	0.000361022
20310.0	0.000360186
20320.0	0.000359379
20330.0	0.000358515
20339.999999999996	0.000357551
20350.0	0.000356396
20360.0	0.000355167
20370.0	0.00035386
20379.999999999996	0.000352527
20390.0	0.000351172
20400.0	0.000349834
20410.0	0.000348512
20419.999999999996	0.000347222
20430.0	0.000345965
20440.0	0.000344725
20450.0	0.000343522
20460.0	0.000342396
20470.0	0.000341344
20480.0	0.000340463
20490.0	0.00033957
20500.0	0.000338603
20510.0	0.000337479
20520.0	0.000336262
20530.0	0.000334798
20540.0	0.000333204
20550.0	0.000331459
20560.0	0.000329647
20570.0	0.000327824
20580.0	0.000326004
20590.0	0.000324192
20600.0	0.000322383
20610.0	0.000320583
20620.0	0.000318847
20630.0	0.000317195
20640.0	0.000315783
20650.0	0.00031448
20660.0	0.000313391
20670.0	0.000312455
20680.0	0.00031162
20690.0	0.000310949
20700.0	0.000310278
20710.0	0.000309606
20720.0	0.000308911
20730.0	0.000308191
20740.0	0.000307376
20750.0	0.000306425
20760.0	0.000305368
20770.0	0.000304
20780.0	0.00030252
20790.0	0.000300858
20800.0	0.000299152
20810.0	0.000297438
20820.0	0.000295772
20830.000000000004	0.000294213
20840.0	0.00029275
20850.0	0.000291514
20860.0	0.000290385
20870.000000000004	0.000289452
20880.0	0.000288695
20890.0	0.00028802
20900.0	0.000287398
20910.000000000004	0.000286773
20920.0	0.000286146
20930.0	0.000285291
20940.0	0.000284332
20950.000000000004	0.000283179
20960.0	0.000281974
20970.0	0.000280741
20980.0	0.000279502
20990.000000000004	0.000278274
21000.0	0.00027706
21010.0	0.000275844
21020.0	0.000274656
21030.000000000004	0.000273567
21040.0	0.000272571
21050.0	0.000271633
21060.0	0.000270875
21070.000000000004	0.000270188
21080.0	0.000269608
21090.0	0.000269044
21100.0	0.000268467
21110.000000000004	0.000267812
21120.0	0.000267121
21130.0	0.000266403
21140.0	0.000265669
21150.000000000004	0.000264927
21160.0	0.000264173
21170.0	0.000263401
21180.0	0.000262622
21190.000000000004	0.00026183
21200.0	0.000261065
21210.0	0.000260323
21220.0	0.000259659
21230.000000000004	0.000259018
21240.0	0.000258415
21250.0	0.000257801
21260.0	0.000257174
21269.999999999996	0.000256477
21280.0	0.000255698
21290.0	0.000254836
21300.0	0.000253834
21309.999999999996	0.00025278
21320.0	0.000251641
21330.0	0.000250385
21340.0	0.000249058
21349.999999999996	0.000247526
21360.0	0.000245927
21370.0	0.000244248
21380.0	0.000242445
21389.999999999996	0.00024059
21400.0	0.00023864
21410.0	0.000236713
21420.0	0.000234803
21429.999999999996	0.000232976
21440.0	0.00023117
21450.0	0.000229394
21460.0	0.00022767
21469.999999999996	0.000225976
21480.0	0.000224356
21490.0	0.00022282
21500.0	0.000221345
21509.999999999996	0.000220081
21520.0	0.000218988
21530.0	0.000218174
21540.0	0.000217663
21549.999999999996	0.000217264
21560.0	0.000216972
21570.0	0.000216681
21580.0	0.000216394
21589.999999999996	0.000216077
21600.0	0.000215738
21610.0	0.000215354
21620.0	0.000214907
21629.999999999996	0.000214443
21640.0	0.000214046
21650.0	0.00021358
21660.0	0.000213048
21669.999999999996	0.00021227
21680.0	0.000211446
21690.0	0.00021057
21700.0	0.000209702
21710.0	0.000208838
21720.0	0.000207987
21730.0	0.000207149
21740.0	0.000206328
21750.0	0.000205487
21760.0	0.000204598
21770.0	0.00020358
21780.0	0.00020253
21790.0	0.000201465
21800.0	0.000200458
21810.0	0.000199491
21820.0	0.000198576
21830.0	0.000197766
21840.0	0.000196992
21850.0	0.000196268
21860.0	0.00019554
21870.0	0.000194808
21880.0	0.000194068
21890.0	0.000193286
21900.0	0.000192437
21910.0	0.00019141
21920.0	0.00019031
21930.0	0.000189105
21940.0	0.000187825
21950.0	0.000186486
21960.0	0.00018507
21970.0	0.000183667
21980.0	0.000182293
21990.0	0.000180991
22000.0	0.000179718
22010.0	0.000178471
22020.0	0.000177288
22030.0	0.000176162
22040.0	0.000175169
22050.0	0.000174201
22060.0	0.000173264
22070.0	0.000172341
22080.000000000004	0.000171419
22090.0	0.000170456
22100.0	0.000169451
22110.0	0.0001684
22120.000000000004	0.000167295
22130.0	0.000166188
22140.0	0.000165102
22150.0	0.000164103
22160.000000000004	0.000163156
22170.0	0.000162328
22180.0	0.000161568
22190.0	0.000160892
22200.000000000004	0.000160376
22210.0	0.000159934
22220.0	0.000159637
22230.0	0.000159395
22240.000000000004	0.000159189
22250.0	0.000159078
22260.0	0.000159012
22270.0	0.000159012
22280.000000000004	0.000159018
22290.0	0.000159025
22300.0	0.000159033
22310.0	0.000159042
22320.000000000004	0.00015905
22330.0	0.00015903
22340.0	0.000158953
22350.0	0.000158776
22360.000000000004	0.000158548
22370.0	0.000158302
22380.0	0.000158057
22390.0	0.00015784
22400.000000000004	0.000157649
22410.0	0.000157503
22420.0	0.000157367
22430.0	0.000157242
22440.000000000004	0.00015711
22450.0	0.000156963
22460.0	0.000156724
22470.0	0.00015648
22480.000000000004	0.000156232
22490.0	0.000156003
22500.0	0.000155777
22510.0	0.000155555
22519.999999999996	0.000155291
22530.0	0.000155002
22540.0	0.000154639
22550.0	0.000154248
22559.999999999996	0.000153825
22570.0	0.000153356
22580.0	0.000152891
22590.0	0.000152462
22599.999999999996	0.00015209
22610.0	0.000151753
22620.0	0.000151444
22630.0	0.000151121
22639.999999999996	0.000150778
22650.0	0.000150382
22660.0	0.000149956
22670.0	0.000149454
22679.999999999996	0.000148899
22690.0	0.000148306
22700.0	0.000147724
22710.0	0.000147145
22719.999999999996	0.00014657
22730.0	0.000146047
22740.0	0.000145569
22750.0	0.000145243
22759.999999999996	0.000145019
22770.0	0.000144878
22780.0	0.000144759
22790.0	0.000144661
22799.999999999996	0.000144604
22810.0	0.000144563
22820.0	0.000144513
22830.0	0.000144348
22839.999999999996	0.000144115
22850.0	0.000143818
22860.0	0.000143502
22870.0	0.000143158
22879.999999999996	0.000142753
22890.0	0.00014227
22900.0	0.000141755
22910.0	0.000141282
22919.999999999996	0.000140832
22930.0	0.000140407
22940.0	0.000139977
22950.0	0.000139554
22960.0	0.000139151
22970.0	0.00013878
22980.0	0.000138423
22990.0	0.000137987
23000.0	0.000137513
23010.0	0.000136988
23020.0	0.000136471
23030.0	0.000135969
23040.0	0.000135516
23050.0	0.000135094
23060.0	0.000134694
23070.0	0.000134398
23080.0	0.000134147
23090.0	0.000133966
23100.0	0.000133857
23110.0	0.000133777
23120.0	0.000133741
23130.0	0.000133721
23140.0	0.000133714
23150.0	0.00013352
23160.0	0.000133245
23170.0	0.000132833
23180.0	0.000132245
23190.0	0.000131565
23200.0	0.000130686
23210.0	0.000129689
23220.0	0.000128586
23230.0	0.000127484
23240.0	0.000126386
23250.0	0.000125297
23260.0	0.000124201
23270.0	0.000123107
23280.0	0.000122061
23290.0	0.00012104
23300.0	0.000120047
23310.0	0.000119183
23320.0	0.000118392
23330.000000000004	0.000117746
23340.0	0.00011724
23350.0	0.000116814
23360.0	0.000116519
23370.000000000004	0.000116279
23380.0	0.000116109
23390.0	0.000116023
23400.0	0.000115979
23410.000000000004	0.000116022
23420.0	0.000116132
23430.0	0.000116284
23440.0	0.00011641
23450.000000000004	0.000116513
23460.0	0.00011658
23470.0	0.000116595
23480.0	0.000116567
23490.000000000004	0.00011641
23500.0	0.000116159
23510.0	0.000115841
23520.0	0.000115502
23530.000000000004	0.000115206
23540.0	0.000114986
23550.0	0.000114857
23560.0	0.000114771
23570.000000000004	0.000114767
23580.0	0.000114811
23590.0	0.000114897
23600.0	0.000115047
23610.000000000004	0.000115193
23620.0	0.000115324
23630.0	0.000115436
23640.0	0.000115529
23650.000000000004	0.000115523
23660.0	0.000115421
23670.0	0.000115224
23680.0	0.000114856
23690.000000000004	0.000114415
23700.0	0.000113839
23710.0	0.000113134
23720.0	0.000112356
23730.000000000004	0.000111411
23740.0	0.00011041
23750.0	0.000109341
23760.0	0.000108175
23769.999999999996	0.000106988
23780.0	0.000105788
23790.0	0.000104668
23800.0	0.000103596
23809.999999999996	0.000102646
23820.0	0.0001018
23830.0	0.000101098
23840.0	0.000100629
23849.999999999996	0.000100272
23860.0	0.000100145
23870.0	0.000100069
23880.0	0.000100029
23889.999999999996	0.000100046
23900.0	0.000100066
23910.0	0.000100088
23920.0	0.000100121
23929.999999999996	0.000100158
23940.0	0.000100205
23950.0	0.000100218
23960.0	0.000100203
23969.999999999996	0.000100042
23980.0	9.98198e-05
23990.0	9.94932e-05
24000.0	9.90874e-05
24009.999999999996	9.86326e-05
24020.0	9.80336e-05
24030.0	9.73436e-05
24040.0	9.65667e-05
24049.999999999996	9.57072e-05
24060.0	9.48251e-05
24070.0	9.39095e-05
24080.0	9.30011e-05
24089.999999999996	9.2107e-05
24100.0	9.13436e-05
24110.0	9.06482e-05
24120.0	9.00291e-05
24129.999999999996	8.96295e-05
24140.0	8.93272e-05
24150.0	8.92072e-05
24160.0	8.92384e-05
24169.999999999996	8.93519e-05
24180.0	8.945e-05
24190.0	8.95068e-05
24200.0	8.95087e-05
24210.0	8.94278e-05
24220.0	8.9318e-05
24230.0	8.91683e-05
24240.0	8.90236e-05
24250.0	8.88822e-05
24260.0	8.87727e-05
24270.0	8.87206e-05
24280.0	8.87585e-05
24290.0	8.89189e-05
24300.0	8.91465e-05
24310.0	8.95307e-05
24320.0	8.99593e-05
24330.0	9.04221e-05
24340.0	9.09489e-05
24350.0	9.14671e-05
24360.0	9.19639e-05
24370.0	9.24435e-05
24380.0	9.2914e-05
24390.0	9.33646e-05
24400.0	9.37852e-05
24410.0	9.41786e-05
24420.0	9.45012e-05
24430.0	9.4793e-05
24440.0	9.50297e-05
24450.0	9.52825e-05
24460.0	9.55378e-05
24470.0	9.57494e-05
24480.0	9.59345e-05
24490.0	9.60915e-05
24500.0	9.61313e-05
24510.0	9.61172e-05
24520.0	9.60012e-05
24530.0	9.57965e-05
24540.0	9.5542e-05
24550.0	9.52097e-05
24560.0	9.48546e-05
24570.0	9.44711e-05
24580.000000000004	9.40824e-05
24590.0	9.37138e-05
24600.0	9.34177e-05
24610.0	9.31855e-05
24620.000000000004	9.29936e-05
24630.0	9.29085e-05
24640.0	9.28783e-05
24650.0	9.29292e-05
24660.000000000004	9.30929e-05
24670.0	9.33044e-05
24680.0	9.35973e-05
24690.0	9.39282e-05
24700.000000000004	9.42868e-05
24710.0	9.47087e-05
24720.0	9.51488e-05
24730.0	9.56175e-05
24740.000000000004	9.60268e-05
24750.0	9.64031e-05
24760.0	9.66999e-05
24770.0	9.69348e-05
24780.000000000004	9.71166e-05
24790.0	9.7146e-05
24800.0	9.71102e-05
24810.0	9.69612e-05
24820.000000000004	9.66959e-05
24830.0	9.63784e-05
24840.0	9.60113e-05
24850.0	9.56206e-05
24860.000000000004	9.52059e-05
24870.0	9.48535e-05
24880.0	9.45292e-05
24890.0	9.42572e-05
24900.000000000004	9.4036e-05
24910.0	9.38474e-05
24920.0	9.37711e-05
24930.0	9.37004e-05
24940.000000000004	9.36365e-05
24950.0	0.000149663
24960.0	0.000215544
24970.0	0.000281053
24980.000000000004	0.000346123
24990.0	0.000412568
25000.0	0.00052959
25010.0	0.000605601
25019.999999999996	0.00068045
25030.0	0.000754917
25040.0	0.000828813
25050.0	0.000900772
25059.999999999996	0.000907229
25070.0	0.000898161
25080.0	0.000887988
25090.0	0.000876763
25099.999999999996	0.00086317
25110.0	0.000848189
25120.0	0.000832172
25130.0	0.000814658
25139.999999999996	0.000795136
25150.0	0.000774589
25160.0	0.000753687
25170.0	0.000731541
25179.999999999996	0.000708286
25190.0	0.000684067
25200.0	0.000658993
25210.0	0.000633582
25219.999999999996	0.000607124
25230.0	0.000580059
25240.0	0.000553181
25250.0	0.000526553
25259.999999999996	0.000499779
25270.0	0.000472799
25280.0	0.000445574
25290.0	0.000419759
25299.999999999996	0.000394339
25310.0	0.000369299
25320.0	0.000345669
25330.0	0.000322591
25339.999999999996	0.000300375
25350.0	0.000279199
25360.0	0.000259377
25370.0	0.000240749
25379.999999999996	0.000223244
25390.0	0.000206892
25400.0	0.000191507
25410.0	0.000177054
25419.999999999996	0.000163216
25430.0	0.00014976
25440.0	0.000139398
25450.0	0.000129361
25460.0	0.000119616
25470.0	0.000110209
25480.0	0.000102708
25490.0	9.50242e-05
25500.0	8.73316e-05
25510.0	8.04373e-05
25520.0	7.48555e-05
25530.0	7.01112e-05
25540.0	6.57582e-05
25550.0	6.04456e-05
25560.0	5.61147e-05
25570.0	5.27029e-05
25580.0	5.00051e-05
25590.0	4.67078e-05
25600.0	4.46283e-05
25610.0	4.27117e-05
25620.0	4.04819e-05
25630.0	3.78833e-05
25640.0	3.50789e-05
25650.0	3.27249e-05
25660.0	3.13123e-05
25670.0	3.02724e-05
25680.0	2.85009e-05
25690.0	2.64943e-05
25700.0	2.48031e-05
25710.0	2.3601e-05
25720.0	2.28353e-05
25730.0	2.23966e-05
25740.0	2.21279e-05
25750.0	2.2572e-05
25760.0	2.27851e-05
25770.0	2.2683e-05
25780.0	2.23146e-05
25790.0	2.20188e-05
25800.0	2.20358e-05
25810.0	2.23817e-05
25820.0	2.28885e-05
25830.000000000004	2.26715e-05
25840.0	2.25133e-05
25850.0	2.26664e-05
25860.0	2.28942e-05
25870.000000000004	2.28535e-05
25880.0	2.2608e-05
25890.0	2.22058e-05
25900.0	2.22037e-05
25910.000000000004	2.14896e-05
25920.0	2.03147e-05
25930.0	1.8865e-05
25940.0	1.88048e-05
25950.000000000004	1.86349e-05
25960.0	1.83648e-05
25970.0	1.80277e-05
25980.0	1.82227e-05
25990.000000000004	1.86049e-05
26000.0	1.91846e-05
26010.0	2.00664e-05
26020.0	2.02277e-05
26030.000000000004	2.04103e-05
26040.0	2.07494e-05
26050.0	2.13162e-05
26060.0	2.11037e-05
26070.000000000004	2.08166e-05
26080.0	2.07406e-05
26090.0	2.14566e-05
26100.0	2.14971e-05
26110.000000000004	2.08887e-05
26120.0	1.97513e-05
26130.0	1.97981e-05
26140.0	1.97344e-05
26150.000000000004	1.91968e-05
26160.0	1.79396e-05
26170.0	1.80852e-05
26180.0	1.80085e-05
26190.000000000004	1.75788e-05
26200.0	1.66217e-05
26210.0	1.63364e-05
26220.0	1.61747e-05
26230.000000000004	1.60375e-05
26240.0	1.57943e-05
26250.0	1.52148e-05
26260.0	1.50782e-05
26269.999999999996	1.52734e-05
26280.0	1.52873e-05
26290.0	1.6202e-05
26300.0	1.6971e-05
26309.999999999996	1.7351e-05
26320.0	1.72068e-05
26330.0	1.7713e-05
26340.0	1.78474e-05
26349.999999999996	1.73873e-05
26360.0	1.74528e-05
26370.0	1.72991e-05
26380.0	1.70069e-05
26389.999999999996	1.6575e-05
26400.0	1.52664e-05
26410.0	1.47543e-05
26420.0	1.47299e-05
26429.999999999996	1.49675e-05
26440.0	1.47192e-05
26450.0	1.50391e-05
26460.0	1.58469e-05
26469.999999999996	1.70643e-05
26480.0	1.78329e-05
26490.0	1.84942e-05
26500.0	1.91155e-05
26509.999999999996	1.97837e-05
26520.0	1.97414e-05
26530.0	1.92946e-05
26540.0	1.87049e-05
26549.999999999996	1.87005e-05
26560.0	1.92626e-05
26570.0	1.9115e-05
26580.0	1.81464e-05
26589.999999999996	1.77047e-05
26600.0	1.71308e-05
26610.0	1.65148e-05
26620.0	1.5883e-05
26629.999999999996	1.5124e-05
26640.0	1.48419e-05
26650.0	1.45992e-05
26660.0	1.40954e-05
26669.999999999996	1.27064e-05
26680.0	1.19329e-05
26690.0	1.13929e-05
26700.0	1.07017e-05
26710.0	1.01866e-05
26720.0	9.91605e-06
26730.0	9.87403e-06
26740.0	1.00534e-05
26750.0	9.66739e-06
26760.0	9.06548e-06
26770.0	8.53625e-06
26780.0	8.75281e-06
26790.0	9.47224e-06
26800.0	1.00314e-05
26810.0	1.03229e-05
26820.0	1.04387e-05
26830.0	1.03269e-05
26840.0	1.05167e-05
26850.0	1.11559e-05
26860.0	1.19816e-05
26870.0	1.32737e-05
26880.0	1.44279e-05
26890.0	1.50918e-05
26900.0	1.4722e-05
26910.0	1.49032e-05
26920.0	1.5395e-05
26930.0	1.60242e-05
26940.0	1.67319e-05
26950.0	1.68505e-05
26960.0	1.64358e-05
26970.0	1.552e-05
26980.0	1.40201e-05
26990.0	1.26403e-05
27000.0	1.15752e-05
27010.0	1.11674e-05
27020.0	1.07161e-05
27030.0	1.03514e-05
27040.0	1.01038e-05
27050.0	1.00198e-05
27060.0	9.82238e-06
27070.0	9.80629e-06
27080.000000000004	1.00506e-05
27090.0	1.05766e-05
27100.0	1.12299e-05
27110.0	1.19568e-05
27120.000000000004	1.26977e-05
27130.0	1.30109e-05
27140.0	1.29678e-05
27150.0	1.27563e-05
27160.000000000004	1.24925e-05
27170.0	1.24463e-05
27180.0	1.25345e-05
27190.0	1.27275e-05
27200.000000000004	1.3004e-05
27210.0	1.25897e-05
27220.0	1.16285e-05
27230.0	1.05994e-05
27240.000000000004	1.02653e-05
27250.0	9.82789e-06
27260.0	9.35736e-06
27270.0	8.77121e-06
27280.000000000004	7.82832e-06
27290.0	7.0426e-06
27300.0	6.34415e-06
27310.0	5.821e-06
27320.000000000004	5.90089e-06
27330.0	6.34271e-06
27340.0	6.60418e-06
27350.0	6.62045e-06
27360.000000000004	7.19784e-06
27370.0	7.38135e-06
27380.0	7.41239e-06
27390.0	7.40895e-06
27400.000000000004	7.46043e-06
27410.0	7.36361e-06
27420.0	7.18124e-06
27430.0	6.95688e-06
27440.000000000004	6.52722e-06
27450.0	6.4012e-06
27460.0	6.45984e-06
27470.0	6.56638e-06
27480.000000000004	6.80626e-06
27490.0	6.9505e-06
27500.0	7.03491e-06
27510.0	7.15146e-06
27519.999999999996	6.79408e-06
27530.0	6.53988e-06
27540.0	6.4967e-06
27550.0	6.77441e-06
27559.999999999996	6.56928e-06
27570.0	6.01711e-06
27580.0	5.18789e-06
27590.0	4.29668e-06
27599.999999999996	4.01478e-06
27610.0	3.9232e-06
27620.0	3.94354e-06
27630.0	4.85382e-06
27639.999999999996	5.08662e-06
27650.0	5.06265e-06
27660.0	5.01564e-06
27670.0	4.66098e-06
27679.999999999996	4.34937e-06
27690.0	4.19189e-06
27700.0	4.31021e-06
27710.0	4.4933e-06
27719.999999999996	4.72353e-06
27730.0	4.74446e-06
27740.0	4.13609e-06
27750.0	3.69975e-06
27759.999999999996	3.57528e-06
27770.0	3.7336e-06
27780.0	4.10242e-06
27790.0	4.58861e-06
27799.999999999996	4.82189e-06
27810.0	4.78215e-06
27820.0	4.6415e-06
27830.0	4.68441e-06
27839.999999999996	4.7043e-06
27850.0	4.68453e-06
27860.0	4.94621e-06
27870.0	4.50023e-06
27879.999999999996	3.86439e-06
27890.0	3.27491e-06
27900.0	2.67003e-06
27910.0	2.77488e-06
27919.999999999996	3.08885e-06
27930.0	3.24739e-06
27940.0	3.13066e-06
27950.0	3.48524e-06
27960.0	4.04089e-06
27970.0	4.48387e-06
27980.0	5.06199e-06
27990.0	5.62262e-06
28000.0	6.14529e-06
28010.0	6.60231e-06
28020.0	6.39843e-06
28030.0	6.21645e-06
28040.0	6.10363e-06
28050.0	5.94126e-06
28060.0	5.62176e-06
28070.0	5.33472e-06
28080.0	5.12913e-06
28090.0	5.03271e-06
28100.0	4.725e-06
28110.0	4.42251e-06
28120.0	4.23762e-06
28130.0	4.45731e-06
28140.0	4.66782e-06
28150.0	4.80408e-06
28160.0	4.81757e-06
28170.0	4.56239e-06
28180.0	4.33017e-06
28190.0	4.19032e-06
28200.0	4.21507e-06
28210.0	4.97382e-06
28220.0	5.3971e-06
28230.0	5.49853e-06
28240.0	5.30053e-06
28250.0	4.96857e-06
28260.0	4.96036e-06
28270.0	5.28896e-06
28280.0	5.92818e-06
28290.0	6.72105e-06
28300.0	7.05086e-06
28310.0	6.84367e-06
28320.0	6.19092e-06
28330.000000000004	6.25413e-06
28340.0	6.60661e-06
28350.0	7.06741e-06
28360.0	7.22212e-06
28370.000000000004	6.76376e-06
28380.0	6.04042e-06
28390.0	5.22606e-06
28400.0	4.66945e-06
28410.000000000004	4.72337e-06
28420.0	4.90367e-06
28430.0	4.86716e-06
28440.0	4.69165e-06
28450.000000000004	4.28272e-06
28460.0	3.89535e-06
28470.0	3.83131e-06
28480.0	3.78488e-06
28490.000000000004	3.70224e-06
28500.0	3.67401e-06
28510.0	3.87851e-06
28520.0	3.96981e-06
28530.000000000004	4.32255e-06
28540.0	4.81456e-06
28550.0	4.96759e-06
28560.0	4.97678e-06
28570.000000000004	4.9274e-06
28580.0	4.94013e-06
28590.0	5.51263e-06
28600.0	5.98685e-06
28610.000000000004	5.95942e-06
28620.0	5.32083e-06
28630.0	4.55543e-06
28640.0	3.80472e-06
28650.000000000004	3.26566e-06
28660.0	3.07674e-06
28670.0	3.56479e-06
28680.0	3.91048e-06
28690.000000000004	4.09218e-06
28700.0	4.07768e-06
28710.0	4.33159e-06
28720.0	4.39019e-06
28730.000000000004	4.39622e-06
28740.0	4.56273e-06
28750.0	5.29621e-06
28760.0	5.49855e-06
28769.999999999996	5.15773e-06
28780.0	4.38714e-06
28790.0	4.2337e-06
28800.0	4.11839e-06
28809.999999999996	3.8971e-06
28820.0	3.3809e-06
28830.0	3.5407e-06
28840.0	3.67526e-06
28849.999999999996	3.57759e-06
28860.0	3.17767e-06
28870.0	3.43599e-06
28880.0	3.89916e-06
28889.999999999996	4.36701e-06
28900.0	4.75073e-06
28910.0	5.09826e-06
28920.0	5.42193e-06
28929.999999999996	5.72192e-06
28940.0	5.50285e-06
28950.0	5.49136e-06
28960.0	5.57858e-06
28969.999999999996	5.65011e-06
28980.0	5.20388e-06
28990.0	5.08835e-06
29000.0	5.15513e-06
29009.999999999996	5.09429e-06
29020.0	4.44146e-06
29030.0	3.88475e-06
29040.0	3.62813e-06
29049.999999999996	4.05022e-06
29060.0	4.11518e-06
29070.0	3.84388e-06
29080.0	3.35032e-06
29089.999999999996	3.1428e-06
29100.0	2.59698e-06
29110.0	1.89632e-06
29120.0	1.20192e-06
29129.999999999996	1.37675e-06
29140.0	1.66837e-06
29150.0	1.80479e-06
29160.0	1.64637e-06
29169.999999999996	1.6107e-06
29180.0	1.61813e-06
29190.0	1.7366e-06
29200.0	2.03338e-06
29210.0	2.31093e-06
29220.0	2.41143e-06
29230.0	2.35598e-06
29240.0	2.16263e-06
29250.0	1.86796e-06
29260.0	1.56907e-06
29270.0	1.31447e-06
29280.0	1.19893e-06
29290.0	1.1692e-06
29300.0	1.33256e-06
29310.0	1.68813e-06
29320.0	2.18754e-06
29330.0	2.53421e-06
29340.0	2.79766e-06
29350.0	2.97678e-06
29360.0	2.96078e-06
29370.0	3.33546e-06
29380.0	3.74965e-06
29390.0	4.0407e-06
29400.0	4.05251e-06
29410.0	3.60763e-06
29420.0	2.95446e-06
29430.0	2.25482e-06
29440.0	1.94033e-06
29450.0	1.84792e-06
29460.0	1.94494e-06
29470.0	2.21209e-06
29480.0	2.03174e-06
29490.0	2.02752e-06
29500.0	2.12306e-06
29510.0	2.15672e-06
29520.0	2.21572e-06
29530.0	2.46455e-06
29540.0	2.86151e-06
29550.0	3.26072e-06
29560.0	3.34176e-06
29570.0	3.2233e-06
29580.000000000004	2.99655e-06
29590.0	2.96053e-06
29600.0	2.77234e-06
29610.0	2.62435e-06
29620.000000000004	2.57931e-06
29630.0	2.61448e-06
29640.0	2.4116e-06
29650.0	2.226e-06
29660.000000000004	2.22837e-06
29670.0	3.07754e-06
29680.0	3.50431e-06
29690.0	3.60109e-06
29700.000000000004	3.42129e-06
29710.0	3.14677e-06
29720.0	3.05471e-06
29730.0	3.07269e-06
29740.000000000004	3.11012e-06
29750.0	3.04008e-06
29760.0	2.89465e-06
29770.0	2.61814e-06
29780.000000000004	2.07375e-06
29790.0	2.19578e-06
29800.0	2.22238e-06
29810.0	2.11513e-06
29820.000000000004	2.11406e-06
29830.0	2.10675e-06
29840.0	2.11113e-06
29850.0	2.14751e-06
29860.000000000004	2.30525e-06
29870.0	2.25393e-06
29880.0	1.97758e-06
29890.0	1.51259e-06
29900.000000000004	1.4519e-06
29910.0	1.99206e-06
29920.0	2.69868e-06
29930.0	3.29947e-06
29940.000000000004	3.81188e-06
29950.0	4.09801e-06
29960.0	4.3166e-06
29970.0	4.62733e-06
29980.000000000004	5.41354e-06
29990.0	6.0928e-06
30000.0	6.59301e-06
30010.0	6.80911e-06
30019.999999999996	6.93604e-06
30030.0	7.05613e-06
30040.0	7.10352e-06
30050.0	6.87703e-06
30059.999999999996	6.99636e-06
30070.0	7.05146e-06
30080.0	6.9595e-06
30090.0	6.69834e-06
30099.999999999996	6.97502e-06
30110.0	7.32256e-06
30120.0	7.52138e-06
30130.0	7.03626e-06
30139.999999999996	6.80969e-06
30150.0	6.75171e-06
30160.0	6.79865e-06
30170.0	6.47658e-06
30179.999999999996	6.67948e-06
30190.0	6.94194e-06
30200.0	6.89569e-06
30210.0	6.22391e-06
30219.999999999996	5.40094e-06
30230.0	4.63346e-06
30240.0	4.19337e-06
30250.0	3.62037e-06
30259.999999999996	3.33176e-06
30270.0	3.34227e-06
30280.0	3.66195e-06
30290.0	3.57127e-06
30299.999999999996	3.6215e-06
30310.0	3.77369e-06
30320.0	3.65947e-06
30330.0	3.7081e-06
30339.999999999996	3.86515e-06
30350.0	4.15117e-06
30360.0	4.74365e-06
30370.0	5.23678e-06
30379.999999999996	5.43577e-06
30390.0	5.23131e-06
30400.0	4.42919e-06
30410.0	3.66022e-06
30419.999999999996	3.33152e-06
30430.0	3.72122e-06
30440.0	4.59832e-06
30450.0	5.11701e-06
30460.0	5.28349e-06
30470.0	5.07505e-06
30480.0	4.9985e-06
30490.0	5.1445e-06
30500.0	5.34806e-06
30510.0	5.348e-06
30520.0	5.36249e-06
30530.0	4.99602e-06
30540.0	4.32273e-06
30550.0	3.59025e-06
30560.0	3.36633e-06
30570.0	3.55732e-06
30580.0	4.09865e-06
30590.0	4.80787e-06
30600.0	5.216e-06
30610.0	5.69112e-06
30620.0	6.33624e-06
30630.0	7.06538e-06
30640.0	7.68506e-06
30650.0	8.07981e-06
30660.0	8.2113e-06
30670.0	8.57854e-06
30680.0	8.35132e-06
30690.0	7.70854e-06
30700.0	6.76366e-06
30710.0	6.86371e-06
30720.0	7.13462e-06
30730.0	7.35892e-06
30740.0	7.2602e-06
30750.0	6.86235e-06
30760.0	6.45229e-06
30770.0	6.05403e-06
30780.0	5.68357e-06
30790.0	5.85532e-06
30800.0	5.91924e-06
30810.0	5.73272e-06
30820.0	5.10019e-06
30830.000000000004	4.71304e-06
30840.0	4.34928e-06
30850.0	4.05742e-06
30860.0	4.35942e-06
30870.000000000004	4.80167e-06
30880.0	5.25057e-06
30890.0	5.58981e-06
30900.0	5.18475e-06
30910.000000000004	4.94512e-06
30920.0	4.86413e-06
30930.0	4.94615e-06
30940.0	5.15813e-06
30950.000000000004	5.74433e-06
30960.0	6.2308e-06
30970.0	6.15417e-06
30980.0	5.84569e-06
30990.000000000004	5.69066e-06
31000.0	5.77222e-06
31010.0	6.22747e-06
31020.0	7.23565e-06
31030.000000000004	7.73539e-06
31040.0	7.70745e-06
31050.0	7.27882e-06
31060.0	7.25501e-06
31070.000000000004	7.7106e-06
31080.0	8.54658e-06
31090.0	9.34413e-06
31100.0	9.80823e-06
31110.000000000004	1.02075e-05
31120.0	1.05485e-05
31130.0	1.03481e-05
31140.0	1.06473e-05
31150.000000000004	1.12094e-05
31160.0	1.18494e-05
31170.0	1.13134e-05
31180.0	1.04734e-05
31190.000000000004	9.67604e-06
31200.0	9.17874e-06
31210.0	8.66131e-06
31220.0	7.92546e-06
31230.000000000004	7.20585e-06
31240.0	6.7863e-06
31250.0	6.68227e-06
31260.0	6.56702e-06
31269.999999999996	6.52719e-06
31280.0	6.76608e-06
31290.0	7.53663e-06
31300.0	8.61876e-06
31309.999999999996	9.95064e-06
31320.0	1.14556e-05
31330.0	1.34586e-05
31340.0	1.54252e-05
31349.999999999996	1.72057e-05
31360.0	1.86569e-05
31370.0	2.0356e-05
31380.0	2.21001e-05
31389.999999999996	2.37618e-05
31400.0	2.48402e-05
31410.0	2.55586e-05
31420.0	2.59955e-05
31429.999999999996	2.61643e-05
31440.0	2.56781e-05
31450.0	2.55076e-05
31460.0	2.52933e-05
31469.999999999996	2.46992e-05
31480.0	2.30552e-05
31490.0	2.13723e-05
31500.0	1.98076e-05
31509.999999999996	1.85793e-05
31520.0	1.74043e-05
31530.0	1.62349e-05
31540.0	1.51407e-05
31549.999999999996	1.42993e-05
31560.0	1.26888e-05
31570.0	1.1169e-05
31580.0	9.92645e-06
31589.999999999996	9.13351e-06
31600.0	8.45624e-06
31610.0	7.78119e-06
31620.0	7.08161e-06
31629.999999999996	6.39471e-06
31640.0	5.53388e-06
31650.0	4.68885e-06
31660.0	3.96709e-06
31669.999999999996	3.63566e-06
31680.0	3.33771e-06
31690.0	3.03665e-06
31700.0	2.70853e-06
31710.0	2.56823e-06
31720.0	2.35305e-06
31730.0	2.02418e-06
31740.0	1.52735e-06
31750.0	1.24502e-06
31760.0	9.83353e-07
31770.0	7.03524e-07
31780.0	3.49228e-07
31790.0	2.42074e-07
31800.0	4.1836e-07
31810.0	7.57083e-07
31820.0	9.14761e-07
31830.0	1.15775e-06
31840.0	1.45368e-06
31850.0	1.76057e-06
31860.0	1.91041e-06
31870.0	2.14519e-06
31880.0	2.33378e-06
31890.0	2.43576e-06
31900.0	2.51875e-06
31910.0	2.72671e-06
31920.0	3.14365e-06
31930.0	3.81058e-06
31940.0	4.28724e-06
31950.0	4.62103e-06
31960.0	5.0048e-06
31970.0	5.61283e-06
31980.0	5.9561e-06
31990.0	6.29337e-06
32000.0	6.66763e-06
32010.0	7.13829e-06
32020.0	7.5703e-06
32030.0	7.5322e-06
32040.0	7.15433e-06
32050.0	6.76527e-06
32060.0	6.8418e-06
32070.0	7.19936e-06
32080.000000000004	7.74019e-06
32090.0	8.23118e-06
32100.0	8.92132e-06
32110.0	9.33835e-06
32120.000000000004	9.34547e-06
32130.0	8.92322e-06
32140.0	8.81399e-06
32150.0	8.90703e-06
32160.000000000004	9.15937e-06
32170.0	9.51795e-06
32180.0	9.40134e-06
32190.0	9.25371e-06
32200.000000000004	9.3748e-06
32210.0	9.47365e-06
32220.0	9.77979e-06
32230.0	9.99432e-06
32240.000000000004	9.77764e-06
32250.0	9.74231e-06
32260.0	9.46774e-06
32270.0	8.99498e-06
32280.000000000004	8.40494e-06
32290.0	8.11949e-06
32300.0	7.62101e-06
32310.0	6.9342e-06
32320.000000000004	6.26901e-06
32330.0	6.17524e-06
32340.0	6.39745e-06
32350.0	6.84191e-06
32360.000000000004	7.32103e-06
32370.0	7.71188e-06
32380.0	7.95376e-06
32390.0	8.0371e-06
32400.000000000004	8.09347e-06
32410.0	8.16576e-06
32420.0	8.27093e-06
32430.0	8.37271e-06
32440.000000000004	7.49903e-06
32450.0	6.97527e-06
32460.0	6.68755e-06
32470.0	6.55639e-06
32480.000000000004	7.08101e-06
32490.0	7.37388e-06
32500.0	7.43476e-06
32510.0	7.25392e-06
32519.999999999996	6.81388e-06
32530.0	6.49895e-06
32540.0	6.36262e-06
32550.0	6.48092e-06
32559.999999999996	6.29408e-06
32570.0	6.21197e-06
32580.0	6.25553e-06
32590.0	6.29135e-06
32599.999999999996	6.53965e-06
32610.0	6.6689e-06
32620.0	6.67619e-06
32630.0	7.06207e-06
32639.999999999996	6.93391e-06
32650.0	6.83036e-06
32660.0	6.96992e-06
32670.0	7.22202e-06
32679.999999999996	6.87719e-06
32690.0	6.11014e-06
32700.0	5.01768e-06
32710.0	3.97086e-06
32719.999999999996	3.85278e-06
32730.0	4.3065e-06
32740.0	5.00011e-06
32750.0	5.80718e-06
32759.999999999996	6.34067e-06
32770.0	6.65728e-06
32780.0	6.85283e-06
32790.0	7.29939e-06
32800.0	8.12091e-06
32810.0	9.25364e-06
32820.0	1.05255e-05
32830.0	1.08751e-05
32840.0	1.07099e-05
32850.0	1.02607e-05
32860.0	1.01796e-05
32870.0	1.06512e-05
32880.0	1.13793e-05
32890.0	1.22768e-05
32900.0	1.33663e-05
32910.0	1.3847e-05
32920.0	1.39285e-05
32930.0	1.37196e-05
32940.0	1.36307e-05
32950.0	1.39603e-05
32960.0	1.44736e-05
32970.0	1.49919e-05
32980.0	1.48574e-05
32990.0	1.46883e-05
33000.0	1.44662e-05
33010.0	1.4158e-05
33020.0	1.44936e-05
33030.0	1.45569e-05
33040.0	1.43941e-05
33050.0	1.4201e-05
33060.0	1.38258e-05
33070.0	1.36449e-05
33080.0	1.37441e-05
33090.0	1.42478e-05
33100.0	1.46032e-05
33110.0	1.49182e-05
33120.0	1.51265e-05
33130.0	1.47119e-05
33140.0	1.50238e-05
33150.0	1.55572e-05
33160.0	1.61009e-05
33170.0	1.65032e-05
33180.0	1.62101e-05
33190.0	1.54306e-05
33200.0	1.42837e-05
33210.0	1.34094e-05
33220.0	1.27375e-05
33230.0	1.24329e-05
33240.0	1.26958e-05
33250.0	1.27147e-05
33260.0	1.28889e-05
33270.0	1.32064e-05
33280.0	1.3642e-05
33290.0	1.45625e-05
33300.0	1.5816e-05
33310.0	1.73062e-05
33320.0	1.88491e-05
33330.0	1.96678e-05
33340.0	1.98105e-05
33350.0	1.94717e-05
33360.0	1.94127e-05
33370.0	1.92966e-05
33380.0	1.91563e-05
33390.0	1.89591e-05
33400.0	1.83927e-05
33410.0	1.76739e-05
33420.0	1.69078e-05
33430.0	1.61777e-05
33440.0	1.6042e-05
33450.0	1.65024e-05
33460.0	1.71318e-05
33470.0	1.76061e-05
33480.0	1.8236e-05
33490.0	1.87991e-05
33500.0	1.92688e-05
33510.0	1.96036e-05
33520.0	1.96782e-05
33530.0	1.96762e-05
33540.0	1.97149e-05
33550.0	2.00107e-05
33560.0	2.02666e-05
33570.0	2.05704e-05
33580.0	2.08214e-05
33590.0	2.06577e-05
33600.0	2.06249e-05
33610.0	2.08341e-05
33620.0	2.12981e-05
33630.0	2.19343e-05
33640.0	2.24982e-05
33650.0	2.2725e-05
33660.0	2.25798e-05
33670.0	2.29003e-05
33680.0	2.37754e-05
33690.0	2.48426e-05
33700.0	2.58735e-05
33710.0	2.63226e-05
33720.0	2.6798e-05
33730.0	2.73648e-05
33740.0	2.8094e-05
33750.0	2.87345e-05
33760.0	2.94217e-05
33770.0	3.00229e-05
33780.0	3.03157e-05
33790.0	3.054e-05
33800.0	3.09261e-05
33810.0	3.15322e-05
33820.0	3.24734e-05
33830.0	3.34119e-05
33840.0	3.40753e-05
33850.0	3.43825e-05
33860.0	3.41916e-05
33870.0	3.4039e-05
33880.0	3.40193e-05
33890.0	3.4101e-05
33900.0	3.38422e-05
33910.0	3.33696e-05
33920.0	3.29585e-05
33930.0	3.27395e-05
33940.0	3.26174e-05
33950.0	3.27429e-05
33960.0	3.29808e-05
33970.0	3.32346e-05
33980.0	3.30708e-05
33990.0	3.26013e-05
34000.0	3.18694e-05
34010.0	3.0907e-05
34020.0	3.03851e-05
34030.0	2.99302e-05
34040.0	2.94985e-05
34050.0	2.90477e-05
34060.0	2.88248e-05
34070.0	2.90735e-05
34080.0	2.97381e-05
34090.0	3.05897e-05
34100.0	3.11587e-05
34110.0	3.18453e-05
34120.0	3.27092e-05
34130.0	3.3581e-05
34140.0	3.39196e-05
34150.0	3.3793e-05
34160.0	3.3242e-05
34170.0	3.25812e-05
34180.0	3.19271e-05
34190.0	3.12789e-05
34200.0	3.06421e-05
34210.0	3.018e-05
34220.0	2.92341e-05
34230.0	2.80516e-05
34240.0	2.68482e-05
34250.0	2.67036e-05
34260.0	2.7124e-05
34270.0	2.79557e-05
34280.0	2.9023e-05
34290.0	2.97741e-05
34300.0	3.03575e-05
34310.0	3.07973e-05
34320.0	3.11043e-05
34330.0	3.16433e-05
34340.0	3.23033e-05
34350.0	3.29099e-05
34360.0	3.2863e-05
34370.0	3.2283e-05
34380.0	3.13558e-05
34390.0	3.02066e-05
34400.0	2.93547e-05
34410.0	2.91832e-05
34420.0	2.93932e-05
34430.0	2.98592e-05
34440.0	3.05011e-05
34450.0	3.06699e-05
34460.0	3.05845e-05
34470.0	3.03934e-05
34480.0	3.07527e-05
34490.0	3.13328e-05
34500.0	3.20638e-05
34510.0	3.2875e-05
34520.0	3.34417e-05
34530.0	3.40309e-05
34540.0	3.45816e-05
34550.0	3.49531e-05
34560.0	3.48816e-05
34570.0	3.46066e-05
34580.0	3.41086e-05
34590.0	3.32218e-05
34600.0	3.24744e-05
34610.0	3.18293e-05
34620.0	3.12511e-05
34630.0	3.0605e-05
34640.0	3.00315e-05
34650.0	2.94047e-05
34660.0	2.87367e-05
34670.0	2.85645e-05
34680.0	2.91925e-05
34690.0	3.03003e-05
34700.0	3.17121e-05
34710.0	3.29249e-05
34720.0	3.39621e-05
34730.0	3.48589e-05
34740.0	3.56356e-05
34750.0	3.56548e-05
34760.0	3.57535e-05
34770.0	3.62459e-05
34780.0	3.76065e-05
34790.0	3.90743e-05
34800.0	4.02665e-05
34810.0	4.1033e-05
34820.0	4.10546e-05
34830.0	4.04449e-05
34840.0	3.99597e-05
34850.0	3.9813e-05
34860.0	4.0359e-05
34870.0	4.12157e-05
34880.0	4.17443e-05
34890.0	4.1754e-05
34900.0	4.12057e-05
34910.0	4.09242e-05
34920.0	4.09919e-05
34930.0	4.1459e-05
34940.0	4.22736e-05
34950.0	4.27552e-05
34960.0	4.30038e-05
34970.0	4.30752e-05
34980.0	4.30432e-05
34990.0	4.27052e-05
35000.0	4.23088e-05
35010.0	4.21294e-05
35020.0	4.23468e-05
35030.0	4.23715e-05
35040.0	4.22699e-05
35050.0	4.21932e-05
35060.0	4.23328e-05
35070.0	4.25447e-05
35080.0	4.28547e-05
35090.0	4.33931e-05
35100.0	4.40642e-05
35110.0	4.44175e-05
35120.0	4.43792e-05
35130.0	4.4046e-05
35140.0	4.45508e-05
35150.0	4.53389e-05
35160.0	4.61808e-05
35170.0	4.66985e-05
35180.0	4.71887e-05
35190.0	4.74264e-05
35200.0	4.72867e-05
35210.0	4.70928e-05
35220.0	4.74859e-05
35230.0	4.82045e-05
35240.0	4.90451e-05
35250.0	4.93009e-05
35260.0	4.93984e-05
35270.0	4.94721e-05
35280.0	4.97012e-05
35290.0	5.0088e-05
35300.0	5.05732e-05
35310.0	5.11269e-05
35320.0	5.17011e-05
35330.0	5.19003e-05
35340.0	5.19451e-05
35350.0	5.19235e-05
35360.0	5.20206e-05
35370.0	5.2119e-05
35380.0	5.22269e-05
35390.0	5.23254e-05
35400.0	5.22893e-05
35410.0	5.23108e-05
35420.0	5.24823e-05
35430.0	5.28185e-05
35440.0	5.29307e-05
35450.0	5.26307e-05
35460.0	5.21208e-05
35470.0	5.15354e-05
35480.0	5.1476e-05
35490.0	5.17471e-05
35500.0	5.21587e-05
35510.0	5.25155e-05
35520.0	5.27145e-05
35530.0	5.28064e-05
35540.0	5.28238e-05
35550.0	5.28112e-05
35560.0	5.34131e-05
35570.0	5.45631e-05
35580.0	5.61123e-05
35590.0	5.77147e-05
35600.0	5.85977e-05
35610.0	5.91323e-05
35620.0	5.95367e-05
35630.0	6.04545e-05
35640.0	6.19647e-05
35650.0	6.37012e-05
35660.0	6.55047e-05
35670.0	6.70385e-05
35680.0	6.79576e-05
35690.0	6.85015e-05
35700.0	6.8822e-05
35710.0	6.98043e-05
35720.0	7.11312e-05
35730.0	7.23784e-05
35740.0	7.31853e-05
35750.0	7.34238e-05
35760.0	7.38577e-05
35770.0	7.44378e-05
35780.0	7.51034e-05
35790.0	7.55231e-05
35800.0	7.58677e-05
35810.0	7.61169e-05
35820.0	7.6192e-05
35830.0	7.61045e-05
35840.0	7.61182e-05
35850.0	7.61887e-05
35860.0	7.60375e-05
35870.0	7.54381e-05
35880.0	7.48383e-05
35890.0	7.43889e-05
35900.0	7.42901e-05
35910.0	7.43603e-05
35920.0	7.45276e-05
35930.0	7.4768e-05
35940.0	7.51022e-05
35950.0	7.54767e-05
35960.0	7.59345e-05
35970.0	7.65166e-05
35980.0	7.75412e-05
35990.0	7.8856e-05
36000.0	8.03831e-05
36010.0	8.20593e-05
36020.0	8.34573e-05
36030.0	8.45068e-05
36040.0	8.52762e-05
36050.0	8.58541e-05
36060.0	8.68886e-05
36070.0	8.82517e-05
36080.0	8.96954e-05
36090.0	9.06179e-05
36100.0	9.07067e-05
36110.0	9.05026e-05
36120.0	9.0283e-05
36130.0	9.07883e-05
36140.0	9.19623e-05
36150.0	9.33336e-05
36160.0	9.47261e-05
36170.0	9.59124e-05
36180.0	9.72011e-05
36190.0	9.87863e-05
36200.0	0.00010079
36210.0	0.000103305
36220.0	0.000105739
36230.0	0.000107873
36240.0	0.00010951
36250.0	0.000110957
36260.0	0.000112398
36270.0	0.000113817
36280.0	0.00011519
36290.0	0.000116512
36300.0	0.000117642
36310.0	0.000118513
36320.0	0.000118982
36330.0	0.000118988
36340.0	0.000118693
36350.0	0.000118189
36360.0	0.000117685
36370.0	0.000117581
36380.0	0.000117453
36390.0	0.000117179
36400.0	0.00011667
36410.0	0.000116417
36420.0	0.000116495
36430.0	0.000116993
36440.0	0.000118388
36450.0	0.000120239
36460.0	0.000122296
36470.0	0.000124408
36480.0	0.00012635
36490.0	0.000128127
36500.0	0.000129936
36510.0	0.000131979
36520.0	0.000134514
36530.0	0.000137015
36540.0	0.000139422
36550.0	0.000141655
36560.0	0.00014375
36570.0	0.00014579
36580.0	0.00014789
36590.0	0.000150328
36600.0	0.000152934
36610.0	0.000155228
36620.0	0.000157104
36630.0	0.000158484
36640.0	0.000159514
36650.0	0.000160345
36660.0	0.000161033
36670.0	0.000161687
36680.0	0.000162151
36690.0	0.000162406
36700.0	0.000162426
36710.0	0.000162116
36720.0	0.000161832
36730.0	0.000161831
36740.0	0.000162331
36750.0	0.000163533
36760.0	0.000165103
36770.0	0.000167046
36780.0	0.000169402
36790.0	0.000171658
36800.0	0.000173947
36810.0	0.000176401
36820.0	0.000179286
36830.0	0.000182296
36840.0	0.000185317
36850.0	0.000188272
36860.0	0.000190959
36870.0	0.000193001
36880.0	0.000194989
36890.0	0.000197153
36900.0	0.000199965
36910.0	0.000202911
36920.0	0.000205969
36930.0	0.000209134
36940.0	0.000212385
36950.0	0.000215585
36960.0	0.000218974
36970.0	0.000222711
36980.0	0.000226906
36990.0	0.000231187
37000.0	0.000235587
37010.0	0.000240142
37020.0	0.000244789
37030.0	0.000249704
37040.0	0.000254999
37050.0	0.000260881
37060.0	0.000267273
37070.0	0.000274072
37080.0	0.00028124
37090.0	0.000288754
37100.0	0.000296174
37110.0	0.000303754
37120.0	0.000311635
37130.0	0.000320216
37140.0	0.00032949
37150.0	0.000339293
37160.0	0.000349561
37170.0	0.000360102
37180.0	0.00037098
37190.0	0.000382553
37200.0	0.000395053
37210.0	0.000408989
37220.0	0.000423668
37230.0	0.000438832
37240.0	0.00045431
37250.0	0.000469744
37260.0	0.000485562
37270.0	0.000502027
37280.0	0.000519527
37290.0	0.000538367
37300.0	0.000558041
37310.0	0.000578569
37320.0	0.000600136
37330.0	0.000623272
37340.0	0.000647927
37350.0	0.000674127
37360.0	0.000702133
37370.0	0.000731579
37380.0	0.000762092
37390.0	0.000793623
37400.0	0.000826281
37410.0	0.000860366
37420.0	0.00089604
37430.0	0.000933442
37440.0	0.000972969
37450.0	0.00101415
37460.0	0.00105713
37470.0	0.00110211
37480.0	0.00115002
37490.0	0.00120003
37500.0	0.00125204
37510.0	0.00130616
37520.0	0.00136234
37530.0	0.00141964
37540.0	0.00147832
37550.0	0.00153889
37560.0	0.00160221
37570.0	0.00166745
37580.0	0.00173453
37590.0	0.00180365
37600.0	0.00187496
37610.0	0.00194864
37620.0	0.00202506
37630.0	0.00210547
37640.0	0.0021894
37650.0	0.00227622
37660.0	0.00236599
37670.0	0.00246019
37680.0	0.00255839
37690.0	0.00266036
37700.0	0.00276622
37710.0	0.0028776
37720.0	0.00299229
37730.0	0.00311006
37740.0	0.00323104
37750.0	0.00335812
37760.0	0.00348933
37770.0	0.00362464
37780.0	0.00376438
37790.0	0.00390996
37800.0	0.0040597
37810.0	0.0042141
37820.0	0.0043747
37830.0	0.00454399
37840.0	0.00471963
37850.0	0.00490171
37860.0	0.00509163
37870.0	0.00528976
37880.0	0.00549466
37890.0	0.00570671
37900.0	0.00592963
37910.0	0.00616344
37920.0	0.00640624
37930.0	0.00665804
37940.0	0.0069233
37950.0	0.00720034
37960.0	0.00748833
37970.0	0.00778792
37980.0	0.0081069
37990.0	0.00844015
38000.0	0.00878715
38010.0	0.00914855
38020.0	0.00953283
38030.0	0.00993352
38040.0	0.0103515
38050.0	0.0107898
38060.0	0.011257
38070.0	0.0117453
38080.0	0.0122555
38090.0	0.0127928
38100.0	0.013364
38110.0	0.0139623
38120.0	0.0145886
38130.0	0.0152532
38140.0	0.0159597
38150.0	0.016701
38160.0	0.0174779
38170.0	0.0183063
38180.0	0.0191844
38190.0	0.0201064
38200.0	0.0210743
38210.0	0.0221142
38220.0	0.0232141
38230.0	0.0243712
38240.0	0.0255877
38250.0	0.0269016
38260.0	0.0282865
38270.0	0.0297446
38280.0	0.0312841
38290.0	0.0329473
38300.0	0.0347012
38310.0	0.0365498
38320.0	0.0385111
38330.0	0.0406227
38340.0	0.0428506
38350.0	0.0451983
38360.0	0.0477024
38370.0	0.0503878
38380.0	0.0532213
38390.0	0.0562075
38400.0	0.0594065
38410.0	0.0628223
38420.0	0.0664231
38430.0	0.0702165
38440.0	0.074295
38450.0	0.0786246
38460.0	0.0831837
38470.0	0.0879802
38480.0	0.0931487
38490.0	0.098603
38500.0	0.104335
38510.0	0.11036
38520.0	0.116843
38530.0	0.123643
38540.0	0.130769
38550.0	0.13826
38560.0	0.146251
38570.0	0.154601
38580.0	0.163312
38590.0	0.172457
38600.0	0.182111
38610.0	0.192145
38620.0	0.202555
38630.0	0.21344
38640.0	0.224804
38650.0	0.236533
38660.0	0.248626
38670.0	0.261191
38680.0	0.274152
38690.0	0.287432
38700.0	0.301019
38710.0	0.31501
38720.0	0.329271
38730.0	0.343759
38740.0	0.35846
38750.0	0.373411
38760.0	0.388491
38770.0	0.403675
38780.0	0.418938
38790.0	0.434234
38800.0	0.449514
38810.0	0.464748
38820.0	0.479901
38830.0	0.494897
38840.0	0.509751
38850.0	0.524435
38860.0	0.538881
38870.0	0.553033
38880.0	0.566936
38890.0	0.58058
38900.0	0.593869
38910.0	0.606794
38920.0	0.619416
38930.0	0.631729
38940.0	0.643597
38950.0	0.655087
38960.0	0.666248
38970.0	0.67708
38980.0	0.687417
38990.0	0.697401
39000.0	0.707062
39010.0	0.716394
39020.0	0.725235
39030.0	0.73377
39040.0	0.741999
39050.0	0.7499
39060.0	0.757375
39070.0	0.764574
39080.0	0.771499
39090.0	0.778113
39100.0	0.784372
39110.0	0.790383
39120.0	0.796152
39130.0	0.801622
39140.0	0.806791
39150.0	0.811738
39160.0	0.816467
39170.0	0.820917
39180.0	0.82512
39190.0	0.829125
39200.0	0.832938
39210.0	0.836489
39220.0	0.83984
39230.0	0.843018
39240.0	0.846029
39250.0	0.848808
39260.0	0.851431
39270.0	0.853906
39280.0	0.856228
39290.0	0.858352
39300.0	0.860348
39310.0	0.862217
39320.0	0.863947
39330.0	0.86552
39340.0	0.866986
39350.0	0.868349
39360.0	0.869588
39370.0	0.870708
39380.0	0.871745
39390.0	0.872701
39400.0	0.873554
39410.0	0.87432
39420.0	0.875023
39430.0	0.875665
39440.0	0.876224
39450.0	0.876721
39460.0	0.87717
39470.0	0.877574
39480.0	0.877915
39490.0	0.878213
39500.0	0.878478
39510.0	0.878713
39520.0	0.878908
39530.0	0.879077
39540.0	0.879224
39550.0	0.879354
39560.0	0.879463
39570.0	0.879557
39580.0	0.87964
39590.0	0.879713
39600.0	0.879778
39610.0	0.879836
39620.0	0.879886
39630.0	0.879931
39640.0	0.879977
39650.0	0.880022
39660.0	0.880064
39670.0	0.880103
39680.0	0.880147
39690.0	0.880194
39700.0	0.880243
39710.0	0.880295
39720.0	0.880354
39730.0	0.880419
39740.0	0.880489
39750.0	0.880563
39760.0	0.880644
39770.0	0.880731
39780.0	0.880828
39790.0	0.880925
39800.0	0.881028
39810.0	0.881137
39820.0	0.881252
39830.0	0.88137
39840.0	0.88149
39850.0	0.881614
39860.0	0.881744
39870.0	0.881879
39880.0	0.882014
39890.0	0.88215
39900.0	0.882294
39910.0	0.882441
39920.0	0.882588
39930.0	0.882735
39940.0	0.882885
39950.0	0.883037
39960.0	0.88319
39970.0	0.883342
39980.0	0.883492
39990.0	0.883647
40000.0	0.883801
40010.0	0.883955
40020.0	0.884104
40030.0	0.884257
40039.99999999999	0.88441
40050.0	0.884563
40060.0	0.884714
40070.0	0.884867
40080.0	0.88502
40090.0	0.885176
40100.0	0.885325
40110.0	0.885473
40119.99999999999	0.885619
40130.0	0.885768
40140.0	0.885911
40150.0	0.886053
40160.0	0.886193
40170.0	0.886333
40180.0	0.886471
40190.0	0.886606
40199.99999999999	0.886737
40210.0	0.886869
40220.0	0.887004
40230.0	0.887137
40240.0	0.887265
40250.0	0.887395
40260.0	0.887524
40270.0	0.887651
40279.99999999999	0.887775
40290.0	0.887894
40300.0	0.888013
40310.0	0.888132
40320.0	0.888248
40330.0	0.888357
40340.0	0.888466
40350.0	0.888575
40359.99999999999	0.888681
40370.0	0.888781
40380.0	0.888879
40390.0	0.888976
40400.0	0.889074
40410.00000000001	0.889168
40420.0	0.889258
40430.0	0.889346
40439.99999999999	0.889435
40450.0	0.88952
40460.0	0.889602
40470.0	0.88968
40480.0	0.889755
40490.00000000001	0.889831
40500.0	0.889902
40510.0	0.889966
40519.99999999999	0.890026
40530.0	0.890084
40540.0	0.89014
40550.0	0.890192
40560.0	0.890238
40570.00000000001	0.890282
40580.0	0.890326
40590.0	0.890368
40599.99999999999	0.890403
40610.0	0.890437
40620.0	0.890471
40630.0	0.890503
40640.0	0.89053
40650.00000000001	0.890552
40660.0	0.890571
40670.0	0.890589
40679.99999999999	0.890605
40690.0	0.890615
40700.0	0.89062
40710.0	0.890623
40720.0	0.890624
40730.00000000001	0.890621
40740.0	0.890616
40750.0	0.890609
40759.99999999999	0.890605
40770.0	0.890601
40780.0	0.890593
40790.0	0.890582
40800.0	0.890574
40810.00000000001	0.890568
40820.0	0.890563
40830.0	0.890554
40839.99999999999	0.890544
40850.0	0.890534
40860.0	0.890525
40870.0	0.890512
40880.0	0.8905
40890.00000000001	0.890488
40900.0	0.89048
40910.0	0.890474
40920.0	0.890467
40930.0	0.890461
40940.0	0.890459
40950.0	0.890464
40960.0	0.89047
40970.00000000001	0.890476
40980.0	0.890483
40990.0	0.890494
41000.0	0.890506
41010.0	0.890519
41020.0	0.890529
41030.0	0.890542
41040.0	0.890557
41050.00000000001	0.890574
41060.0	0.890591
41070.0	0.89061
41080.0	0.890633
41090.0	0.890661
41100.0	0.890692
41110.0	0.890722
41120.0	0.890754
41130.00000000001	0.890791
41140.0	0.890831
41150.0	0.890871
41160.0	0.890911
41170.0	0.890949
41180.0	0.890989
41190.0	0.891026
41200.0	0.89106
41210.00000000001	0.891091
41220.0	0.891124
41230.0	0.891156
41240.0	0.891188
41250.0	0.891215
41260.0	0.89124
41270.0	0.891267
41280.0	0.891297
41289.99999999999	0.891324
41300.0	0.891352
41310.0	0.891378
41320.0	0.891406
41330.0	0.891433
41340.0	0.891457
41350.0	0.891476
41360.0	0.891493
41369.99999999999	0.891506
41380.0	0.891515
41390.0	0.891518
41400.0	0.891511
41410.0	0.891501
41420.0	0.891488
41430.0	0.891473
41440.0	0.891452
41449.99999999999	0.891429
41460.0	0.891406
41470.0	0.891383
41480.0	0.891358
41490.0	0.891329
41500.0	0.891298
41510.0	0.891267
41520.0	0.891232
41529.99999999999	0.891191
41540.0	0.891144
41550.0	0.891091
41560.0	0.891035
41570.0	0.890973
41580.0	0.890906
41590.0	0.890834
41600.0	0.890759
41609.99999999999	0.890685
41620.0	0.890611
41630.0	0.890534
41640.0	0.890456
41650.0	0.890379
41660.00000000001	0.890304
41670.0	0.890228
41680.0	0.890148
41689.99999999999	0.890066
41700.0	0.889983
41710.0	0.889899
41720.0	0.889811
41730.0	0.889719
41740.00000000001	0.889624
41750.0	0.889528
41760.0	0.889431
41769.99999999999	0.889332
41780.0	0.889229
41790.0	0.889129
41800.0	0.88903
41810.0	0.888934
41820.00000000001	0.88884
41830.0	0.888746
41840.0	0.888655
41849.99999999999	0.888567
41860.0	0.888483
41870.0	0.8884
41880.0	0.888317
41890.0	0.888236
41900.00000000001	0.888158
41910.0	0.888081
41920.0	0.888002
41929.99999999999	0.887921
41940.0	0.887843
41950.0	0.887769
41960.0	0.887696
41970.0	0.887623
41980.00000000001	0.887553
41990.0	0.887487
42000.0	0.887426
42009.99999999999	0.887368
42020.0	0.887315
42030.0	0.887266
42040.0	0.887222
42050.0	0.887184
42060.00000000001	0.887148
42070.0	0.887113
42080.0	0.88708
42089.99999999999	0.88705
42100.0	0.887025
42110.0	0.887
42120.0	0.886975
42130.0	0.886951
42140.00000000001	0.886932
42150.0	0.886916
42160.0	0.886902
42170.0	0.88689
42180.0	0.886883
42190.0	0.886881
42200.0	0.886883
42210.0	0.88689
42220.00000000001	0.886899
42230.0	0.886909
42240.0	0.886921
42250.0	0.886935
42260.0	0.886947
42270.0	0.886956
42280.0	0.886963
42290.0	0.886968
42300.00000000001	0.886969
42310.0	0.886964
42320.0	0.886953
42330.0	0.886937
42340.0	0.886922
42350.0	0.886908
42360.0	0.886895
42370.0	0.886884
42380.00000000001	0.886878
42390.0	0.886877
42400.0	0.886885
42410.0	0.8869
42420.0	0.88692
42430.0	0.886946
42440.0	0.886979
42450.0	0.887015
42460.00000000001	0.88705
42470.0	0.887085
42480.0	0.887118
42490.0	0.887151
42500.0	0.887182
42510.0	0.88721
42520.0	0.887234
42530.0	0.887261
42539.99999999999	0.887289
42550.0	0.887321
42560.0	0.887355
42570.0	0.887391
42580.0	0.88743
42590.0	0.887474
42600.0	0.887521
42610.0	0.88757
42619.99999999999	0.887618
42630.0	0.887666
42640.0	0.887713
42650.0	0.887759
42660.0	0.887803
42670.0	0.887841
42680.0	0.887876
42690.0	0.88791
42699.99999999999	0.887942
42710.0	0.887971
42720.0	0.887997
42730.0	0.888022
42740.0	0.888048
42750.0	0.888076
42760.0	0.888105
42770.0	0.888134
42779.99999999999	0.888164
42790.0	0.888198
42800.0	0.888234
42810.0	0.888269
42820.0	0.888302
42830.0	0.888332
42840.0	0.888359
42850.0	0.888385
42859.99999999999	0.888406
42870.0	0.888421
42880.0	0.888433
42890.0	0.888442
42900.0	0.88845
42910.00000000001	0.888454
42920.0	0.888457
42930.0	0.88846
42939.99999999999	0.888465
42950.0	0.888472
42960.0	0.888482
42970.0	0.888492
42980.0	0.888502
42990.00000000001	0.888513
43000.0	0.888524
43010.0	0.888535
43019.99999999999	0.888543
43030.0	0.888549
43040.0	0.888553
43050.0	0.888556
43060.0	0.888554
43070.00000000001	0.888548
43080.0	0.888539
43090.0	0.888528
43099.99999999999	0.888519
43110.0	0.888509
43120.0	0.8885
43130.0	0.888489
43140.0	0.888478
43150.00000000001	0.888467
43160.0	0.888458
43170.0	0.888449
43179.99999999999	0.88844
43190.0	0.88843
43200.0	0.88842
43210.0	0.888407
43220.0	0.888389
43230.00000000001	0.888368
43240.0	0.888344
43250.0	0.888316
43259.99999999999	0.888285
43270.0	0.888252
43280.0	0.888214
43290.0	0.888171
43300.0	0.888126
43310.00000000001	0.888079
43320.0	0.888033
43330.0	0.887985
43339.99999999999	0.887936
43350.0	0.887886
43360.0	0.887836
43370.0	0.887783
43380.0	0.887727
43390.00000000001	0.887669
43400.0	0.887608
43410.0	0.887544
43420.0	0.887477
43430.0	0.887404
43440.0	0.887326
43450.0	0.887241
43460.0	0.887152
43470.00000000001	0.887061
43480.0	0.886964
43490.0	0.886862
43500.0	0.886757
43510.0	0.886648
43520.0	0.886536
43530.0	0.886421
43540.0	0.886304
43550.00000000001	0.886183
43560.0	0.886058
43570.0	0.885929
43580.0	0.885797
43590.0	0.88566
43600.0	0.885517
43610.0	0.885368
43620.0	0.885214
43630.00000000001	0.885052
43640.0	0.88488
43650.0	0.884703
43660.0	0.884519
43670.0	0.884329
43680.0	0.884133
43690.0	0.883933
43700.0	0.883728
43710.00000000001	0.883519
43720.0	0.883307
43730.0	0.883094
43740.0	0.882881
43750.0	0.882666
43760.0	0.88245
43770.0	0.882232
43780.0	0.882015
43789.99999999999	0.881793
43800.0	0.88157
43810.0	0.881345
43820.0	0.881115
43830.0	0.880883
43840.0	0.88065
43850.0	0.880415
43860.0	0.880181
43869.99999999999	0.879946
43880.0	0.879711
43890.0	0.879479
43900.0	0.879248
43910.0	0.879023
43920.0	0.878802
43930.0	0.878585
43940.0	0.878373
43949.99999999999	0.878166
43960.0	0.877962
43970.0	0.877762
43980.0	0.877568
43990.0	0.87738
44000.0	0.877196
44010.0	0.877016
44020.0	0.876841
44029.99999999999	0.876671
44040.0	0.876505
44050.0	0.876344
44060.0	0.876193
44070.0	0.876046
44080.0	0.875905
44090.0	0.875772
44100.0	0.875646
44109.99999999999	0.875527
44120.0	0.875416
44130.0	0.875315
44140.0	0.875224
44150.0	0.875142
44160.00000000001	0.875067
44170.0	0.875002
44180.0	0.874945
44189.99999999999	0.874894
44200.0	0.874849
44210.0	0.874811
44220.0	0.874778
44230.0	0.874749
44240.00000000001	0.874724
44250.0	0.874702
44260.0	0.874685
44269.99999999999	0.874672
44280.0	0.874661
44290.0	0.874659
44300.0	0.874661
44310.0	0.874668
44320.00000000001	0.87468
44330.0	0.874698
44340.0	0.874721
44349.99999999999	0.87475
44360.0	0.874784
44370.0	0.874822
44380.0	0.874863
44390.0	0.874906
44400.00000000001	0.874951
44410.0	0.874998
44420.0	0.875046
44429.99999999999	0.875094
44440.0	0.875143
44450.0	0.875192
44460.0	0.875242
44470.0	0.875292
44480.00000000001	0.87534
44490.0	0.875389
44500.0	0.875438
44509.99999999999	0.875486
44520.0	0.875537
44530.0	0.875587
44540.0	0.875638
44550.0	0.875689
44560.00000000001	0.875741
44570.0	0.875793
44580.0	0.875845
44589.99999999999	0.875896
44600.0	0.875945
44610.0	0.875993
44620.0	0.87604
44630.0	0.876084
44640.00000000001	0.876127
44650.0	0.876166
44660.0	0.876202
44670.0	0.876236
44680.0	0.876265
44690.0	0.876293
44700.0	0.876319
44710.0	0.87634
44720.00000000001	0.87636
44730.0	0.876379
44740.0	0.876396
44750.0	0.87641
44760.0	0.87642
44770.0	0.876429
44780.0	0.876435
44790.0	0.876441
44800.00000000001	0.876443
44810.0	0.876443
44820.0	0.87644
44830.0	0.876431
44840.0	0.876419
44850.0	0.876404
44860.0	0.876384
44870.0	0.87636
44880.00000000001	0.876332
44890.0	0.876302
44900.0	0.876268
44910.0	0.876233
44920.0	0.876194
44930.0	0.876152
44940.0	0.876108
44950.0	0.876061
44960.00000000001	0.876013
44970.0	0.875964
44980.0	0.87591
44990.0	0.875853
45000.0	0.875792
45010.0	0.875728
45020.0	0.875661
45030.0	0.87559
45039.99999999999	0.875515
45050.0	0.875437
45060.0	0.875355
45070.0	0.875269
45080.0	0.87518
45090.0	0.875088
45100.0	0.874987
45110.0	0.874884
45119.99999999999	0.874779
45130.0	0.87467
45140.0	0.874557
45150.0	0.874441
45160.0	0.874321
45170.0	0.874197
45180.0	0.87407
45190.0	0.873942
45199.99999999999	0.87381
45210.0	0.873674
45220.0	0.873534
45230.0	0.873392
45240.0	0.873248
45250.0	0.873099
45260.0	0.872945
45270.0	0.872788
45279.99999999999	0.872627
45290.0	0.872464
45300.0	0.872298
45310.0	0.87213
45320.0	0.871958
45330.0	0.871783
45340.0	0.871605
45350.0	0.871427
45359.99999999999	0.871252
45370.0	0.871073
45380.0	0.870894
45390.0	0.870715
45400.0	0.870534
45410.00000000001	0.870355
45420.0	0.870176
45430.0	0.869996
45439.99999999999	0.869813
45450.0	0.869629
45460.0	0.869444
45470.0	0.869256
45480.0	0.869069
45490.00000000001	0.868878
45500.0	0.868685
45510.0	0.868491
45519.99999999999	0.868297
45530.0	0.868104
45540.0	0.867911
45550.0	0.867719
45560.0	0.867528
45570.00000000001	0.867341
45580.0	0.867157
45590.0	0.866974
45599.99999999999	0.866796
45610.0	0.866617
45620.0	0.86644
45630.0	0.866267
45640.0	0.8661
45650.00000000001	0.865935
45660.0	0.865772
45670.0	0.86561
45679.99999999999	0.86545
45690.0	0.865293
45700.0	0.86514
45710.0	0.864988
45720.0	0.864839
45730.00000000001	0.864689
45740.0	0.864539
45750.0	0.864392
45759.99999999999	0.864248
45770.0	0.864106
45780.0	0.863965
45790.0	0.863827
45800.0	0.863691
45810.00000000001	0.863558
45820.0	0.863432
45830.0	0.863309
45839.99999999999	0.863189
45850.0	0.863071
45860.0	0.862956
45870.0	0.862846
45880.0	0.862739
45890.00000000001	0.862633
45900.0	0.862526
45910.0	0.86242
45920.0	0.862314
45930.0	0.86221
45940.0	0.86211
45950.0	0.86201
45960.0	0.86191
45970.00000000001	0.861811
45980.0	0.861716
45990.0	0.861624
46000.0	0.861534
46010.0	0.861448
46020.0	0.86136
46030.0	0.861275
46040.0	0.861193
46050.00000000001	0.861112
46060.0	0.861034
46070.0	0.860955
46080.0	0.860875
46090.0	0.860791
46100.0	0.860711
46110.0	0.86063
46120.0	0.860549
46130.00000000001	0.860469
46140.0	0.860385
46150.0	0.860301
46160.0	0.860218
46170.0	0.860137
46180.0	0.860056
46190.0	0.859973
46200.0	0.85989
46210.00000000001	0.859804
46220.0	0.85972
46230.0	0.859637
46240.0	0.859554
46250.0	0.859468
46260.0	0.85938
46270.0	0.85929
46280.0	0.8592
46289.99999999999	0.859114
46300.0	0.859025
46310.0	0.858935
46320.0	0.858845
46330.0	0.858752
46340.0	0.85866
46350.0	0.858569
46360.0	0.858477
46369.99999999999	0.85838
46380.0	0.858282
46390.0	0.858183
46400.0	0.858082
46410.0	0.857983
46420.0	0.857882
46430.0	0.85778
46440.0	0.857674
46449.99999999999	0.857568
46460.0	0.857464
46470.0	0.85736
46480.0	0.85726
46490.0	0.857157
46500.0	0.857055
46510.0	0.856953
46520.0	0.856853
46529.99999999999	0.856755
46540.0	0.856658
46550.0	0.85656
46560.0	0.85646
46570.0	0.856361
46580.0	0.856264
46590.0	0.856169
46600.0	0.856075
46609.99999999999	0.855981
46620.0	0.855885
46630.0	0.85579
46640.0	0.855699
46650.0	0.85561
46660.00000000001	0.855523
46670.0	0.855439
46680.0	0.855355
46689.99999999999	0.855274
46700.0	0.855198
46710.0	0.855127
46720.0	0.855059
46730.0	0.854992
46740.00000000001	0.854926
46750.0	0.854862
46760.0	0.854804
46769.99999999999	0.85475
46780.0	0.854699
46790.0	0.854649
46800.0	0.854602
46810.0	0.854559
46820.00000000001	0.854519
46830.0	0.854489
46840.0	0.854464
46849.99999999999	0.854442
46860.0	0.854423
46870.0	0.854409
46880.0	0.8544
46890.0	0.854396
46900.00000000001	0.854399
46910.0	0.854403
46920.0	0.854408
46929.99999999999	0.854415
46940.0	0.854427
46950.0	0.854446
46960.0	0.85447
46970.0	0.854497
46980.00000000001	0.854526
46990.0	0.85456
47000.0	0.854598
47009.99999999999	0.854641
47020.0	0.854692
47030.0	0.854746
47040.0	0.854801
47050.0	0.854856
47060.00000000001	0.854918
47070.0	0.854984
47080.0	0.855054
47089.99999999999	0.855128
47100.0	0.855204
47110.0	0.855281
47120.0	0.855362
47130.0	0.855448
47140.00000000001	0.855541
47150.0	0.855638
47160.0	0.855736
47170.0	0.855836
47180.0	0.855938
47190.0	0.856045
47200.0	0.856155
47210.0	0.856266
47220.00000000001	0.856378
47230.0	0.856488
47240.0	0.856598
47250.0	0.85671
47260.0	0.856824
47270.0	0.856938
47280.0	0.857048
47290.0	0.857157
47300.00000000001	0.857263
47310.0	0.85737
47320.0	0.85748
47330.0	0.857592
47340.0	0.857702
47350.0	0.857811
47360.0	0.857919
47370.0	0.858027
47380.00000000001	0.858138
47390.0	0.858251
47400.0	0.858363
47410.0	0.858471
47420.0	0.858577
47430.0	0.858682
47440.0	0.858785
47450.0	0.858888
47460.00000000001	0.858989
47470.0	0.859085
47480.0	0.859175
47490.0	0.859263
47500.0	0.85935
47510.0	0.859436
47520.0	0.859522
47530.0	0.859602
47539.99999999999	0.859679
47550.0	0.859753
47560.0	0.859826
47570.0	0.859899
47580.0	0.859971
47590.0	0.860041
47600.0	0.860104
47610.0	0.860165
47619.99999999999	0.860224
47630.0	0.860283
47640.0	0.860341
47650.0	0.860396
47660.0	0.860448
47670.0	0.860494
47680.0	0.860538
47690.0	0.860583
47699.99999999999	0.860628
47710.0	0.860671
47720.0	0.86071
47730.0	0.860745
47740.0	0.860777
47750.0	0.860807
47760.0	0.860839
47770.0	0.860869
47779.99999999999	0.860898
47790.0	0.860922
47800.0	0.860944
47810.0	0.860966
47820.0	0.860991
47830.0	0.861018
47840.0	0.861046
47850.0	0.861073
47859.99999999999	0.8611
47870.0	0.861127
47880.0	0.861156
47890.0	0.861187
47900.0	0.861219
47910.00000000001	0.861247
47920.0	0.861272
47930.0	0.861297
47939.99999999999	0.861321
47950.0	0.861347
47960.0	0.861374
47970.0	0.8614
47980.0	0.861423
47990.00000000001	0.861445
48000.0	0.861468
48010.0	0.861494
48019.99999999999	0.861524
48030.0	0.861554
48040.0	0.861584
48050.0	0.861612
48060.0	0.861642
48070.00000000001	0.861676
48080.0	0.861713
48090.0	0.861752
48099.99999999999	0.861792
48110.0	0.861829
48120.0	0.861866
48130.0	0.861904
48140.0	0.861944
48150.00000000001	0.861984
48160.0	0.862023
48170.0	0.862057
48179.99999999999	0.862084
48190.0	0.862109
48200.0	0.862134
48210.0	0.862158
48220.0	0.862178
48230.00000000001	0.862195
48240.0	0.862206
48250.0	0.862212
48259.99999999999	0.862218
48270.0	0.862223
48280.0	0.862228
48290.0	0.862228
48300.0	0.862223
48310.00000000001	0.862213
48320.0	0.862199
48330.0	0.862185
48339.99999999999	0.86217
48350.0	0.862152
48360.0	0.862126
48370.0	0.86209
48380.0	0.862046
48390.00000000001	0.861996
48400.0	0.861941
48410.0	0.861879
48420.0	0.861808
48430.0	0.861726
48440.0	0.861632
48450.0	0.861526
48460.0	0.861413
48470.00000000001	0.861294
48480.0	0.861166
48490.0	0.861023
48500.0	0.860869
48510.0	0.860706
48520.0	0.86053
48530.0	0.860347
48540.0	0.860157
48550.00000000001	0.859959
48560.0	0.859742
48570.0	0.859514
48580.0	0.859276
48590.0	0.859029
48600.0	0.858772
48610.0	0.858506
48620.0	0.858229
48630.00000000001	0.857938
48640.0	0.857631
48650.0	0.857313
48660.0	0.856987
48670.0	0.856651
48680.0	0.856301
48690.0	0.855938
48700.0	0.855562
48710.00000000001	0.855174
48720.0	0.854777
48730.0	0.854373
48740.0	0.853963
48750.0	0.853541
48760.0	0.853107
48770.0	0.852664
48780.0	0.852215
48789.99999999999	0.85176
48800.0	0.851302
48810.0	0.85084
48820.0	0.850373
48830.0	0.849896
48840.0	0.849415
48850.0	0.84893
48860.0	0.848445
48869.99999999999	0.847958
48880.0	0.847466
48890.0	0.846971
48900.0	0.84647
48910.0	0.845966
48920.0	0.845463
48930.0	0.844962
48940.0	0.844462
48949.99999999999	0.84396
48960.0	0.843456
48970.0	0.842952
48980.0	0.842451
48990.0	0.841957
49000.0	0.841467
49010.0	0.840982
49020.0	0.840499
49029.99999999999	0.840019
49040.0	0.839543
49050.0	0.839073
49060.0	0.838614
49070.0	0.838162
49080.0	0.837715
49090.0	0.837271
49100.0	0.836831
49109.99999999999	0.836397
49120.0	0.835968
49130.0	0.835548
49140.0	0.835133
49150.0	0.83472
49160.00000000001	0.834308
49170.0	0.833897
49180.0	0.833489
49189.99999999999	0.833087
49200.0	0.832689
49210.0	0.832293
49220.0	0.831896
49230.0	0.831496
49240.00000000001	0.831094
49250.0	0.830689
49260.0	0.830284
49269.99999999999	0.829876
49280.0	0.829462
49290.0	0.829036
49300.0	0.828598
49310.0	0.828149
49320.00000000001	0.827692
49330.0	0.82722
49340.0	0.826733
49349.99999999999	0.826229
49360.0	0.825706
49370.0	0.82515
49380.0	0.824571
49390.0	0.823971
49400.00000000001	0.823342
49410.0	0.822673
49420.0	0.82197
49429.99999999999	0.821231
49440.0	0.820442
49450.0	0.819606
49460.0	0.818729
49470.0	0.817808
49480.00000000001	0.816828
49490.0	0.815785
49500.0	0.814687
49509.99999999999	0.813533
49520.0	0.812304
49530.0	0.811004
49540.0	0.809643
49550.0	0.808223
49560.00000000001	0.806689
49570.0	0.805081
49580.0	0.803397
49589.99999999999	0.801636
49600.0	0.799755
49610.0	0.797794
49620.0	0.795746
49630.0	0.793593
49640.00000000001	0.791314
49650.0	0.788936
49660.0	0.78646
49670.0	0.783877
49680.0	0.781155
49690.0	0.778326
49700.0	0.775392
49710.0	0.772321
49720.00000000001	0.769108
49730.0	0.76579
49740.0	0.76237
49750.0	0.758786
49760.0	0.755074
49770.0	0.751243
49780.0	0.747294
49790.0	0.743182
49800.00000000001	0.738944
49810.0	0.734589
49820.0	0.730113
49830.0	0.725467
49840.0	0.720686
49850.0	0.715786
49860.0	0.71077
49870.0	0.705569
49880.00000000001	0.700258
49890.0	0.694835
49900.0	0.689272
49910.0	0.683544
49920.0	0.677712
49930.0	0.67177
49940.0	0.665683
49950.0	0.659476
49960.00000000001	0.653158
49970.0	0.646725
49980.0	0.640171
49990.0	0.633485
50000.0	0.626702
50010.0	0.619828
50020.0	0.612821
50030.0	0.6057
50039.99999999999	0.598488
50050.0	0.5912
50060.0	0.583756
50070.0	0.576243
50080.0	0.568653
50090.0	0.560971
50100.0	0.553182
50110.0	0.545318
50119.99999999999	0.53738
50130.0	0.529367
50140.0	0.52127
50150.0	0.513105
50160.0	0.504883
50170.0	0.496609
50180.0	0.488246
50190.0	0.479845
50199.99999999999	0.471409
50210.0	0.462915
50220.0	0.454385
50230.0	0.445827
50240.0	0.437237
50250.0	0.428618
50260.0	0.419988
50270.0	0.411342
50279.99999999999	0.402677
50290.0	0.394025
50300.0	0.385362
50310.0	0.37671
50320.0	0.368076
50330.0	0.359449
50340.0	0.350852
50350.0	0.342282
50359.99999999999	0.333739
50370.0	0.325252
50380.0	0.316818
50390.0	0.308431
50400.0	0.300098
50410.00000000001	0.291859
50420.0	0.283685
50430.0	0.275577
50439.99999999999	0.267579
50450.0	0.259682
50460.0	0.25188
50470.0	0.244178
50480.0	0.236594
50490.00000000001	0.229142
50500.0	0.221796
50510.0	0.214564
50519.99999999999	0.207486
50530.0	0.20055
50540.0	0.193734
50550.0	0.187036
50560.0	0.180531
50570.00000000001	0.17416
50580.0	0.167919
50590.0	0.16182
50599.99999999999	0.155918
50610.0	0.150151
50620.0	0.144521
50630.0	0.139037
50640.0	0.133752
50650.00000000001	0.128604
50660.0	0.12359
50670.0	0.118732
50679.99999999999	0.11406
50690.0	0.109518
50700.0	0.105103
50710.0	0.100857
50720.0	0.0967726
50730.00000000001	0.0928134
50740.0	0.0889775
50750.0	0.0853034
50759.99999999999	0.0817708
50770.0	0.0783545
50780.0	0.0750502
50790.0	0.0719041
50800.0	0.0688759
50810.00000000001	0.0659511
50820.0	0.0631274
50830.0	0.0604504
50839.99999999999	0.0578712
50850.0	0.0553842
50860.0	0.0529925
50870.0	0.0507272
50880.0	0.0485454
50890.00000000001	0.0464435
50900.0	0.0444305
50910.0	0.0425227
50920.0	0.0406872
50930.0	0.0389218
50940.0	0.0372375
50950.0	0.0356379
50960.0	0.0340986
50970.00000000001	0.0326194
50980.0	0.0312144
50990.0	0.0298756
51000.0	0.0285884
51010.0	0.0273516
51020.0	0.0261815
51030.0	0.0250636
51040.0	0.0239895
51050.00000000001	0.0229583
51060.0	0.0219863
51070.0	0.021055
51080.0	0.0201606
51090.0	0.019302
51100.0	0.0184956
51110.0	0.0177208
51120.0	0.0169764
51130.00000000001	0.0162639
51140.0	0.0155915
51150.0	0.0149445
51160.0	0.0143219
51170.0	0.0137277
51180.0	0.0131644
51190.0	0.0126223
51200.0	0.0121009
51210.00000000001	0.0116044
51220.0	0.0111319
51230.0	0.0106776
51240.0	0.0102409
51250.0	0.00982719
51260.0	0.0094329
51270.0	0.00905396
51280.0	0.00868982
51289.99999999999	0.0083452
51300.0	0.0080153
51310.0	0.00769777
51320.0	0.00739216
51330.0	0.0071037
51340.0	0.00682651
51350.0	0.00655962
51360.0	0.00630332
51369.99999999999	0.00606149
51380.0	0.00582904
51390.0	0.00560572
51400.0	0.00539238
51410.0	0.00519098
51420.0	0.00499716
51430.0	0.00481077
51440.0	0.00463264
51449.99999999999	0.00446238
51460.0	0.00429758
51470.0	0.00413807
51480.0	0.00398517
51490.0	0.00383785
51500.0	0.00369534
51510.0	0.00355758
51520.0	0.00342603
51529.99999999999	0.00330002
51540.0	0.00317863
51550.0	0.00306175
51560.0	0.00295149
51570.0	0.00284584
51580.0	0.00274421
51590.0	0.00264642
51600.0	0.0025543
51609.99999999999	0.00246516
51620.0	0.00237894
51630.0	0.00229591
51640.0	0.00221665
51650.0	0.00213999
51660.00000000001	0.00206598
51670.0	0.00199515
51680.0	0.00192782
51689.99999999999	0.00186302
51700.0	0.00180055
51710.0	0.00174064
51720.0	0.00168311
51730.0	0.00162741
51740.00000000001	0.00157349
51750.0	0.00152181
51760.0	0.00147209
51769.99999999999	0.00142381
51780.0	0.00137687
51790.0	0.00133158
51800.0	0.00128758
51810.0	0.00124493
51820.00000000001	0.00120381
51830.0	0.00116497
51840.0	0.00112752
51849.99999999999	0.00109134
51860.0	0.00105641
51870.0	0.00102259
51880.0	0.000989507
51890.0	0.000957291
51900.00000000001	0.000926156
51910.0	0.000896205
51920.0	0.000866901
51929.99999999999	0.000838175
51940.0	0.000810045
51950.0	0.000782383
51960.0	0.000755383
51970.0	0.0007292
51980.00000000001	0.000704434
51990.0	0.00068106
52000.0	0.000658753
52009.99999999999	0.000637431
52020.0	0.000617103
52030.0	0.000597459
52040.0	0.000578389
52050.0	0.000559893
52060.00000000001	0.000542301
52070.0	0.000525017
52080.0	0.000507897
52089.99999999999	0.000490864
52100.0	0.000473842
52110.0	0.000456792
52120.0	0.000440046
52130.0	0.000424043
52140.00000000001	0.000409219
52150.0	0.000395301
52160.0	0.000382269
52170.0	0.000370231
52180.0	0.000359017
52190.0	0.000348372
52200.0	0.000338271
52210.0	0.000328787
52220.00000000001	0.000319896
52230.0	0.000311141
52240.0	0.000302416
52250.0	0.000293705
52260.0	0.000284967
52270.0	0.000276219
52280.0	0.000267507
52290.0	0.000259122
52300.00000000001	0.000250888
52310.0	0.000242702
52320.0	0.000234508
52330.0	0.000226327
52340.0	0.000218193
52350.0	0.000210147
52360.0	0.000202224
52370.0	0.000194538
52380.00000000001	0.000187015
52390.0	0.00017965
52400.0	0.000172451
52410.0	0.000165696
52420.0	0.000159466
52430.0	0.000153743
52440.0	0.000148528
52450.0	0.000143754
52460.00000000001	0.000139077
52470.0	0.000134385
52480.0	0.000129492
52490.0	0.000124643
52500.0	0.000119951
52510.0	0.000115466
52520.0	0.000111278
52530.0	0.000107376
52539.99999999999	0.000103723
52550.0	0.00010033
52560.0	9.73572e-05
52570.0	9.48733e-05
52580.0	9.28996e-05
52590.0	9.14843e-05
52600.0	9.03924e-05
52610.0	8.92874e-05
52619.99999999999	8.80708e-05
52630.0	8.66157e-05
52640.0	8.46063e-05
52650.0	8.24354e-05
52660.0	8.01526e-05
52670.0	7.77999e-05
52680.0	7.53414e-05
52690.0	7.2803e-05
52699.99999999999	7.01944e-05
52710.0	6.75281e-05
52720.0	6.48445e-05
52730.0	6.23812e-05
52740.0	6.02277e-05
52750.0	5.85708e-05
52760.0	5.71992e-05
52770.0	5.60278e-05
52779.99999999999	5.50298e-05
52790.0	5.41783e-05
52800.0	5.34219e-05
52810.0	5.28349e-05
52820.0	5.24756e-05
52830.0	5.24923e-05
52840.0	5.24932e-05
52850.0	5.24398e-05
52859.99999999999	5.22928e-05
52870.0	5.1859e-05
52880.0	5.12128e-05
52890.0	5.04134e-05
52900.0	4.95317e-05
52910.00000000001	4.86009e-05
52920.0	4.75079e-05
52930.0	4.62295e-05
52939.99999999999	4.47161e-05
52950.0	4.31037e-05
52960.0	4.14442e-05
52970.0	3.98273e-05
52980.0	3.85572e-05
52990.00000000001	3.77531e-05
53000.0	3.73244e-05
53010.0	3.72775e-05
53019.99999999999	3.77703e-05
53030.0	3.86081e-05
53040.0	3.97116e-05
53050.0	4.10214e-05
53060.0	4.20403e-05
53070.00000000001	4.27763e-05
53080.0	4.29756e-05
53090.0	4.24182e-05
53099.99999999999	4.07862e-05
53110.0	3.87499e-05
53120.0	3.63505e-05
53130.0	3.36028e-05
53140.0	3.09377e-05
53150.00000000001	2.85577e-05
53160.0	2.65448e-05
53170.0	2.50705e-05
53179.99999999999	2.41199e-05
53190.0	2.3563e-05
53200.0	2.33374e-05
53210.0	2.33416e-05
53220.0	2.31308e-05
53230.00000000001	2.27303e-05
53240.0	2.21278e-05
53250.0	2.1239e-05
53259.99999999999	1.992e-05
53270.0	1.84685e-05
53280.0	1.7018e-05
53290.0	1.58607e-05
53300.0	1.52122e-05
53310.00000000001	1.50482e-05
53320.0	1.53934e-05
53330.0	1.6474e-05
53339.99999999999	1.79794e-05
53350.0	1.97617e-05
53360.0	2.17106e-05
53370.0	2.36635e-05
53380.0	2.53336e-05
53390.00000000001	2.66011e-05
53400.0	2.7262e-05
53410.0	2.71456e-05
53420.0	2.65408e-05
53430.0	2.55233e-05
53440.0	2.41667e-05
53450.0	2.26399e-05
53460.0	2.1056e-05
53470.00000000001	1.94664e-05
53480.0	1.79834e-05
53490.0	1.68439e-05
53500.0	1.60693e-05
53510.0	1.56859e-05
53520.0	1.57775e-05
53530.0	1.60924e-05
53540.0	1.64681e-05
53550.00000000001	1.68073e-05
53560.0	1.67515e-05
53570.0	1.64611e-05
53580.0	1.60373e-05
53590.0	1.55412e-05
53600.0	1.50224e-05
53610.0	1.44352e-05
53620.0	1.3763e-05
53630.00000000001	1.29802e-05
53640.0	1.15858e-05
53650.0	1.01602e-05
53660.0	8.79287e-06
53670.0	7.60735e-06
53680.0	6.63294e-06
53690.0	5.67405e-06
53700.0	4.7201e-06
53710.00000000001	3.80246e-06
53720.0	2.93342e-06
53730.0	2.13493e-06
53740.0	1.52595e-06
53750.0	1.63168e-06
53760.0	2.03956e-06
53770.0	2.66229e-06
53780.0	3.47585e-06
53789.99999999999	4.47337e-06
53800.0	5.43983e-06
53810.0	6.27533e-06
53820.0	6.92099e-06
53830.0	7.43112e-06
53840.0	7.96041e-06
53850.0	8.49682e-06
53860.0	9.02992e-06
53869.99999999999	9.41835e-06
53880.0	9.69227e-06
53890.0	9.83019e-06
53900.0	9.79038e-06
53910.0	9.84117e-06
53920.0	1.01344e-05
53930.0	1.0656e-05
53940.0	1.13786e-05
53949.99999999999	1.2e-05
53960.0	1.23037e-05
53970.0	1.21974e-05
53980.0	1.14476e-05
53990.0	1.05266e-05
54000.0	9.57212e-06
54010.0	8.61026e-06
54020.0	7.59112e-06
54029.99999999999	6.37477e-06
54040.0	5.10166e-06
54050.0	3.83972e-06
54060.0	2.7267e-06
54070.0	2.14465e-06
54080.0	1.99597e-06
54090.0	2.24163e-06
54100.0	2.70582e-06
54109.99999999999	3.06191e-06
54120.0	3.31714e-06
54130.0	3.47031e-06
54140.0	3.48298e-06
54150.0	3.3568e-06
54160.00000000001	3.12002e-06
54170.0	2.80831e-06
54180.0	2.25656e-06
54189.99999999999	1.7347e-06
54200.0	1.24575e-06
54210.0	7.26849e-07
54220.0	3.91392e-07
54230.0	1.75645e-07
54240.00000000001	1.00607e-07
54250.0	3.15713e-07
54260.0	6.0167e-07
54269.99999999999	9.4384e-07
54280.0	1.33957e-06
54290.0	1.79237e-06
54300.0	2.29373e-06
54310.0	2.80167e-06
54320.00000000001	3.2937e-06
54330.0	3.76267e-06
54340.0	4.00931e-06
54349.99999999999	4.04933e-06
54360.0	3.88156e-06
54370.0	3.58472e-06
54380.0	3.22822e-06
54390.0	2.82056e-06
54400.00000000001	2.36777e-06
54410.0	1.85412e-06
54420.0	1.3511e-06
54429.99999999999	8.63532e-07
54440.0	3.93448e-07
54450.0	1.85762e-07
54460.0	7.07088e-08
54470.0	1.76328e-08
54480.00000000001	1.13717e-08
54490.0	1.01295e-08
54500.0	1.03004e-08
54509.99999999999	1.33964e-08
54520.0	3.268e-08
54530.0	2.43967e-07
54540.0	5.47098e-07
54550.0	9.10927e-07
54560.00000000001	1.39188e-06
54570.0	1.96944e-06
54580.0	2.64726e-06
54589.99999999999	3.42672e-06
54600.0	4.05988e-06
54610.0	4.59413e-06
54620.0	4.92885e-06
54630.0	4.9455e-06
54640.00000000001	4.78442e-06
54650.0	4.70381e-06
54660.0	4.64384e-06
54670.0	4.49742e-06
54680.0	4.09161e-06
54690.0	3.49303e-06
54700.0	2.78782e-06
54710.0	2.16635e-06
54720.00000000001	1.66234e-06
54730.0	1.40743e-06
54740.0	1.36455e-06
54750.0	1.28391e-06
54760.0	1.33071e-06
54770.0	1.43458e-06
54780.0	1.60429e-06
54790.0	2.05406e-06
54800.00000000001	2.46358e-06
54810.0	2.83965e-06
54820.0	3.18484e-06
54830.0	3.5157e-06
54840.0	3.83911e-06
54850.0	4.14776e-06
54860.0	4.43524e-06
54870.0	4.32321e-06
54880.00000000001	4.16196e-06
54890.0	3.92492e-06
54900.0	3.57184e-06
54910.0	3.41656e-06
54920.0	3.39646e-06
54930.0	3.58403e-06
54940.0	4.15339e-06
54950.0	4.85951e-06
54960.00000000001	5.67862e-06
54970.0	6.59406e-06
54980.0	7.56847e-06
54990.0	0.0
55000.0	0.0
