5000.0	0.0
5010.0	0.0
5020.0	0.0
5030.0	0.0
5040.0	0.0
5050.0	0.0
5060.0	0.0
5070.0	0.0
5080.0	0.0
5090.0	0.0
5100.0	0.0
5110.0	0.0
5120.0	0.0
5130.0	0.0
5140.0	0.0
5150.0	0.0
5160.0	0.0
5170.0	0.0
5180.0	0.0
5190.0	0.0
5200.0	0.0
5210.0	0.0
5220.0	0.0
5230.0	0.0
5240.0	0.0
5250.0	0.0
5260.0	0.0
5270.0	0.0
5280.0	0.0
5290.0	0.0
5300.0	0.0
5310.0	0.0
5320.0	0.0
5330.0	0.0
5340.0	0.0
5350.0	0.0
5360.0	0.0
5370.0	0.0
5380.0	0.0
5390.0	0.0
5400.0	0.0
5410.0	0.0
5420.0	0.0
5430.0	0.0
5440.0	0.0
5450.0	0.0
5460.0	0.0
5470.0	0.0
5480.0	0.0
5490.0	0.0
5500.0	0.0
5510.0	0.0
5520.000000000001	0.0
5530.000000000001	0.0
5540.000000000001	0.0
5550.000000000001	0.0
5560.000000000001	0.0
5570.000000000001	0.0
5580.000000000001	0.0
5590.000000000001	0.0
5600.000000000001	0.0
5610.000000000001	0.0
5620.000000000001	0.0
5629.999999999999	0.0
5639.999999999999	0.0
5649.999999999999	0.0
5659.999999999999	0.0
5669.999999999999	0.0
5679.999999999999	0.0
5689.999999999999	0.0
5699.999999999999	0.0
5709.999999999999	0.0
5719.999999999999	0.0
5729.999999999999	0.0
5740.0	0.0
5750.0	0.0
5760.0	0.0
5770.0	0.0
5780.0	0.0
5790.0	0.0
5800.0	0.0
5810.0	0.0
5820.0	0.0
5830.0	0.0
5840.0	0.0
5850.0	0.0
5860.0	0.0
5870.0	0.0
5880.0	0.0
5890.0	0.0
5900.0	0.0
5910.0	0.0
5920.0	0.0
5930.0	0.0
5940.0	0.0
5950.0	0.0
5960.0	0.0
5970.0	0.0
5980.0	0.0
5990.0	0.0
6000.0	0.0
6010.0	0.0
6020.0	0.0
6030.0	0.0
6040.0	0.0
6050.0	0.0
6060.0	0.0
6070.0	0.0
6080.0	0.0
6090.0	0.0
6100.0	0.0
6110.0	0.0
6120.0	0.0
6130.0	0.0
6140.0	0.0
6150.0	0.0
6160.0	0.0
6170.0	0.0
6180.0	0.0
6190.0	0.0
6200.0	0.0
6210.0	0.0
6220.0	0.0
6230.0	0.0
6240.0	0.0
6250.0	0.0
6260.0	0.0
6270.0	0.0
6280.0	0.0
6290.0	0.0
6300.0	0.0
6310.0	0.0
6320.0	0.0
6330.0	0.0
6340.0	0.0
6350.0	0.0
6360.0	0.0
6370.0	0.0
6380.0	0.0
6390.0	0.0
6400.0	0.0
6410.0	0.0
6420.0	0.0
6430.0	0.0
6440.0	0.0
6450.0	0.0
6460.0	0.0
6470.0	0.0
6480.0	0.0
6490.0	0.0
6500.0	0.0
6510.0	0.0
6520.0	0.0
6530.0	0.0
6540.0	0.0
6550.0	0.0
6560.0	0.0
6570.0	0.0
6580.0	0.0
6590.0	0.0
6600.0	0.0
6610.0	0.0
6620.0	0.0
6630.0	0.0
6640.0	0.0
6650.0	0.0
6660.0	0.0
6670.0	0.0
6680.0	0.0
6690.0	0.0
6700.0	0.0
6710.0	0.0
6720.0	0.0
6730.0	0.0
6740.0	0.0
6750.0	0.0
6760.0	0.0
6770.000000000001	0.0
6780.000000000001	0.0
6790.000000000001	0.0
6800.000000000001	0.0
6810.000000000001	0.0
6820.000000000001	0.0
6830.000000000001	0.0
6840.000000000001	0.0
6850.000000000001	0.0
6860.000000000001	0.0
6870.000000000001	0.0
6879.999999999999	0.0
6889.999999999999	0.0
6899.999999999999	1.09866e-08
6909.999999999999	1.67168e-08
6919.999999999999	1.71528e-08
6929.999999999999	0.0
6939.999999999999	0.0
6949.999999999999	0.0
6959.999999999999	0.0
6969.999999999999	0.0
6979.999999999999	0.0
6990.0	0.0
7000.0	0.0
7010.0	0.0
7020.0	1.17493e-08
7030.0	1.56202e-08
7040.0	1.80774e-08
7050.0	2.22935e-08
7060.0	1.46481e-08
7070.0	0.0
7080.0	0.0
7090.0	0.0
7100.0	0.0
7110.0	0.0
7120.0	0.0
7130.0	0.0
7140.0	0.0
7150.0	0.0
7160.0	0.0
7170.0	0.0
7180.0	0.0
7190.0	0.0
7200.0	0.0
7210.0	0.0
7220.0	0.0
7230.0	0.0
7240.0	0.0
7250.0	0.0
7260.0	0.0
7270.0	0.0
7280.0	0.0
7290.0	0.0
7300.0	0.0
7310.0	0.0
7320.0	0.0
7330.0	0.0
7340.0	0.0
7350.0	0.0
7360.0	0.0
7370.0	0.0
7380.0	0.0
7390.0	0.0
7400.0	0.0
7410.0	0.0
7420.0	0.0
7430.0	0.0
7440.0	0.0
7450.0	0.0
7460.0	0.0
7470.0	0.0
7480.0	0.0
7490.0	0.0
7500.0	0.0
7510.0	0.0
7520.0	0.0
7530.0	0.0
7540.0	0.0
7550.0	0.0
7560.0	0.0
7570.0	0.0
7580.0	0.0
7590.0	0.0
7600.0	0.0
7610.0	0.0
7620.0	0.0
7630.0	0.0
7640.0	0.0
7650.0	0.0
7660.0	0.0
7670.0	0.0
7680.0	0.0
7690.0	0.0
7700.0	0.0
7710.0	0.0
7720.0	0.0
7730.0	0.0
7740.0	0.0
7750.0	0.0
7760.0	0.0
7770.0	0.0
7780.0	0.0
7790.0	0.0
7800.0	0.0
7810.0	0.0
7820.0	0.0
7830.0	0.0
7840.0	0.0
7850.0	0.0
7860.0	0.0
7870.0	0.0
7880.0	0.0
7890.0	0.0
7900.0	0.0
7910.0	0.0
7920.0	0.0
7930.0	0.0
7940.0	0.0
7950.0	0.0
7960.0	0.0
7970.0	0.0
7980.0	0.0
7990.0	0.0
8000.0	0.0
8010.0	0.0
8020.000000000001	0.0
8030.000000000001	0.0
8040.000000000001	0.0
8050.000000000001	0.0
8060.000000000001	0.0
8070.000000000001	0.0
8080.000000000001	0.0
8090.000000000001	0.0
8100.000000000001	0.0
8110.000000000001	0.0
8120.000000000001	0.0
8129.999999999999	0.0
8139.999999999999	0.0
8149.999999999999	0.0
8159.999999999999	0.0
8169.999999999999	0.0
8179.999999999999	0.0
8189.999999999999	0.0
8200.0	0.0
8210.0	0.0
8220.0	0.0
8230.0	0.0
8240.0	0.0
8250.0	0.0
8260.0	0.0
8270.0	0.0
8280.0	0.0
8290.0	0.0
8300.0	0.0
8310.0	0.0
8320.0	0.0
8330.0	0.0
8340.0	0.0
8350.0	0.0
8360.0	0.0
8370.0	0.0
8380.0	0.0
8390.0	0.0
8400.0	0.0
8410.0	0.0
8420.0	0.0
8430.0	0.0
8440.0	0.0
8450.0	0.0
8460.0	0.0
8470.0	0.0
8480.0	0.0
8490.0	0.0
8500.0	0.0
8510.0	0.0
8520.0	0.0
8530.0	0.0
8540.0	0.0
8550.0	1.5682e-08
8560.0	2.26629e-08
8570.0	3.40514e-08
8580.0	5.26887e-08
8590.0	8.23613e-08
8600.0	1.29729e-07
8610.0	1.96914e-07
8620.0	2.79256e-07
8630.0	3.65999e-07
8640.0	4.67088e-07
8650.0	5.6315e-07
8660.0	6.36566e-07
8670.0	6.90373e-07
8680.0	7.33357e-07
8690.0	7.7466e-07
8700.0	8.31829e-07
8710.0	8.96771e-07
8720.0	9.55754e-07
8730.0	1.02172e-06
8740.0	1.09093e-06
8750.0	1.15227e-06
8760.0	1.17146e-06
8770.0	1.13394e-06
8780.0	1.06397e-06
8790.0	9.99804e-07
8800.0	9.72499e-07
8810.0	1.00002e-06
8820.0	1.05193e-06
8830.0	1.10446e-06
8840.0	1.16257e-06
8850.0	1.2478e-06
8860.0	1.37477e-06
8870.0	1.56521e-06
8880.0	1.79628e-06
8890.0	2.03641e-06
8900.0	2.25227e-06
8910.0	2.38734e-06
8920.0	2.42798e-06
8930.0	2.33496e-06
8940.0	2.1575e-06
8950.0	1.91433e-06
8960.0	1.65025e-06
8970.0	1.43182e-06
8980.0	1.26767e-06
8990.0	1.17729e-06
9000.0	1.1695e-06
9010.0	1.21361e-06
9020.0	1.26901e-06
9030.0	1.31263e-06
9040.0	1.3249e-06
9050.0	1.28209e-06
9060.0	1.25381e-06
9070.0	1.25499e-06
9080.0	1.28728e-06
9090.0	1.33663e-06
9100.0	1.38462e-06
9110.0	1.40768e-06
9120.0	1.41658e-06
9130.0	1.44825e-06
9140.0	1.49374e-06
9150.0	1.57336e-06
9160.0	1.64387e-06
9170.0	1.69763e-06
9180.0	1.71456e-06
9190.0	1.71991e-06
9200.0	1.75805e-06
9210.0	1.8107e-06
9220.0	1.85401e-06
9230.0	1.85737e-06
9240.0	1.81781e-06
9250.0	1.72264e-06
9260.0	1.61804e-06
9270.0	1.53381e-06
9280.0	1.45462e-06
9290.0	1.39275e-06
9300.0	1.34745e-06
9310.0	1.29268e-06
9320.0	1.22142e-06
9330.0	1.16693e-06
9340.0	1.11211e-06
9350.0	1.05243e-06
9360.0	1.02983e-06
9370.0	1.02602e-06
9380.0	1.00939e-06
9390.0	1.00183e-06
9400.0	1.00002e-06
9410.0	9.94249e-07
9420.0	1.01338e-06
9430.0	1.05439e-06
9440.0	1.07216e-06
9450.0	1.05021e-06
9460.0	1.01621e-06
9470.0	1.00179e-06
9480.0	1.00961e-06
9490.0	1.03473e-06
9500.0	1.09245e-06
9510.0	1.17908e-06
9520.0	1.3101e-06
9530.0	1.47853e-06
9540.0	1.68155e-06
9550.0	1.83184e-06
9560.0	1.95289e-06
9570.0	2.07836e-06
9580.0	2.16042e-06
9590.0	2.21737e-06
9600.0	2.23038e-06
9610.0	2.21039e-06
9620.0	2.14516e-06
9630.0	2.07628e-06
9640.0	1.98654e-06
9650.0	1.83538e-06
9660.0	1.65802e-06
9670.0	1.47422e-06
9680.0	1.29959e-06
9690.0	1.15127e-06
9700.0	1.02407e-06
9710.0	9.35792e-07
9720.0	9.04144e-07
9730.0	9.43046e-07
9740.0	1.05865e-06
9750.0	1.2445e-06
9760.0	1.49431e-06
9770.0	1.78281e-06
9780.0	2.11124e-06
9790.0	2.44748e-06
9800.0	2.75589e-06
9810.0	3.02838e-06
9820.0	3.24103e-06
9830.0	3.37464e-06
9840.0	3.44279e-06
9850.0	3.47475e-06
9860.0	3.47939e-06
9870.0	3.4633e-06
9880.0	3.41641e-06
9890.0	3.31674e-06
9900.0	3.12678e-06
9910.0	2.86004e-06
9920.0	2.54086e-06
9930.0	2.21162e-06
9940.0	1.91448e-06
9950.0	1.63136e-06
9960.0	1.39799e-06
9970.0	1.32749e-06
9980.0	1.61537e-06
9990.0	2.13088e-06
10000.0	2.7418e-06
10009.999999999998	3.19526e-06
10020.0	3.43483e-06
10029.999999999998	4.12561e-06
10040.0	4.90536e-06
10049.999999999998	5.17678e-06
10060.0	4.95388e-06
10069.999999999998	4.67081e-06
10080.0	4.42301e-06
10089.999999999998	4.67777e-06
10100.0	4.87262e-06
10109.999999999998	4.44796e-06
10120.0	3.98869e-06
10129.999999999998	4.15433e-06
10140.0	4.71056e-06
10149.999999999998	4.68152e-06
10160.0	4.60136e-06
10169.999999999998	4.33409e-06
10180.0	4.30445e-06
10189.999999999998	4.82216e-06
10200.0	5.22144e-06
10209.999999999998	5.07913e-06
10220.0	4.81053e-06
10230.0	5.14298e-06
10240.0	5.23381e-06
10250.0	5.1955e-06
10260.0	5.40536e-06
10270.0	5.04635e-06
10280.0	4.73232e-06
10290.0	4.4909e-06
10300.0	4.16313e-06
10310.0	4.00796e-06
10320.0	4.30279e-06
10330.0	4.63923e-06
10340.0	4.5238e-06
10350.0	4.41145e-06
10360.0	4.41055e-06
10370.0	4.77561e-06
10380.0	5.3607e-06
10390.0	5.32074e-06
10400.0	4.86357e-06
10410.0	4.67886e-06
10420.0	4.35254e-06
10430.0	4.56935e-06
10440.0	4.41301e-06
10450.0	4.31778e-06
10460.0	4.06888e-06
10470.0	3.96774e-06
10480.0	4.23076e-06
10490.0	4.01537e-06
10500.0	3.98015e-06
10510.0	3.71295e-06
10520.0	3.76128e-06
10530.0	3.71024e-06
10540.0	3.34944e-06
10550.0	3.19027e-06
10560.0	3.05473e-06
10570.0	3.24655e-06
10580.0	3.52379e-06
10590.0	3.56435e-06
10600.0	3.61003e-06
10610.0	3.39435e-06
10620.0	3.50933e-06
10630.0	3.63121e-06
10640.0	3.42698e-06
10650.0	3.18753e-06
10660.0	3.06475e-06
10670.0	3.10946e-06
10680.0	3.01333e-06
10690.0	2.85559e-06
10700.0	2.91509e-06
10710.0	3.03776e-06
10720.0	3.11294e-06
10730.0	3.02245e-06
10740.0	2.90348e-06
10750.0	2.75229e-06
10760.0	3.02813e-06
10770.0	3.17953e-06
10780.0	2.85972e-06
10790.0	2.93382e-06
10800.0	3.20507e-06
10810.0	3.18089e-06
10820.0	3.01403e-06
10830.0	3.20944e-06
10840.0	3.0013e-06
10850.0	2.86616e-06
10860.0	2.90352e-06
10870.0	2.55406e-06
10880.0	2.21915e-06
10890.0	2.47119e-06
10900.0	2.69687e-06
10910.0	2.49957e-06
10920.0	2.31202e-06
10930.0	2.47251e-06
10940.0	2.52826e-06
10950.0	2.55503e-06
10960.0	2.59645e-06
10970.0	2.33994e-06
10980.0	2.24844e-06
10990.0	2.22823e-06
11000.0	2.25438e-06
11010.0	2.15704e-06
11020.0	2.13411e-06
11030.0	2.40545e-06
11040.000000000002	2.44875e-06
11050.0	2.25337e-06
11060.000000000002	2.45207e-06
11070.0	2.40468e-06
11080.000000000002	2.36549e-06
11090.0	2.43631e-06
11100.000000000002	2.69703e-06
11110.0	2.46682e-06
11120.000000000002	2.31482e-06
11130.0	2.70794e-06
11140.000000000002	2.67755e-06
11150.0	2.80879e-06
11160.000000000002	2.88785e-06
11170.0	2.94504e-06
11180.000000000002	2.70184e-06
11190.0	2.75611e-06
11200.000000000002	2.9448e-06
11210.0	2.75562e-06
11220.000000000002	2.54909e-06
11230.0	2.35164e-06
11240.000000000002	2.2847e-06
11250.0	2.18086e-06
11259.999999999998	2.36533e-06
11270.0	2.34783e-06
11279.999999999998	2.19056e-06
11290.0	2.22612e-06
11299.999999999998	2.31221e-06
11310.0	2.37044e-06
11319.999999999998	2.39516e-06
11330.0	2.49515e-06
11339.999999999998	2.39318e-06
11350.0	2.22245e-06
11359.999999999998	2.1076e-06
11370.0	1.89012e-06
11379.999999999998	1.91029e-06
11390.0	2.13314e-06
11399.999999999998	2.18951e-06
11410.0	2.17263e-06
11419.999999999998	2.37695e-06
11430.0	2.43924e-06
11439.999999999998	2.48173e-06
11450.0	2.60177e-06
11459.999999999998	2.35945e-06
11470.0	1.95282e-06
11480.0	1.97439e-06
11490.0	1.89903e-06
11500.0	1.80472e-06
11510.0	1.83613e-06
11520.0	1.84582e-06
11530.0	2.07559e-06
11540.0	2.45487e-06
11550.0	2.89635e-06
11560.0	3.01856e-06
11570.0	3.11109e-06
11580.0	3.10567e-06
11590.0	3.13556e-06
11600.0	3.22336e-06
11610.0	3.29625e-06
11620.0	3.1175e-06
11630.0	2.84096e-06
11640.0	2.81212e-06
11650.0	2.99621e-06
11660.0	3.00923e-06
11670.0	2.89726e-06
11680.0	2.93259e-06
11690.0	2.80941e-06
11700.0	2.92682e-06
11710.0	3.02488e-06
11720.0	2.84172e-06
11730.0	2.72304e-06
11740.0	2.76399e-06
11750.0	2.7961e-06
11760.0	3.07225e-06
11770.0	3.13904e-06
11780.0	2.99545e-06
11790.0	3.06441e-06
11800.0	3.06687e-06
11810.0	2.98589e-06
11820.0	3.00484e-06
11830.0	2.9911e-06
11840.0	2.79202e-06
11850.0	2.77774e-06
11860.0	2.94294e-06
11870.0	2.75874e-06
11880.0	2.70195e-06
11890.0	2.80308e-06
11900.0	2.65209e-06
11910.0	2.686e-06
11920.0	2.53399e-06
11930.0	2.46199e-06
11940.0	2.37823e-06
11950.0	2.36959e-06
11960.0	2.34229e-06
11970.0	2.22944e-06
11980.0	2.62826e-06
11990.0	3.14889e-06
12000.0	3.70292e-06
12010.0	3.63557e-06
12020.0	3.62719e-06
12030.0	4.01353e-06
12040.0	4.34712e-06
12050.0	4.36891e-06
12060.0	4.24681e-06
12070.0	3.76326e-06
12080.0	3.43175e-06
12090.0	3.63242e-06
12100.0	3.81138e-06
12110.0	3.69587e-06
12120.0	3.70793e-06
12130.0	3.75466e-06
12140.0	3.38501e-06
12150.0	3.27828e-06
12160.0	3.05441e-06
12170.0	3.06738e-06
12180.0	3.18831e-06
12190.0	3.35183e-06
12200.0	3.23242e-06
12210.0	3.24772e-06
12220.0	3.30549e-06
12230.0	3.62808e-06
12240.0	3.86574e-06
12250.0	3.75361e-06
12260.0	3.37731e-06
12270.0	3.15152e-06
12280.0	3.24636e-06
12290.000000000002	3.1743e-06
12300.0	3.29426e-06
12310.000000000002	3.2984e-06
12320.0	3.53469e-06
12330.000000000002	3.53115e-06
12340.0	3.61022e-06
12350.000000000002	3.51866e-06
12360.0	3.65104e-06
12370.000000000002	4.03357e-06
12380.0	4.3219e-06
12390.000000000002	4.45886e-06
12400.0	4.66168e-06
12410.000000000002	5.18038e-06
12420.0	5.58267e-06
12430.000000000002	6.20444e-06
12440.0	6.2848e-06
12450.000000000002	6.24566e-06
12460.0	6.67565e-06
12470.000000000002	7.39095e-06
12480.0	7.61452e-06
12490.000000000002	7.76372e-06
12500.0	8.05434e-06
12509.999999999998	8.62464e-06
12520.0	9.17317e-06
12529.999999999998	9.47728e-06
12540.0	9.84531e-06
12549.999999999998	1.01276e-05
12560.0	1.0707e-05
12569.999999999998	1.15816e-05
12580.0	1.29134e-05
12589.999999999998	1.38596e-05
12600.0	1.54306e-05
12609.999999999998	1.76153e-05
12620.0	1.96829e-05
12629.999999999998	2.19426e-05
12640.0	2.46455e-05
12649.999999999998	2.79588e-05
12660.0	3.16249e-05
12669.999999999998	3.62292e-05
12680.0	4.12703e-05
12689.999999999998	4.69042e-05
12700.0	5.32777e-05
12709.999999999998	6.08466e-05
12720.0	6.92679e-05
12730.0	7.84766e-05
12740.0	8.953e-05
12750.0	0.000101711
12760.0	0.00011567
12770.0	0.00013108
12780.0	0.000148631
12790.0	0.000168967
12800.0	0.000191641
12810.0	0.000217495
12820.0	0.000245708
12830.0	0.000278554
12840.0	0.000316977
12850.0	0.000362683
12860.0	0.000418131
12870.0	0.000481265
12880.0	0.000558575
12890.0	0.000647396
12900.0	0.000754469
12910.0	0.000885384
12920.0	0.00104765
12930.0	0.00124729
12940.0	0.00148812
12950.0	0.00178672
12960.0	0.00215017
12970.0	0.00260243
12980.0	0.00315154
12990.0	0.00383001
13000.0	0.00466655
13010.0	0.00563848
13020.0	0.00683665
13030.0	0.0082892
13040.0	0.0100008
13050.0	0.0119799
13060.0	0.0142067
13070.0	0.0167077
13080.0	0.0192957
13090.0	0.0221028
13100.0	0.0250588
13110.0	0.0282553
13120.0	0.0317201
13130.0	0.0355976
13140.0	0.0399685
13150.0	0.0449627
13160.0	0.050904
13170.0	0.057915
13180.0	0.0662752
13190.0	0.0761786
13200.0	0.0877655
13210.0	0.10142
13220.0	0.117449
13230.0	0.136471
13240.0	0.159178
13250.0	0.18561
13260.0	0.216624
13270.0	0.251747
13280.0	0.292674
13290.0	0.339274
13300.0	0.390983
13310.0	0.44675
13320.0	0.505213
13330.0	0.565867
13340.0	0.625876
13350.0	0.684511
13360.0	0.737709
13370.0	0.7839
13380.0	0.824294
13390.0	0.857272
13400.0	0.88365
13410.0	0.902517
13420.0	0.914731
13430.0	0.923782
13440.0	0.931255
13450.0	0.935619
13460.0	0.937873
13470.0	0.938238
13480.0	0.939441
13490.0	0.939617
13500.0	0.939646
13510.0	0.937439
13520.0	0.936178
13530.0	0.93582
13540.000000000002	0.934036
13550.0	0.933488
13560.000000000002	0.93124
13570.0	0.93041
13580.000000000002	0.930957
13590.0	0.932698
13600.000000000002	0.934249
13610.0	0.93433
13620.000000000002	0.935363
13630.0	0.937869
13640.000000000002	0.939689
13650.0	0.940323
13660.000000000002	0.940381
13670.0	0.939062
13680.000000000002	0.936194
13690.0	0.935133
13700.000000000002	0.933603
13710.0	0.930429
13720.000000000002	0.925668
13730.0	0.922829
13740.000000000002	0.919902
13750.0	0.916835
13759.999999999998	0.914349
13770.0	0.910248
13779.999999999998	0.906084
13790.0	0.903373
13799.999999999998	0.901153
13810.0	0.89903
13819.999999999998	0.894828
13830.0	0.892647
13839.999999999998	0.890014
13850.0	0.88847
13859.999999999998	0.887486
13870.0	0.884938
13879.999999999998	0.883616
13890.0	0.883024
13899.999999999998	0.884887
13910.0	0.884917
13919.999999999998	0.885632
13930.0	0.885037
13939.999999999998	0.883287
13950.0	0.883453
13959.999999999998	0.885011
13970.0	0.88382
13980.0	0.881728
13990.0	0.881275
14000.0	0.880898
14010.0	0.879533
14020.0	0.88142
14030.0	0.883858
14040.0	0.883167
14050.0	0.88473
14060.0	0.885897
14070.0	0.887488
14080.0	0.890258
14090.0	0.894509
14100.0	0.897523
14110.0	0.90006
14120.0	0.904297
14130.0	0.907136
14140.0	0.909065
14150.0	0.912687
14160.0	0.916481
14170.0	0.920486
14180.0	0.922367
14190.0	0.92385
14200.0	0.926209
14210.0	0.928735
14220.0	0.929938
14230.0	0.932194
14240.0	0.931848
14250.0	0.932552
14260.0	0.933779
14270.0	0.933641
14280.0	0.933284
14290.0	0.931955
14300.0	0.93193
14310.0	0.931168
14320.0	0.929086
14330.0	0.925607
14340.0	0.921773
14350.0	0.920677
14360.0	0.918429
14370.0	0.916612
14380.0	0.915272
14390.0	0.913971
14400.0	0.91271
14410.0	0.913005
14420.0	0.913579
14430.0	0.91457
14440.0	0.916647
14450.0	0.918386
14460.0	0.919594
14470.0	0.921117
14480.0	0.924234
14490.0	0.927004
14500.0	0.930119
14510.0	0.930949
14520.0	0.931695
14530.0	0.936012
14540.0	0.939225
14550.0	0.94135
14560.0	0.943049
14570.0	0.945265
14580.0	0.947183
14590.0	0.948747
14600.0	0.950306
14610.0	0.949242
14620.0	0.94899
14630.0	0.947571
14640.0	0.945812
14650.0	0.94158
14660.0	0.936642
14670.0	0.931534
14680.0	0.923939
14690.0	0.913935
14700.0	0.900069
14710.0	0.881648
14720.0	0.857405
14730.0	0.829519
14740.0	0.795207
14750.0	0.753125
14760.0	0.705399
14770.0	0.65263
14780.0	0.597019
14790.000000000002	0.539486
14800.0	0.482714
14810.000000000002	0.425702
14820.0	0.371599
14830.000000000002	0.321887
14840.0	0.277969
14850.000000000002	0.238753
14860.0	0.20437
14870.000000000002	0.174904
14880.0	0.149691
14890.000000000002	0.128574
14900.0	0.110805
14910.000000000002	0.0963564
14920.0	0.083631
14930.000000000002	0.0729642
14940.0	0.0642225
14950.000000000002	0.0568577
14960.0	0.0505178
14970.000000000002	0.0448948
14980.0	0.0398971
14990.000000000002	0.0351744
15000.0	0.030887
15009.999999999998	0.026889
15020.0	0.0230846
15029.999999999998	0.0196157
15040.0	0.0164898
15049.999999999998	0.0137765
15060.0	0.0115106
15069.999999999998	0.00963108
15080.0	0.00808932
15089.999999999998	0.00683801
15100.0	0.00581807
15109.999999999998	0.00496407
15120.0	0.00424715
15129.999999999998	0.00365065
15140.0	0.00315104
15149.999999999998	0.00273506
15160.0	0.00238178
15169.999999999998	0.00208237
15180.0	0.00182228
15189.999999999998	0.00160019
15200.0	0.00141035
15209.999999999998	0.00124659
15220.0	0.00110572
15230.0	0.000982617
15240.0	0.000877369
15250.0	0.000784331
15260.0	0.00070359
15270.0	0.000632347
15280.0	0.000568935
15290.0	0.000513413
15300.0	0.000464446
15310.0	0.000421019
15320.0	0.000382079
15330.0	0.000347247
15340.0	0.000315746
15350.0	0.000286957
15360.0	0.000261229
15370.0	0.000238186
15380.0	0.000217846
15390.0	0.000199214
15400.0	0.000181515
15410.0	0.00016561
15420.0	0.000151267
15430.0	0.000138321
15440.0	0.00012651
15450.0	0.000115608
15460.0	0.000105579
15470.0	9.65647e-05
15480.0	8.86635e-05
15490.0	8.11845e-05
15500.0	7.42957e-05
15510.0	6.86666e-05
15520.0	6.38103e-05
15530.0	5.92883e-05
15540.0	5.55039e-05
15550.0	5.13771e-05
15560.0	4.766e-05
15570.0	4.44989e-05
15580.0	4.1685e-05
15590.0	3.87534e-05
15600.0	3.60513e-05
15610.0	3.40123e-05
15620.0	3.13193e-05
15630.0	2.98278e-05
15640.0	2.78346e-05
15650.0	2.58901e-05
15660.0	2.45448e-05
15670.0	2.32029e-05
15680.0	2.1758e-05
15690.0	2.02841e-05
15700.0	1.90844e-05
15710.0	1.77006e-05
15720.0	1.694e-05
15730.0	1.66941e-05
15740.0	1.601e-05
15750.0	1.53615e-05
15760.0	1.44928e-05
15770.0	1.37469e-05
15780.0	1.34562e-05
15790.0	1.31358e-05
15800.0	1.29781e-05
15810.0	1.23773e-05
15820.0	1.17963e-05
15830.0	1.10726e-05
15840.0	1.13381e-05
15850.0	1.14946e-05
15860.0	1.10133e-05
15870.0	1.06982e-05
15880.0	9.88072e-06
15890.0	9.3859e-06
15900.0	8.83414e-06
15910.0	8.80581e-06
15920.0	8.04337e-06
15930.0	7.1997e-06
15940.0	7.15182e-06
15950.0	7.01026e-06
15960.0	7.08467e-06
15970.0	6.80032e-06
15980.0	6.85803e-06
15990.0	6.52996e-06
16000.0	6.60095e-06
16010.0	7.02641e-06
16020.0	6.66039e-06
16030.0	6.25204e-06
16040.000000000002	6.07035e-06
16050.0	6.14544e-06
16060.000000000002	5.80978e-06
16070.0	5.46316e-06
16080.000000000002	5.01696e-06
16090.0	4.76413e-06
16100.000000000002	4.94176e-06
16110.0	5.09498e-06
16120.000000000002	5.15199e-06
16130.0	4.88783e-06
16140.000000000002	4.96252e-06
16150.0	5.43324e-06
16160.000000000002	5.38157e-06
16170.0	5.12025e-06
16180.000000000002	4.55764e-06
16190.0	3.80497e-06
16200.000000000002	3.42465e-06
16210.0	3.56693e-06
16220.000000000002	3.44403e-06
16230.0	2.93039e-06
16240.000000000002	2.81784e-06
16250.0	2.31409e-06
16259.999999999998	2.05067e-06
16270.0	2.6739e-06
16279.999999999998	3.04295e-06
16290.0	3.00886e-06
16299.999999999998	3.21452e-06
16310.0	3.56553e-06
16319.999999999998	3.90456e-06
16330.0	4.82306e-06
16339.999999999998	5.21309e-06
16350.0	4.83615e-06
16359.999999999998	4.88707e-06
16370.0	5.00912e-06
16379.999999999998	5.03923e-06
16390.0	4.73216e-06
16400.0	4.43852e-06
16410.0	3.7076e-06
16420.0	3.78472e-06
16430.0	3.95123e-06
16440.0	3.39904e-06
16450.0	2.95795e-06
16460.0	2.59276e-06
16470.0	2.92222e-06
16480.0	3.37697e-06
16490.0	3.4415e-06
16500.0	3.8904e-06
16510.0	3.92937e-06
16520.0	4.37051e-06
16530.0	5.18061e-06
16540.0	5.49008e-06
16550.0	5.42305e-06
16560.0	4.99973e-06
16570.0	5.09822e-06
16580.0	4.69384e-06
16590.0	4.79009e-06
16600.0	4.65066e-06
16610.0	4.10206e-06
16620.0	4.21237e-06
16630.0	4.1037e-06
16640.0	4.30142e-06
16650.0	4.70841e-06
16660.0	4.55514e-06
16670.0	4.252e-06
16680.0	4.32866e-06
16690.0	4.41574e-06
16700.0	4.14079e-06
16710.0	3.95303e-06
16720.0	4.04535e-06
16730.0	3.98046e-06
16740.0	4.4892e-06
16750.0	4.76776e-06
16760.0	4.83823e-06
16770.0	4.61701e-06
16780.0	5.12998e-06
16790.0	5.67471e-06
16800.0	5.63133e-06
16810.0	5.27846e-06
16820.0	4.8758e-06
16830.0	4.60248e-06
16840.0	4.35694e-06
16850.0	5.06196e-06
16860.0	4.87725e-06
16870.0	4.57411e-06
16880.0	5.51662e-06
16890.0	5.76584e-06
16900.0	5.30172e-06
16910.0	5.34617e-06
16920.0	5.39166e-06
16930.0	4.78302e-06
16940.0	4.67504e-06
16950.0	4.52861e-06
16960.0	3.4727e-06
16970.0	3.61998e-06
16980.0	4.02835e-06
16990.0	3.81681e-06
17000.0	3.55984e-06
17010.0	3.4027e-06
17020.0	3.3204e-06
17030.0	3.47126e-06
17040.0	3.2087e-06
17050.0	2.62483e-06
17060.0	2.35923e-06
17070.0	2.68391e-06
17080.0	2.92176e-06
17090.0	3.1541e-06
17100.0	3.09624e-06
17110.0	2.94829e-06
17120.0	3.09898e-06
17130.0	3.48779e-06
17140.0	4.26263e-06
17150.0	4.11042e-06
17160.0	4.15218e-06
17170.0	4.03725e-06
17180.0	3.74527e-06
17190.0	3.54467e-06
17200.0	4.14486e-06
17210.0	3.96694e-06
17220.0	3.24611e-06
17230.0	3.45839e-06
17240.0	3.46775e-06
17250.0	3.36196e-06
17260.0	3.40087e-06
17270.0	3.81589e-06
17280.0	3.35964e-06
17290.0	3.31033e-06
17300.0	3.66555e-06
17310.0	3.80481e-06
17320.0	3.7921e-06
17330.0	4.06208e-06
17340.0	4.48282e-06
17350.0	4.11569e-06
17360.0	3.98787e-06
17370.0	3.9899e-06
17380.0	3.76047e-06
17390.0	3.71329e-06
17400.0	3.82736e-06
17410.0	4.00155e-06
17420.0	4.61472e-06
17430.0	4.92926e-06
17440.0	4.93009e-06
17450.0	5.13087e-06
17460.0	5.42087e-06
17470.0	5.26364e-06
17480.0	5.11386e-06
17490.0	5.15436e-06
17500.0	4.99162e-06
17510.0	4.93446e-06
17520.0	5.19419e-06
17530.0	4.92368e-06
17540.0	4.99362e-06
17550.0	4.86775e-06
17560.0	5.22202e-06
17570.0	5.56916e-06
17580.0	5.52077e-06
17590.0	5.88794e-06
17600.0	5.94184e-06
17610.0	6.5064e-06
17620.0	6.21721e-06
17630.0	6.61528e-06
17640.0	6.49909e-06
17650.0	5.83276e-06
17660.0	5.48124e-06
17670.0	5.29316e-06
17680.0	5.06323e-06
17690.0	4.74014e-06
17700.0	4.84813e-06
17710.0	5.08373e-06
17720.0	5.40602e-06
17730.0	5.47357e-06
17740.0	5.83303e-06
17750.0	6.24962e-06
17760.0	6.38317e-06
17770.0	6.7252e-06
17780.0	7.00037e-06
17790.0	6.41771e-06
17800.0	6.41603e-06
17810.0	7.13956e-06
17820.0	7.04453e-06
17830.0	6.31565e-06
17840.0	6.01449e-06
17850.0	5.2485e-06
17860.0	5.59133e-06
17870.0	6.30672e-06
17880.0	5.73926e-06
17890.0	5.17747e-06
17900.0	4.65243e-06
17910.0	4.82515e-06
17920.0	5.55184e-06
17930.0	6.00832e-06
17940.0	5.19708e-06
17950.0	4.22271e-06
17960.0	4.33062e-06
17970.0	5.09921e-06
17980.0	5.34198e-06
17990.0	5.62464e-06
18000.0	5.43116e-06
18010.0	5.30717e-06
18020.0	5.74316e-06
18030.0	6.63845e-06
18040.0	6.93732e-06
18050.0	6.20606e-06
18060.0	6.36895e-06
18070.0	6.09885e-06
18080.0	5.38298e-06
18090.0	5.74366e-06
18100.0	5.53544e-06
18110.0	5.623e-06
18120.0	5.99245e-06
18130.0	6.21815e-06
18140.0	6.24523e-06
18150.0	6.45117e-06
18160.0	7.33758e-06
18170.0	7.29666e-06
18180.0	7.72494e-06
18190.0	7.58165e-06
18200.0	7.02273e-06
18210.0	6.93385e-06
18220.0	7.12069e-06
18230.0	7.01476e-06
18240.0	6.20286e-06
18250.0	5.96015e-06
18260.0	5.42599e-06
18270.0	4.59092e-06
18280.0	4.2439e-06
18290.0	4.8962e-06
18300.0	5.35534e-06
18310.0	6.03828e-06
18320.0	6.92969e-06
18330.0	6.71794e-06
18340.0	7.89304e-06
18350.0	9.10156e-06
18360.0	9.2644e-06
18370.0	8.6887e-06
18380.0	7.90309e-06
18390.0	7.45455e-06
18400.0	7.22845e-06
18410.0	7.41118e-06
18420.0	6.24875e-06
18430.0	5.65268e-06
18440.0	6.20928e-06
18450.0	6.835e-06
18460.0	7.52393e-06
18470.0	7.62128e-06
18480.0	7.08908e-06
18490.0	7.83864e-06
18500.0	9.07312e-06
18510.0	9.69091e-06
18520.0	9.60016e-06
18530.0	9.28107e-06
18540.0	8.80643e-06
18550.0	8.73686e-06
18560.0	9.57584e-06
18570.0	9.23607e-06
18580.0	8.70571e-06
18590.0	8.98984e-06
18600.0	9.14783e-06
18610.0	9.3945e-06
18620.0	9.68852e-06
18630.0	9.87145e-06
18640.0	9.94065e-06
18650.0	9.65377e-06
18660.0	9.31345e-06
18670.0	8.3389e-06
18680.0	8.32654e-06
18690.0	7.95906e-06
18700.0	7.63913e-06
18710.0	7.61299e-06
18720.0	7.32568e-06
18730.0	7.01199e-06
18740.0	7.04007e-06
18750.0	7.90116e-06
18760.0	7.94181e-06
18770.0	7.74003e-06
18780.0	7.35355e-06
18790.0	7.38176e-06
18800.0	7.31895e-06
18810.0	8.23519e-06
18820.0	8.78324e-06
18830.0	7.75536e-06
18840.0	7.51889e-06
18850.0	7.88617e-06
18860.0	8.70625e-06
18870.0	8.31787e-06
18880.0	8.13389e-06
18890.0	7.65879e-06
18900.0	7.14858e-06
18910.0	7.48498e-06
18920.0	7.66158e-06
18930.0	7.15237e-06
18940.0	7.31632e-06
18950.0	8.16567e-06
18960.0	8.74723e-06
18970.0	9.76309e-06
18980.0	1.00922e-05
18990.0	1.01559e-05
19000.0	1.03282e-05
19010.0	1.11432e-05
19020.0	1.15232e-05
19030.0	1.16824e-05
19040.0	1.16826e-05
19050.0	1.14962e-05
19060.0	1.17204e-05
19070.0	1.20876e-05
19080.0	1.18283e-05
19090.0	1.13003e-05
19100.0	1.09609e-05
19110.0	1.05986e-05
19120.0	1.05381e-05
19130.0	9.84106e-06
19140.0	9.72543e-06
19150.0	9.4628e-06
19160.0	9.46365e-06
19170.0	9.87409e-06
19180.0	9.53648e-06
19190.0	9.42498e-06
19200.0	9.35403e-06
19210.0	9.82951e-06
19220.0	9.33889e-06
19230.0	8.8334e-06
19240.0	8.54325e-06
19250.0	8.41833e-06
19260.0	8.31004e-06
19270.0	7.81533e-06
19280.0	7.89327e-06
19290.0	7.62717e-06
19300.0	8.1652e-06
19310.0	9.18654e-06
19320.0	9.57625e-06
19330.0	1.00409e-05
19340.0	1.07214e-05
19350.0	1.16782e-05
19360.0	1.10825e-05
19370.0	1.08088e-05
19380.0	1.06436e-05
19390.0	1.05351e-05
19400.0	1.1387e-05
19410.0	1.07008e-05
19420.0	9.44985e-06
19430.0	9.94069e-06
19440.0	1.12852e-05
19450.0	1.19088e-05
19460.0	1.2543e-05
19470.0	1.19654e-05
19480.0	1.0942e-05
19490.0	1.16975e-05
19500.0	1.25934e-05
19510.0	1.19748e-05
19520.0	1.13341e-05
19530.0	1.05848e-05
19540.0	1.01633e-05
19550.0	1.0569e-05
19560.0	1.08473e-05
19570.0	1.06877e-05
19580.0	1.02174e-05
19590.0	9.71673e-06
19600.0	1.00833e-05
19610.0	1.11008e-05
19620.0	1.12933e-05
19630.0	1.12226e-05
19640.0	1.0688e-05
19650.0	1.0592e-05
19660.0	1.15294e-05
19670.0	1.11111e-05
19680.0	1.00014e-05
19690.0	9.92907e-06
19700.0	1.00229e-05
19710.0	9.41157e-06
19720.0	1.03758e-05
19730.0	1.00189e-05
19740.0	9.72605e-06
19750.0	1.06525e-05
19760.0	1.12132e-05
19770.0	1.01435e-05
19780.0	8.93698e-06
19790.0	9.20691e-06
19800.0	8.66113e-06
19810.0	9.37738e-06
19820.0	9.53149e-06
19830.0	9.61478e-06
19840.0	9.80559e-06
19850.0	1.08092e-05
19860.0	1.15293e-05
19870.0	1.19434e-05
19880.0	1.18196e-05
19890.0	1.07558e-05
19900.0	9.95541e-06
19910.0	9.48055e-06
19920.0	9.12982e-06
19930.0	9.21226e-06
19940.0	9.07501e-06
19950.0	8.4447e-06
19960.0	8.67706e-06
19970.0	8.92544e-06
19980.0	9.16438e-06
19990.0	9.54531e-06
20000.0	9.66475e-06
20010.0	8.37725e-06
20019.999999999996	8.11402e-06
20030.0	8.36786e-06
20040.0	8.10951e-06
20050.0	7.82053e-06
20059.999999999996	7.94586e-06
20070.0	7.34062e-06
20080.0	6.99763e-06
20090.0	7.31821e-06
20099.999999999996	7.16787e-06
20110.0	6.99507e-06
20120.0	6.33087e-06
20130.0	6.88759e-06
20139.999999999996	6.77341e-06
20150.0	6.50917e-06
20160.0	6.51969e-06
20170.0	6.7882e-06
20179.999999999996	7.68342e-06
20190.0	7.5259e-06
20200.0	7.86664e-06
20210.0	6.83757e-06
20219.999999999996	6.46621e-06
20230.0	6.91262e-06
20240.0	7.02891e-06
20250.0	6.34055e-06
20259.999999999996	5.57028e-06
20270.0	5.62887e-06
20280.0	5.70537e-06
20290.0	6.51081e-06
20299.999999999996	6.48855e-06
20310.0	6.48217e-06
20320.0	6.41404e-06
20330.0	7.11969e-06
20339.999999999996	7.35291e-06
20350.0	7.09171e-06
20360.0	7.43682e-06
20370.0	7.52407e-06
20379.999999999996	8.11545e-06
20390.0	7.8502e-06
20400.0	7.57694e-06
20410.0	7.75484e-06
20419.999999999996	7.74262e-06
20430.0	8.26276e-06
20440.0	8.036e-06
20450.0	8.45777e-06
20460.0	8.05469e-06
20470.0	7.95473e-06
20480.0	8.87514e-06
20490.0	8.68978e-06
20500.0	9.19891e-06
20510.0	9.95718e-06
20520.0	1.08748e-05
20530.0	9.89358e-06
20540.0	9.72397e-06
20550.0	1.02761e-05
20560.0	9.90399e-06
20570.0	1.01045e-05
20580.0	9.35258e-06
20590.0	8.65187e-06
20600.0	8.14761e-06
20610.0	9.00089e-06
20620.0	9.31115e-06
20630.0	8.40485e-06
20640.0	9.0034e-06
20650.0	9.5295e-06
20660.0	9.79667e-06
20670.0	9.40084e-06
20680.0	8.7149e-06
20690.0	7.74175e-06
20700.0	7.91415e-06
20710.0	8.5115e-06
20720.0	7.52543e-06
20730.0	6.80608e-06
20740.0	7.10425e-06
20750.0	7.86384e-06
20760.0	8.45643e-06
20770.0	8.45793e-06
20780.0	7.3764e-06
20790.0	6.74517e-06
20800.0	6.48998e-06
20810.0	5.76275e-06
20820.0	4.58491e-06
20830.000000000004	3.7593e-06
20840.0	3.58733e-06
20850.0	4.76343e-06
20860.0	6.36659e-06
20870.000000000004	7.22068e-06
20880.0	7.31508e-06
20890.0	7.94903e-06
20900.0	8.77342e-06
20910.000000000004	9.08641e-06
20920.0	8.38468e-06
20930.0	7.05903e-06
20940.0	6.22018e-06
20950.000000000004	6.49351e-06
20960.0	6.46386e-06
20970.0	5.93983e-06
20980.0	5.61432e-06
20990.000000000004	5.89365e-06
21000.0	7.15e-06
21010.0	7.4365e-06
21020.0	7.09634e-06
21030.000000000004	7.04828e-06
21040.0	7.62082e-06
21050.0	7.86859e-06
21060.0	8.18668e-06
21070.000000000004	8.07709e-06
21080.0	6.93924e-06
21090.0	6.30993e-06
21100.0	6.27415e-06
21110.000000000004	5.7271e-06
21120.0	4.91915e-06
21130.0	4.66579e-06
21140.0	3.8471e-06
21150.000000000004	3.81781e-06
21160.0	4.44382e-06
21170.0	5.43625e-06
21180.0	5.51335e-06
21190.000000000004	5.55971e-06
21200.0	6.59349e-06
21210.0	7.26518e-06
21220.0	7.64123e-06
21230.000000000004	7.24744e-06
21240.0	6.6267e-06
21250.0	6.02252e-06
21260.0	5.88905e-06
21269.999999999996	6.59308e-06
21280.0	6.59164e-06
21290.0	6.44513e-06
21300.0	6.62138e-06
21309.999999999996	6.77689e-06
21320.0	7.06081e-06
21330.0	7.33001e-06
21340.0	7.31922e-06
21349.999999999996	6.72684e-06
21360.0	6.29523e-06
21370.0	6.12545e-06
21380.0	5.94666e-06
21389.999999999996	5.59257e-06
21400.0	5.40544e-06
21410.0	5.1859e-06
21420.0	5.2618e-06
21429.999999999996	5.07615e-06
21440.0	5.23882e-06
21450.0	4.96693e-06
21460.0	5.03992e-06
21469.999999999996	5.45088e-06
21480.0	5.83053e-06
21490.0	6.24258e-06
21500.0	6.06822e-06
21509.999999999996	6.36192e-06
21520.0	6.1848e-06
21530.0	6.78558e-06
21540.0	7.00845e-06
21549.999999999996	7.64021e-06
21560.0	8.14803e-06
21570.0	7.96769e-06
21580.0	8.43569e-06
21589.999999999996	8.71366e-06
21600.0	9.00447e-06
21610.0	8.76544e-06
21620.0	8.39006e-06
21629.999999999996	7.50144e-06
21640.0	6.97091e-06
21650.0	7.50301e-06
21660.0	7.79551e-06
21669.999999999996	7.18166e-06
21680.0	6.28732e-06
21690.0	5.7701e-06
21700.0	5.34906e-06
21710.0	5.3676e-06
21720.0	5.40432e-06
21730.0	4.92598e-06
21740.0	4.70295e-06
21750.0	5.16874e-06
21760.0	6.1209e-06
21770.0	6.229e-06
21780.0	6.5491e-06
21790.0	6.8595e-06
21800.0	7.24185e-06
21810.0	7.25758e-06
21820.0	6.62773e-06
21830.0	6.7349e-06
21840.0	6.75193e-06
21850.0	6.67585e-06
21860.0	7.07127e-06
21870.0	7.22692e-06
21880.0	6.95582e-06
21890.0	7.32316e-06
21900.0	7.63277e-06
21910.0	7.15748e-06
21920.0	6.568e-06
21930.0	6.70764e-06
21940.0	6.56123e-06
21950.0	6.42253e-06
21960.0	6.53012e-06
21970.0	6.20412e-06
21980.0	7.37717e-06
21990.0	7.32432e-06
22000.0	6.57638e-06
22010.0	6.1772e-06
22020.0	6.47922e-06
22030.0	6.29984e-06
22040.0	5.74775e-06
22050.0	5.43243e-06
22060.0	4.95553e-06
22070.0	5.10756e-06
22080.000000000004	5.85459e-06
22090.0	6.4681e-06
22100.0	6.51839e-06
22110.0	6.96287e-06
22120.000000000004	6.87177e-06
22130.0	6.84314e-06
22140.0	6.42272e-06
22150.0	6.37232e-06
22160.000000000004	5.93731e-06
22170.0	5.61136e-06
22180.0	6.43597e-06
22190.0	7.05187e-06
22200.000000000004	7.25544e-06
22210.0	7.89799e-06
22220.0	8.02379e-06
22230.0	7.38019e-06
22240.000000000004	8.24756e-06
22250.0	8.52968e-06
22260.0	7.08774e-06
22270.0	7.14834e-06
22280.000000000004	7.69755e-06
22290.0	7.53093e-06
22300.0	7.61022e-06
22310.0	7.96152e-06
22320.000000000004	7.93058e-06
22330.0	8.53961e-06
22340.0	9.50086e-06
22350.0	8.19206e-06
22360.000000000004	9.03195e-06
22370.0	9.16139e-06
22380.0	9.21683e-06
22390.0	1.06425e-05
22400.000000000004	1.0817e-05
22410.0	1.10355e-05
22420.0	1.05017e-05
22430.0	1.07264e-05
22440.000000000004	9.98899e-06
22450.0	9.76239e-06
22460.0	9.97491e-06
22470.0	9.31327e-06
22480.000000000004	8.42782e-06
22490.0	7.79258e-06
22500.0	8.3509e-06
22510.0	8.39533e-06
22519.999999999996	7.84505e-06
22530.0	8.05267e-06
22540.0	7.5002e-06
22550.0	6.53982e-06
22559.999999999996	7.54463e-06
22570.0	8.16427e-06
22580.0	7.60862e-06
22590.0	7.91714e-06
22599.999999999996	7.7709e-06
22610.0	7.19593e-06
22620.0	7.69976e-06
22630.0	7.9131e-06
22639.999999999996	6.82875e-06
22650.0	5.86309e-06
22660.0	5.41185e-06
22670.0	5.40692e-06
22679.999999999996	5.80581e-06
22690.0	5.76695e-06
22700.0	5.55919e-06
22710.0	6.31881e-06
22719.999999999996	6.41541e-06
22730.0	6.1171e-06
22740.0	5.97333e-06
22750.0	5.25413e-06
22759.999999999996	4.45177e-06
22770.0	4.56097e-06
22780.0	4.41823e-06
22790.0	3.3905e-06
22799.999999999996	3.36481e-06
22810.0	3.5028e-06
22820.0	3.43724e-06
22830.0	3.4695e-06
22839.999999999996	3.70537e-06
22850.0	3.72021e-06
22860.0	3.50458e-06
22870.0	3.57058e-06
22879.999999999996	3.3032e-06
22890.0	3.2907e-06
22900.0	3.27129e-06
22910.0	3.3132e-06
22919.999999999996	3.14107e-06
22930.0	2.90913e-06
22940.0	2.68866e-06
22950.0	2.64722e-06
22960.0	2.69595e-06
22970.0	2.62209e-06
22980.0	2.6449e-06
22990.0	2.60139e-06
23000.0	2.63897e-06
23010.0	2.57174e-06
23020.0	2.53112e-06
23030.0	2.55043e-06
23040.0	2.60616e-06
23050.0	2.51762e-06
23060.0	2.66813e-06
23070.0	2.66247e-06
23080.0	2.80397e-06
23090.0	3.13589e-06
23100.0	3.17232e-06
23110.0	3.23436e-06
23120.0	3.59604e-06
23130.0	3.63141e-06
23140.0	3.53235e-06
23150.0	3.49989e-06
23160.0	3.39174e-06
23170.0	2.85356e-06
23180.0	2.93933e-06
23190.0	2.75853e-06
23200.0	2.38531e-06
23210.0	2.17444e-06
23220.0	1.81398e-06
23230.0	1.618e-06
23240.0	1.50291e-06
23250.0	1.47393e-06
23260.0	1.18006e-06
23270.0	1.05863e-06
23280.0	9.80806e-07
23290.0	1.0426e-06
23300.0	1.19475e-06
23310.0	1.17209e-06
23320.0	1.1034e-06
23330.000000000004	1.10312e-06
23340.0	1.1792e-06
23350.0	1.1252e-06
23360.0	1.06051e-06
23370.000000000004	1.00275e-06
23380.0	9.32927e-07
23390.0	8.46641e-07
23400.0	7.66109e-07
23410.000000000004	7.54091e-07
23420.0	6.75623e-07
23430.0	6.2309e-07
23440.0	5.91762e-07
23450.000000000004	5.04756e-07
23460.0	4.00392e-07
23470.0	3.75585e-07
23480.0	3.51591e-07
23490.000000000004	2.87897e-07
23500.0	2.27142e-07
23510.0	2.15665e-07
23520.0	2.09241e-07
23530.000000000004	2.18799e-07
23540.0	2.03124e-07
23550.0	1.65922e-07
23560.0	1.38234e-07
23570.000000000004	1.18067e-07
23580.0	1.13349e-07
23590.0	9.99761e-08
23600.0	8.33747e-08
23610.000000000004	5.96575e-08
23620.0	5.61603e-08
23630.0	5.25613e-08
23640.0	4.91442e-08
23650.000000000004	4.23027e-08
23660.0	4.20151e-08
23670.0	3.58625e-08
23680.0	3.39879e-08
23690.000000000004	3.28579e-08
23700.0	2.85994e-08
23710.0	2.57728e-08
23720.0	2.32963e-08
23730.000000000004	2.2511e-08
23740.0	2.08085e-08
23750.0	1.94283e-08
23760.0	1.81942e-08
23769.999999999996	2.18502e-08
23780.0	2.07006e-08
23790.0	2.08688e-08
23800.0	1.85232e-08
23809.999999999996	1.79307e-08
23820.0	1.74582e-08
23830.0	1.69541e-08
23840.0	1.71346e-08
23849.999999999996	1.29105e-08
23860.0	1.33597e-08
23870.0	1.15567e-08
23880.0	1.14345e-08
23889.999999999996	1.22763e-08
23900.0	1.23922e-08
23910.0	1.17085e-08
23920.0	1.02669e-08
23929.999999999996	1.09686e-08
23940.0	0.0
23950.0	1.0745e-08
23960.0	0.0
23969.999999999996	0.0
23980.0	0.0
23990.0	0.0
24000.0	0.0
24009.999999999996	0.0
24020.0	0.0
24030.0	0.0
24040.0	0.0
24049.999999999996	0.0
24060.0	0.0
24070.0	0.0
24080.0	0.0
24089.999999999996	0.0
24100.0	0.0
24110.0	0.0
24120.0	0.0
24129.999999999996	0.0
24140.0	0.0
24150.0	0.0
24160.0	0.0
24169.999999999996	0.0
24180.0	0.0
24190.0	0.0
24200.0	0.0
24210.0	0.0
24220.0	0.0
24230.0	0.0
24240.0	0.0
24250.0	0.0
24260.0	0.0
24270.0	0.0
24280.0	0.0
24290.0	0.0
24300.0	0.0
24310.0	0.0
24320.0	0.0
24330.0	0.0
24340.0	0.0
24350.0	0.0
24360.0	0.0
24370.0	0.0
24380.0	0.0
24390.0	0.0
24400.0	0.0
24410.0	0.0
24420.0	0.0
24430.0	0.0
24440.0	0.0
24450.0	0.0
24460.0	0.0
24470.0	0.0
24480.0	0.0
24490.0	0.0
24500.0	0.0
24510.0	0.0
24520.0	0.0
24530.0	0.0
24540.0	0.0
24550.0	0.0
24560.0	0.0
24570.0	0.0
24580.000000000004	0.0
24590.0	0.0
24600.0	0.0
24610.0	0.0
24620.000000000004	0.0
24630.0	0.0
24640.0	0.0
24650.0	0.0
24660.000000000004	0.0
24670.0	0.0
24680.0	0.0
24690.0	0.0
24700.000000000004	0.0
24710.0	0.0
24720.0	0.0
24730.0	0.0
24740.000000000004	0.0
24750.0	0.0
24760.0	0.0
24770.0	0.0
24780.000000000004	0.0
24790.0	0.0
24800.0	0.0
24810.0	0.0
24820.000000000004	0.0
24830.0	0.0
24840.0	0.0
24850.0	0.0
24860.000000000004	0.0
24870.0	0.0
24880.0	0.0
24890.0	0.0
24900.000000000004	0.0
24910.0	0.0
24920.0	0.0
24930.0	0.0
24940.000000000004	0.0
24950.0	0.0
24960.0	0.0
24970.0	0.0
24980.000000000004	0.0
24990.0	0.0
25000.0	0.0
25010.0	0.0
25019.999999999996	0.0
25030.0	0.0
25040.0	0.0
25050.0	0.0
25059.999999999996	0.0
25070.0	0.0
25080.0	0.0
25090.0	0.0
25099.999999999996	0.0
25110.0	0.0
25120.0	0.0
25130.0	0.0
25139.999999999996	0.0
25150.0	0.0
25160.0	0.0
25170.0	0.0
25179.999999999996	0.0
25190.0	0.0
25200.0	0.0
25210.0	0.0
25219.999999999996	0.0
25230.0	0.0
25240.0	0.0
25250.0	0.0
25259.999999999996	0.0
25270.0	0.0
25280.0	0.0
25290.0	0.0
25299.999999999996	0.0
25310.0	0.0
25320.0	0.0
25330.0	0.0
25339.999999999996	0.0
25350.0	0.0
25360.0	0.0
25370.0	0.0
25379.999999999996	0.0
25390.0	0.0
25400.0	0.0
25410.0	0.0
25419.999999999996	0.0
25430.0	0.0
25440.0	0.0
25450.0	0.0
25460.0	0.0
25470.0	0.0
25480.0	0.0
25490.0	0.0
25500.0	0.0
25510.0	0.0
25520.0	0.0
25530.0	0.0
25540.0	0.0
25550.0	0.0
25560.0	0.0
25570.0	0.0
25580.0	0.0
25590.0	0.0
25600.0	0.0
25610.0	0.0
25620.0	0.0
25630.0	0.0
25640.0	0.0
25650.0	0.0
25660.0	0.0
25670.0	0.0
25680.0	0.0
25690.0	0.0
25700.0	0.0
25710.0	0.0
25720.0	0.0
25730.0	0.0
25740.0	0.0
25750.0	0.0
25760.0	0.0
25770.0	0.0
25780.0	0.0
25790.0	0.0
25800.0	0.0
25810.0	0.0
25820.0	0.0
25830.000000000004	0.0
25840.0	0.0
25850.0	0.0
25860.0	0.0
25870.000000000004	0.0
25880.0	0.0
25890.0	0.0
25900.0	0.0
25910.000000000004	0.0
25920.0	0.0
25930.0	0.0
25940.0	0.0
25950.000000000004	0.0
25960.0	0.0
25970.0	0.0
25980.0	0.0
25990.000000000004	0.0
26000.0	0.0
26010.0	0.0
26020.0	0.0
26030.000000000004	0.0
26040.0	0.0
26050.0	0.0
26060.0	0.0
26070.000000000004	0.0
26080.0	0.0
26090.0	0.0
26100.0	0.0
26110.000000000004	0.0
26120.0	0.0
26130.0	0.0
26140.0	0.0
26150.000000000004	0.0
26160.0	0.0
26170.0	0.0
26180.0	0.0
26190.000000000004	0.0
26200.0	0.0
26210.0	0.0
26220.0	0.0
26230.000000000004	0.0
26240.0	0.0
26250.0	0.0
26260.0	0.0
26269.999999999996	0.0
26280.0	0.0
26290.0	0.0
26300.0	0.0
26309.999999999996	0.0
26320.0	0.0
26330.0	0.0
26340.0	0.0
26349.999999999996	0.0
26360.0	0.0
26370.0	0.0
26380.0	0.0
26389.999999999996	3.23563e-06
26400.0	6.46097e-06
26410.0	7.4339e-06
26420.0	8.40629e-06
26429.999999999996	9.37814e-06
26440.0	2.12956e-05
26450.0	3.32036e-05
26460.0	4.51049e-05
26469.999999999996	4.54758e-05
26480.0	4.58463e-05
26490.0	5.19423e-05
26500.0	5.80363e-05
26509.999999999996	6.41255e-05
26520.0	6.47779e-05
26530.0	6.54301e-05
26540.0	6.60817e-05
26549.999999999996	5.155e-05
26560.0	3.70264e-05
26570.0	3.21602e-05
26580.0	2.72979e-05
26589.999999999996	2.24384e-05
26600.0	2.31042e-05
26610.0	2.37694e-05
26620.0	2.44342e-05
26629.999999999996	1.51373e-05
26640.0	5.84769e-06
26650.0	3.90058e-06
26660.0	1.95457e-06
26669.999999999996	0.0
26680.0	0.0
26690.0	0.0
26700.0	0.0
26710.0	0.0
26720.0	0.0
26730.0	0.0
26740.0	0.0
26750.0	0.0
26760.0	0.0
26770.0	0.0
26780.0	0.0
26790.0	0.0
26800.0	0.0
26810.0	0.0
26820.0	0.0
26830.0	0.0
26840.0	0.0
26850.0	0.0
26860.0	0.0
26870.0	0.0
26880.0	0.0
26890.0	3.32852e-08
26900.0	5.74643e-08
26910.0	8.16093e-08
26920.0	1.03526e-05
26930.0	2.0614e-05
26940.0	2.27772e-05
26950.0	2.49378e-05
26960.0	2.70965e-05
26970.0	2.5171e-05
26980.0	2.32478e-05
26990.0	2.13268e-05
27000.0	2.79357e-05
27010.0	3.44729e-05
27020.0	3.4824e-05
27030.0	3.51731e-05
27040.0	3.552e-05
27050.0	3.66164e-05
27060.0	3.77072e-05
27070.0	3.87921e-05
27080.000000000004	5.59034e-05
27090.0	7.29347e-05
27100.0	7.22192e-05
27110.0	7.14347e-05
27120.000000000004	7.06538e-05
27130.0	6.40119e-05
27140.0	5.74162e-05
27150.0	5.08651e-05
27160.000000000004	5.51917e-05
27170.0	5.94855e-05
27180.0	5.61249e-05
27190.0	5.27859e-05
27200.000000000004	4.947e-05
27210.0	4.7972e-05
27220.0	4.64814e-05
27230.0	4.49978e-05
27240.000000000004	3.95657e-05
27250.0	3.41625e-05
27260.0	2.94468e-05
27270.0	2.47574e-05
27280.000000000004	2.00934e-05
27290.0	1.76186e-05
27300.0	1.51578e-05
27310.0	1.27456e-05
27320.000000000004	1.65218e-05
27330.0	2.0297e-05
27340.0	2.19594e-05
27350.0	2.36217e-05
27360.000000000004	2.52844e-05
27370.0	1.94125e-05
27380.0	1.35406e-05
27390.0	7.66722e-06
27400.000000000004	8.55221e-06
27410.0	9.44092e-06
27420.0	6.38422e-06
27430.0	3.32586e-06
27440.000000000004	2.65088e-07
27450.0	2.47219e-06
27460.0	4.68154e-06
27470.0	6.89211e-06
27480.000000000004	1.40377e-05
27490.0	2.11905e-05
27500.0	2.40605e-05
27510.0	2.69328e-05
27519.999999999996	2.9808e-05
27530.0	2.72954e-05
27540.0	2.47808e-05
27550.0	2.22637e-05
27559.999999999996	2.03747e-05
27570.0	1.84843e-05
27580.0	1.49962e-05
27590.0	1.15045e-05
27599.999999999996	8.0109e-06
27610.0	1.0232e-05
27620.0	1.24554e-05
27630.0	8.64372e-06
27639.999999999996	4.82911e-06
27650.0	1.01062e-06
27660.0	8.72593e-06
27670.0	1.64472e-05
27679.999999999996	2.41745e-05
27690.0	2.62295e-05
27700.0	2.82855e-05
27710.0	2.53025e-05
27719.999999999996	2.23163e-05
27730.0	1.93286e-05
27740.0	2.31075e-05
27750.0	2.68902e-05
27759.999999999996	3.06749e-05
27770.0	3.70005e-05
27780.0	4.33324e-05
27790.0	4.80295e-05
27799.999999999996	5.27303e-05
27810.0	5.74712e-05
27820.0	5.51276e-05
27830.0	5.27797e-05
27839.999999999996	5.04268e-05
27850.0	5.00391e-05
27860.0	4.96506e-05
27870.0	4.90045e-05
27879.999999999996	4.83569e-05
27890.0	4.7708e-05
27900.0	5.10547e-05
27910.0	5.44081e-05
27919.999999999996	5.7769e-05
27930.0	5.78487e-05
27940.0	5.79285e-05
27950.0	5.93719e-05
27960.0	6.08177e-05
27970.0	6.22664e-05
27980.0	6.27055e-05
27990.0	6.31454e-05
28000.0	6.35859e-05
28010.0	6.99147e-05
28020.0	7.62484e-05
28030.0	8.19763e-05
28040.0	8.77099e-05
28050.0	9.34507e-05
28060.0	9.08984e-05
28070.0	8.83435e-05
28080.0	8.57853e-05
28090.0	7.4887e-05
28100.0	6.39775e-05
28110.0	6.97781e-05
28120.0	7.55831e-05
28130.0	8.13939e-05
28140.0	9.11617e-05
28150.0	0.000100942
28160.0	0.000110729
28170.0	0.000106125
28180.0	0.000101514
28190.0	9.54723e-05
28200.0	8.94241e-05
28210.0	8.32977e-05
28220.0	8.72265e-05
28230.0	9.11527e-05
28240.0	9.50761e-05
28250.0	9.83459e-05
28260.0	0.000101613
28270.0	9.85338e-05
28280.0	9.54563e-05
28290.0	9.23817e-05
28300.0	8.90534e-05
28310.0	8.57265e-05
28320.0	8.53403e-05
28330.000000000004	8.49543e-05
28340.0	8.45684e-05
28350.0	8.26351e-05
28360.0	8.07031e-05
28370.000000000004	7.87724e-05
28380.0	7.4252e-05
28390.0	6.97359e-05
28400.0	7.23487e-05
28410.000000000004	7.49588e-05
28420.0	7.75663e-05
28430.0	7.70079e-05
28440.0	7.64498e-05
28450.000000000004	7.58922e-05
28460.0	8.15619e-05
28470.0	8.72274e-05
28480.0	8.87445e-05
28490.000000000004	9.02601e-05
28500.0	9.17745e-05
28510.0	8.72374e-05
28520.0	8.27047e-05
28530.000000000004	7.81754e-05
28540.0	9.20423e-05
28550.0	0.000105896
28560.0	0.000106264
28570.000000000004	0.000106632
28580.0	0.000106999
28590.0	0.0001037
28600.0	0.000100404
28610.000000000004	9.71092e-05
28620.0	9.79986e-05
28630.0	9.88873e-05
28640.0	9.81628e-05
28650.000000000004	9.7439e-05
28660.0	9.67157e-05
28670.0	9.88993e-05
28680.0	0.000101081
28690.000000000004	0.000103261
28700.0	0.000103613
28710.0	0.000103966
28720.0	0.000105983
28730.000000000004	0.000107999
28740.0	0.000110015
28750.0	0.000110887
28760.0	0.000111759
28769.999999999996	0.000112631
28780.0	0.000112423
28790.0	0.000112216
28800.0	0.000111208
28809.999999999996	0.000110217
28820.0	0.000109226
28830.0	0.000108166
28840.0	0.000107105
28849.999999999996	0.000106046
28860.0	0.000101766
28870.0	9.74869e-05
28880.0	9.74167e-05
28889.999999999996	9.73465e-05
28900.0	9.72763e-05
28910.0	9.76682e-05
28920.0	9.80599e-05
28929.999999999996	9.84514e-05
28940.0	9.845e-05
28950.0	9.84486e-05
28960.0	9.81391e-05
28969.999999999996	9.78296e-05
28980.0	9.75203e-05
28990.0	9.68779e-05
29000.0	9.62357e-05
29009.999999999996	9.43503e-05
29020.0	9.24657e-05
29030.0	9.05815e-05
29040.0	9.27544e-05
29049.999999999996	9.49263e-05
29060.0	9.70973e-05
29070.0	9.30831e-05
29080.0	8.90716e-05
29089.999999999996	8.90427e-05
29100.0	8.90139e-05
29110.0	8.89901e-05
29120.0	8.65747e-05
29129.999999999996	8.41596e-05
29140.0	8.17458e-05
29150.0	8.58347e-05
29160.0	8.99222e-05
29169.999999999996	8.48265e-05
29180.0	7.97339e-05
29190.0	7.46429e-05
29200.0	7.29861e-05
29210.0	7.13302e-05
29220.0	6.96749e-05
29230.0	7.43065e-05
29240.0	7.89354e-05
29250.0	7.43142e-05
29260.0	6.96935e-05
29270.0	6.50756e-05
29280.0	6.64707e-05
29290.0	6.78654e-05
29300.0	6.926e-05
29310.0	7.00781e-05
29320.0	7.08959e-05
29330.0	7.0906e-05
29340.0	7.09161e-05
29350.0	7.09261e-05
29360.0	7.39888e-05
29370.0	7.70497e-05
29380.0	8.01095e-05
29390.0	7.68724e-05
29400.0	7.36357e-05
29410.0	6.71004e-05
29420.0	6.05674e-05
29430.0	5.4035e-05
29440.0	5.65547e-05
29450.0	5.90735e-05
29460.0	6.1592e-05
29470.0	6.88306e-05
29480.0	7.60667e-05
29490.0	7.45436e-05
29500.0	7.30206e-05
29510.0	7.15056e-05
29520.0	7.06175e-05
29530.0	6.97293e-05
29540.0	6.88414e-05
29550.0	6.48729e-05
29560.0	6.0904e-05
29570.0	5.78343e-05
29580.000000000004	5.47651e-05
29590.0	5.16956e-05
29600.0	5.74177e-05
29610.0	6.3139e-05
29620.000000000004	6.88594e-05
29630.0	6.56855e-05
29640.0	6.25128e-05
29650.0	5.70464e-05
29660.000000000004	5.15795e-05
29670.0	4.61147e-05
29680.0	4.54396e-05
29690.0	4.47643e-05
29700.000000000004	4.21074e-05
29710.0	3.94509e-05
29720.0	3.67948e-05
29730.0	3.51149e-05
29740.000000000004	3.34356e-05
29750.0	3.17566e-05
29760.0	3.56333e-05
29770.0	3.95085e-05
29780.000000000004	4.08482e-05
29790.0	4.2188e-05
29800.0	4.35273e-05
29810.0	4.12508e-05
29820.000000000004	3.89741e-05
29830.0	3.66983e-05
29840.0	4.07136e-05
29850.0	4.47283e-05
29860.000000000004	4.26132e-05
29870.0	4.04988e-05
29880.0	3.83848e-05
29890.0	4.06156e-05
29900.000000000004	4.28455e-05
29910.0	4.50751e-05
29920.0	3.75228e-05
29930.0	2.99734e-05
29940.000000000004	3.33363e-05
29950.0	3.66986e-05
29960.0	4.00613e-05
29970.0	4.87494e-05
29980.000000000004	5.74363e-05
29990.0	6.61239e-05
30000.0	6.73846e-05
30010.0	6.86452e-05
30019.999999999996	6.96864e-05
30030.0	7.07273e-05
30040.0	7.17681e-05
30050.0	7.05723e-05
30059.999999999996	6.93771e-05
30070.0	6.8182e-05
30080.0	6.75197e-05
30090.0	6.68573e-05
30099.999999999996	6.97531e-05
30110.0	7.26484e-05
30120.0	7.55441e-05
30130.0	7.70273e-05
30139.999999999996	7.85104e-05
30150.0	7.99936e-05
30160.0	8.3543e-05
30170.0	8.70918e-05
30179.999999999996	9.10819e-05
30190.0	9.50724e-05
30200.0	9.90613e-05
30210.0	0.000101031
30219.999999999996	0.000103
30230.0	0.000104967
30240.0	9.55579e-05
30250.0	8.61493e-05
30259.999999999996	8.89025e-05
30270.0	9.16547e-05
30280.0	9.44066e-05
30290.0	9.6648e-05
30299.999999999996	9.88885e-05
30310.0	0.000101128
30320.0	9.81028e-05
30330.0	9.5079e-05
30339.999999999996	9.21018e-05
30350.0	8.91249e-05
30360.0	8.61497e-05
30370.0	7.75064e-05
30379.999999999996	6.88642e-05
30390.0	7.03188e-05
30400.0	7.1773e-05
30410.0	7.32266e-05
30419.999999999996	7.54227e-05
30430.0	7.76175e-05
30440.0	7.98115e-05
30450.0	7.29427e-05
30460.0	6.6078e-05
30470.0	6.53328e-05
30480.0	6.45876e-05
30490.0	6.38429e-05
30500.0	6.6547e-05
30510.0	6.92507e-05
30520.0	7.19529e-05
30530.0	6.89314e-05
30540.0	6.5911e-05
30550.0	6.35633e-05
30560.0	6.1217e-05
30570.0	5.88715e-05
30580.0	5.95303e-05
30590.0	6.01886e-05
30600.0	6.08467e-05
30610.0	6.31463e-05
30620.0	6.54453e-05
30630.0	5.85576e-05
30640.0	5.16699e-05
30650.0	4.47805e-05
30660.0	4.60161e-05
30670.0	4.72516e-05
30680.0	4.84875e-05
30690.0	5.96207e-05
30700.0	7.07539e-05
30710.0	6.61986e-05
30720.0	6.16444e-05
30730.0	5.70902e-05
30740.0	5.01833e-05
30750.0	4.32746e-05
30760.0	3.63677e-05
30770.0	2.751e-05
30780.0	1.86503e-05
30790.0	2.10388e-05
30800.0	2.34274e-05
30810.0	2.58165e-05
30820.0	3.87306e-05
30830.000000000004	5.16447e-05
30840.0	6.45619e-05
30850.0	6.86445e-05
30860.0	7.27271e-05
30870.000000000004	6.58284e-05
30880.0	5.8928e-05
30890.0	5.20293e-05
30900.0	5.12863e-05
30910.000000000004	5.05432e-05
30920.0	4.98002e-05
30930.0	5.07082e-05
30940.0	5.16165e-05
30950.000000000004	5.37933e-05
30960.0	5.59702e-05
30970.0	5.8147e-05
30980.0	5.47367e-05
30990.000000000004	5.13273e-05
31000.0	4.79178e-05
31010.0	4.35292e-05
31020.0	3.91417e-05
31030.000000000004	4.34868e-05
31040.0	4.78329e-05
31050.0	5.21779e-05
31060.0	5.12988e-05
31070.000000000004	5.04194e-05
31080.0	4.66409e-05
31090.0	4.28624e-05
31100.0	3.90839e-05
31110.000000000004	4.28658e-05
31120.0	4.66467e-05
31130.0	5.04276e-05
31140.0	4.88382e-05
31150.000000000004	4.72491e-05
31160.0	4.66272e-05
31170.0	4.60051e-05
31180.0	4.53832e-05
31190.000000000004	4.25627e-05
31200.0	3.97421e-05
31210.0	3.69208e-05
31220.0	2.13748e-05
31230.000000000004	5.82874e-06
31240.0	8.17381e-06
31250.0	1.05183e-05
31260.0	1.28628e-05
31269.999999999996	1.8065e-05
31280.0	2.32658e-05
31290.0	2.84667e-05
31300.0	2.14482e-05
31309.999999999996	1.44315e-05
31320.0	1.39719e-05
31330.0	1.35124e-05
31340.0	1.30527e-05
31349.999999999996	1.21309e-05
31360.0	1.1209e-05
31370.0	1.0287e-05
31380.0	9.56045e-06
31389.999999999996	8.83392e-06
31400.0	5.89432e-06
31410.0	2.95541e-06
31420.0	1.6512e-08
31429.999999999996	1.37602e-08
31440.0	1.10078e-08
31450.0	0.0
31460.0	0.0
31469.999999999996	0.0
31480.0	1.10078e-08
31490.0	1.37596e-08
31500.0	1.6512e-08
31509.999999999996	9.63137e-08
31520.0	1.76115e-07
31530.0	2.55936e-07
31540.0	1.32096e-07
31549.999999999996	0.0
31560.0	0.0
31570.0	0.0
31580.0	0.0
31589.999999999996	0.0
31600.0	0.0
31610.0	0.0
31620.0	0.0
31629.999999999996	0.0
31640.0	2.752e-08
31650.0	4.6784e-08
31660.0	6.6048e-08
31669.999999999996	1.7065e-06
31680.0	3.34656e-06
31690.0	4.98662e-06
31700.0	6.67518e-06
31710.0	8.36333e-06
31720.0	1.07904e-05
31730.0	1.32181e-05
31740.0	1.56451e-05
31750.0	1.74034e-05
31760.0	1.91622e-05
31770.0	1.84577e-05
31780.0	1.77532e-05
31790.0	1.70486e-05
31800.0	1.63605e-05
31810.0	1.56726e-05
31820.0	1.49846e-05
31830.0	1.68383e-05
31840.0	1.86916e-05
31850.0	1.72111e-05
31860.0	1.57303e-05
31870.0	1.42499e-05
31880.0	1.38426e-05
31890.0	1.34353e-05
31900.0	1.3028e-05
31910.0	1.56947e-05
31920.0	1.83613e-05
31930.0	2.30598e-05
31940.0	2.7757e-05
31950.0	3.24543e-05
31960.0	3.1535e-05
31970.0	3.06159e-05
31980.0	2.96968e-05
31990.0	2.68943e-05
32000.0	2.4091e-05
32010.0	2.35682e-05
32020.0	2.30453e-05
32030.0	2.25224e-05
32040.0	2.4333e-05
32050.0	2.61437e-05
32060.0	2.79548e-05
32070.0	3.2025e-05
32080.000000000004	3.60952e-05
32090.0	3.26574e-05
32100.0	2.92205e-05
32110.0	2.57835e-05
32120.000000000004	2.6576e-05
32130.0	2.73687e-05
32140.0	2.81612e-05
32150.0	2.73192e-05
32160.000000000004	2.6477e-05
32170.0	2.03543e-05
32180.0	1.42316e-05
32190.0	8.10739e-06
32200.000000000004	8.91098e-06
32210.0	9.71456e-06
32220.0	1.05181e-05
32230.0	6.98003e-06
32240.000000000004	3.44275e-06
32250.0	2.32278e-06
32260.0	1.20253e-06
32270.0	8.256e-08
32280.000000000004	1.3814e-06
32290.0	2.68055e-06
32300.0	3.97939e-06
32310.0	1.99416e-06
32320.000000000004	0.0
32330.0	2.20193e-08
32340.0	3.57832e-08
32350.0	4.95484e-08
32360.000000000004	2.43663e-06
32370.0	4.82339e-06
32380.0	7.21038e-06
32390.0	3.6132e-06
32400.000000000004	1.65203e-08
32410.0	1.37678e-08
32420.0	1.10144e-08
32430.0	0.0
32440.000000000004	0.0
32450.0	0.0
32460.0	0.0
32470.0	0.0
32480.000000000004	0.0
32490.0	0.0
32500.0	0.0
32510.0	0.0
32519.999999999996	0.0
32530.0	0.0
32540.0	0.0
32550.0	0.0
32559.999999999996	0.0
32570.0	0.0
32580.0	0.0
32590.0	0.0
32599.999999999996	0.0
32610.0	0.0
32620.0	0.0
32630.0	0.0
32639.999999999996	0.0
32650.0	0.0
32660.0	0.0
32670.0	0.0
32679.999999999996	0.0
32690.0	0.0
32700.0	0.0
32710.0	0.0
32719.999999999996	0.0
32730.0	0.0
32740.0	0.0
32750.0	0.0
32759.999999999996	0.0
32770.0	0.0
32780.0	0.0
32790.0	0.0
32800.0	0.0
32810.0	0.0
32820.0	0.0
32830.0	0.0
32840.0	0.0
32850.0	0.0
32860.0	0.0
32870.0	0.0
32880.0	0.0
32890.0	0.0
32900.0	0.0
32910.0	0.0
32920.0	0.0
32930.0	0.0
32940.0	0.0
32950.0	0.0
32960.0	0.0
32970.0	0.0
32980.0	0.0
32990.0	0.0
33000.0	0.0
33010.0	0.0
33020.0	0.0
33030.0	0.0
33040.0	0.0
33050.0	0.0
33060.0	0.0
33070.0	0.0
33080.0	0.0
33090.0	0.0
33100.0	0.0
33110.0	0.0
33120.0	0.0
33130.0	0.0
33140.0	0.0
33150.0	0.0
33160.0	0.0
33170.0	0.0
33180.0	0.0
33190.0	0.0
33200.0	0.0
33210.0	0.0
33220.0	0.0
33230.0	0.0
33240.0	0.0
33250.0	0.0
33260.0	0.0
33270.0	0.0
33280.0	0.0
33290.0	0.0
33300.0	0.0
33310.0	0.0
33320.0	0.0
33330.0	0.0
33340.0	0.0
33350.0	0.0
33360.0	0.0
33370.0	0.0
33380.0	0.0
33390.0	0.0
33400.0	0.0
33410.0	0.0
33420.0	0.0
33430.0	0.0
33440.0	0.0
33450.0	0.0
33460.0	0.0
33470.0	0.0
33480.0	0.0
33490.0	0.0
33500.0	0.0
33510.0	0.0
33520.0	0.0
33530.0	0.0
33540.0	0.0
33550.0	0.0
33560.0	0.0
33570.0	0.0
33580.0	0.0
33590.0	0.0
33600.0	0.0
33610.0	0.0
33620.0	0.0
33630.0	0.0
33640.0	0.0
33650.0	0.0
33660.0	0.0
33670.0	0.0
33680.0	0.0
33690.0	0.0
33700.0	0.0
33710.0	0.0
33720.0	0.0
33730.0	0.0
33740.0	0.0
33750.0	0.0
33760.0	0.0
33770.0	0.0
33780.0	0.0
33790.0	0.0
33800.0	0.0
33810.0	0.0
33820.0	0.0
33830.0	0.0
33840.0	0.0
33850.0	0.0
33860.0	0.0
33870.0	0.0
33880.0	0.0
33890.0	0.0
33900.0	0.0
33910.0	0.0
33920.0	0.0
33930.0	0.0
33940.0	0.0
33950.0	0.0
33960.0	0.0
33970.0	0.0
33980.0	0.0
33990.0	0.0
34000.0	0.0
34010.0	0.0
34020.0	0.0
34030.0	0.0
34040.0	0.0
34050.0	0.0
34060.0	0.0
34070.0	0.0
34080.0	0.0
34090.0	0.0
34100.0	0.0
34110.0	0.0
34120.0	0.0
34130.0	0.0
34140.0	0.0
34150.0	0.0
34160.0	0.0
34170.0	0.0
34180.0	0.0
34190.0	0.0
34200.0	0.0
34210.0	0.0
34220.0	0.0
34230.0	0.0
34240.0	0.0
34250.0	0.0
34260.0	0.0
34270.0	0.0
34280.0	0.0
34290.0	0.0
34300.0	0.0
34310.0	0.0
34320.0	0.0
34330.0	0.0
34340.0	0.0
34350.0	0.0
34360.0	0.0
34370.0	0.0
34380.0	0.0
34390.0	0.0
34400.0	0.0
34410.0	0.0
34420.0	0.0
34430.0	0.0
34440.0	0.0
34450.0	0.0
34460.0	0.0
34470.0	0.0
34480.0	0.0
34490.0	0.0
34500.0	0.0
34510.0	0.0
34520.0	0.0
34530.0	0.0
34540.0	0.0
34550.0	0.0
34560.0	0.0
34570.0	0.0
34580.0	0.0
34590.0	0.0
34600.0	0.0
34610.0	0.0
34620.0	0.0
34630.0	0.0
34640.0	0.0
34650.0	0.0
34660.0	0.0
34670.0	0.0
34680.0	0.0
34690.0	0.0
34700.0	0.0
34710.0	0.0
34720.0	0.0
34730.0	0.0
34740.0	0.0
34750.0	0.0
34760.0	0.0
34770.0	0.0
34780.0	0.0
34790.0	0.0
34800.0	0.0
34810.0	0.0
34820.0	0.0
34830.0	0.0
34840.0	0.0
34850.0	0.0
34860.0	0.0
34870.0	0.0
34880.0	0.0
34890.0	0.0
34900.0	0.0
34910.0	0.0
34920.0	0.0
34930.0	0.0
34940.0	0.0
34950.0	0.0
34960.0	0.0
34970.0	0.0
34980.0	0.0
34990.0	0.0
35000.0	0.0
35010.0	0.0
35020.0	0.0
35030.0	0.0
35040.0	0.0
35050.0	0.0
35060.0	0.0
35070.0	0.0
35080.0	0.0
35090.0	0.0
35100.0	0.0
35110.0	0.0
35120.0	0.0
35130.0	0.0
35140.0	0.0
35150.0	0.0
35160.0	0.0
35170.0	0.0
35180.0	0.0
35190.0	0.0
35200.0	0.0
35210.0	0.0
35220.0	0.0
35230.0	0.0
35240.0	0.0
35250.0	0.0
35260.0	0.0
35270.0	0.0
35280.0	0.0
35290.0	0.0
35300.0	0.0
35310.0	0.0
35320.0	0.0
35330.0	0.0
35340.0	0.0
35350.0	0.0
35360.0	0.0
35370.0	0.0
35380.0	0.0
35390.0	0.0
35400.0	0.0
35410.0	0.0
35420.0	0.0
35430.0	0.0
35440.0	0.0
35450.0	0.0
35460.0	0.0
35470.0	0.0
35480.0	0.0
35490.0	0.0
35500.0	0.0
35510.0	0.0
35520.0	0.0
35530.0	0.0
35540.0	0.0
35550.0	0.0
35560.0	0.0
35570.0	0.0
35580.0	0.0
35590.0	0.0
35600.0	0.0
35610.0	0.0
35620.0	0.0
35630.0	0.0
35640.0	0.0
35650.0	0.0
35660.0	0.0
35670.0	0.0
35680.0	0.0
35690.0	0.0
35700.0	0.0
35710.0	0.0
35720.0	0.0
35730.0	0.0
35740.0	0.0
35750.0	0.0
35760.0	0.0
35770.0	0.0
35780.0	0.0
35790.0	0.0
35800.0	0.0
35810.0	0.0
35820.0	0.0
35830.0	0.0
35840.0	0.0
35850.0	0.0
35860.0	0.0
35870.0	0.0
35880.0	0.0
35890.0	0.0
35900.0	0.0
35910.0	0.0
35920.0	0.0
35930.0	0.0
35940.0	0.0
35950.0	0.0
35960.0	0.0
35970.0	0.0
35980.0	0.0
35990.0	0.0
36000.0	0.0
36010.0	0.0
36020.0	0.0
36030.0	0.0
36040.0	0.0
36050.0	0.0
36060.0	0.0
36070.0	0.0
36080.0	0.0
36090.0	0.0
36100.0	0.0
36110.0	0.0
36120.0	0.0
36130.0	0.0
36140.0	0.0
36150.0	0.0
36160.0	0.0
36170.0	0.0
36180.0	0.0
36190.0	0.0
36200.0	0.0
36210.0	0.0
36220.0	0.0
36230.0	0.0
36240.0	0.0
36250.0	0.0
36260.0	3.52476e-07
36270.0	6.98345e-07
36280.0	1.04231e-06
36290.0	4.26611e-06
36300.0	7.4736e-06
36310.0	6.77545e-06
36320.0	6.08216e-06
36330.0	5.39373e-06
36340.0	3.58556e-06
36350.0	1.79093e-06
36360.0	0.0
36370.0	0.0
36380.0	0.0
36390.0	0.0
36400.0	0.0
36410.0	0.0
36420.0	0.0
36430.0	0.0
36440.0	0.0
36450.0	0.0
36460.0	0.0
36470.0	0.0
36480.0	0.0
36490.0	0.0
36500.0	0.0
36510.0	0.0
36520.0	0.0
36530.0	0.0
36540.0	0.0
36550.0	0.0
36560.0	0.0
36570.0	0.0
36580.0	0.0
36590.0	0.0
36600.0	0.0
36610.0	1.5629e-08
36620.0	2.12233e-08
36630.0	1.29644e-07
36640.0	2.37133e-07
36650.0	3.43713e-07
36660.0	1.73239e-07
36670.0	0.0
36680.0	0.0
36690.0	0.0
36700.0	0.0
36710.0	0.0
36720.0	0.0
36730.0	0.0
36740.0	0.0
36750.0	0.0
36760.0	0.0
36770.0	0.0
36780.0	0.0
36790.0	0.0
36800.0	0.0
36810.0	0.0
36820.0	0.0
36830.0	0.0
36840.0	0.0
36850.0	0.0
36860.0	0.0
36870.0	0.0
36880.0	0.0
36890.0	0.0
36900.0	0.0
36910.0	0.0
36920.0	1.23807e-08
36930.0	2.09488e-08
36940.0	2.94324e-08
36950.0	1.83057e-07
36960.0	3.35232e-07
36970.0	4.85887e-07
36980.0	2.72431e-07
36990.0	6.10415e-08
37000.0	5.83586e-08
37010.0	5.57378e-08
37020.0	5.31372e-08
37030.0	4.86825e-07
37040.0	9.16656e-07
37050.0	1.34273e-06
37060.0	2.03847e-06
37070.0	2.72788e-06
37080.0	3.14491e-06
37090.0	3.55823e-06
37100.0	3.96766e-06
37110.0	4.16447e-06
37120.0	4.35935e-06
37130.0	4.55236e-06
37140.0	4.24791e-06
37150.0	3.94604e-06
37160.0	3.8004e-06
37170.0	3.65597e-06
37180.0	3.51271e-06
37190.0	3.85928e-06
37200.0	4.20239e-06
37210.0	3.98221e-06
37220.0	3.76391e-06
37230.0	3.54744e-06
37240.0	2.66382e-06
37250.0	1.78844e-06
37260.0	9.21109e-07
37270.0	6.00586e-07
37280.0	2.83115e-07
37290.0	4.38289e-07
37300.0	5.919e-07
37310.0	7.43986e-07
37320.0	1.39746e-06
37330.0	2.04429e-06
37340.0	2.68461e-06
37350.0	3.61314e-06
37360.0	4.53244e-06
37370.0	6.09385e-06
37380.0	7.63919e-06
37390.0	9.16883e-06
37400.0	1.02969e-05
37410.0	1.14129e-05
37420.0	1.2517e-05
37430.0	1.27319e-05
37440.0	1.29439e-05
37450.0	1.26843e-05
37460.0	1.24268e-05
37470.0	1.21713e-05
37480.0	1.22123e-05
37490.0	1.22522e-05
37500.0	1.22909e-05
37510.0	1.25874e-05
37520.0	1.28657e-05
37530.0	1.28001e-05
37540.0	1.27284e-05
37550.0	1.26506e-05
37560.0	1.21489e-05
37570.0	1.16574e-05
37580.0	1.1176e-05
37590.0	9.37275e-06
37600.0	7.63512e-06
37610.0	7.4233e-06
37620.0	7.21281e-06
37630.0	7.00373e-06
37640.0	7.5334e-06
37650.0	8.05898e-06
37660.0	8.58022e-06
37670.0	8.1182e-06
37680.0	7.65948e-06
37690.0	7.28544e-06
37700.0	6.91414e-06
37710.0	6.54551e-06
37720.0	6.13955e-06
37730.0	5.73666e-06
37740.0	5.33673e-06
37750.0	5.9477e-06
37760.0	6.55353e-06
37770.0	6.70064e-06
37780.0	6.84641e-06
37790.0	6.99077e-06
37800.0	7.05718e-06
37810.0	7.14491e-06
37820.0	7.23249e-06
37830.0	7.76412e-06
37840.0	8.29473e-06
37850.0	7.51678e-06
37860.0	6.74047e-06
37870.0	5.96561e-06
37880.0	5.0308e-06
37890.0	4.09798e-06
37900.0	4.18979e-06
37910.0	4.28142e-06
37920.0	4.37289e-06
37930.0	4.45637e-06
37940.0	4.5397e-06
37950.0	4.62287e-06
37960.0	4.09402e-06
37970.0	3.56617e-06
37980.0	3.6479e-06
37990.0	3.72945e-06
38000.0	3.81084e-06
38010.0	3.72158e-06
38020.0	3.63252e-06
38030.0	3.54361e-06
38040.0	2.23718e-06
38050.0	9.32942e-07
38060.0	9.60666e-07
38070.0	9.88334e-07
38080.0	1.01595e-06
38090.0	1.85723e-06
38100.0	2.69689e-06
38110.0	3.53511e-06
38120.0	4.7863e-06
38130.0	6.03507e-06
38140.0	6.20308e-06
38150.0	6.37079e-06
38160.0	6.53813e-06
38170.0	5.79064e-06
38180.0	5.04443e-06
38190.0	4.29983e-06
38200.0	3.01267e-06
38210.0	1.72772e-06
38220.0	1.45932e-06
38230.0	1.19145e-06
38240.0	9.24096e-07
38250.0	1.55657e-06
38260.0	2.18765e-06
38270.0	2.81748e-06
38280.0	4.30834e-06
38290.0	5.7959e-06
38300.0	5.8386e-06
38310.0	5.88121e-06
38320.0	5.92372e-06
38330.0	5.64658e-06
38340.0	5.3699e-06
38350.0	5.09382e-06
38360.0	5.19351e-06
38370.0	5.293e-06
38380.0	5.90626e-06
38390.0	6.51814e-06
38400.0	7.12879e-06
38410.0	7.27214e-06
38420.0	7.41515e-06
38430.0	7.55787e-06
38440.0	6.93987e-06
38450.0	6.32325e-06
38460.0	6.48471e-06
38470.0	6.64583e-06
38480.0	6.80665e-06
38490.0	7.36457e-06
38500.0	7.92136e-06
38510.0	8.47715e-06
38520.0	9.02203e-06
38530.0	9.5658e-06
38540.0	9.49687e-06
38550.0	9.42807e-06
38560.0	9.35939e-06
38570.0	9.08302e-06
38580.0	8.80725e-06
38590.0	8.80891e-06
38600.0	8.81054e-06
38610.0	8.81216e-06
38620.0	8.71469e-06
38630.0	8.6174e-06
38640.0	8.52027e-06
38650.0	7.88342e-06
38660.0	7.24786e-06
38670.0	6.97493e-06
38680.0	6.70262e-06
38690.0	6.43084e-06
38700.0	6.25459e-06
38710.0	6.07865e-06
38720.0	5.90309e-06
38730.0	6.24374e-06
38740.0	6.58375e-06
38750.0	6.93015e-06
38760.0	7.27582e-06
38770.0	7.62084e-06
38780.0	7.84097e-06
38790.0	8.06063e-06
38800.0	8.27987e-06
38810.0	8.48329e-06
38820.0	8.68648e-06
38830.0	8.41373e-06
38840.0	8.14122e-06
38850.0	7.86906e-06
38860.0	7.06091e-06
38870.0	6.25346e-06
38880.0	5.44709e-06
38890.0	4.62166e-06
38900.0	3.79693e-06
38910.0	3.90179e-06
38920.0	4.00653e-06
38930.0	4.11115e-06
38940.0	4.59851e-06
38950.0	5.0852e-06
38960.0	5.57134e-06
38970.0	6.12609e-06
38980.0	6.68008e-06
38990.0	7.03943e-06
39000.0	7.39845e-06
39010.0	7.75699e-06
39020.0	7.64506e-06
39030.0	7.53323e-06
39040.0	7.42155e-06
39050.0	7.37327e-06
39060.0	7.32505e-06
39070.0	7.52407e-06
39080.0	7.72281e-06
39090.0	7.92132e-06
39100.0	8.03166e-06
39110.0	8.14183e-06
39120.0	8.25188e-06
39130.0	7.61225e-06
39140.0	6.97348e-06
39150.0	6.18886e-06
39160.0	5.40512e-06
39170.0	4.62208e-06
39180.0	4.1568e-06
39190.0	3.69204e-06
39200.0	3.22769e-06
39210.0	3.43307e-06
39220.0	3.63821e-06
39230.0	3.92861e-06
39240.0	4.21861e-06
39250.0	4.50828e-06
39260.0	4.4915e-06
39270.0	4.47475e-06
39280.0	3.75656e-06
39290.0	3.03919e-06
39300.0	2.32245e-06
39310.0	2.1441e-06
39320.0	1.96595e-06
39330.0	1.78796e-06
39340.0	2.11527e-06
39350.0	2.44221e-06
39360.0	2.53947e-06
39370.0	2.63659e-06
39380.0	2.73361e-06
39390.0	2.72578e-06
39400.0	2.71795e-06
39410.0	2.71013e-06
39420.0	3.14337e-06
39430.0	3.57621e-06
39440.0	3.81617e-06
39450.0	4.05586e-06
39460.0	4.29532e-06
39470.0	4.40649e-06
39480.0	4.51752e-06
39490.0	4.62842e-06
39500.0	5.4018e-06
39510.0	6.1741e-06
39520.0	6.05166e-06
39530.0	5.92932e-06
39540.0	5.80715e-06
39550.0	4.73187e-06
39560.0	3.65757e-06
39570.0	2.58477e-06
39580.0	1.9701e-06
39590.0	1.35599e-06
39600.0	1.50083e-06
39610.0	1.64575e-06
39620.0	1.79055e-06
39630.0	2.3642e-06
39640.0	2.93722e-06
39650.0	3.50975e-06
39660.0	3.51659e-06
39670.0	3.52343e-06
39680.0	3.57504e-06
39690.0	3.62661e-06
39700.0	3.67812e-06
39710.0	4.40551e-06
39720.0	5.13227e-06
39730.0	5.85859e-06
39740.0	6.88907e-06
39750.0	7.91867e-06
39760.0	8.03901e-06
39770.0	8.15921e-06
39780.0	8.2793e-06
39790.0	8.26407e-06
39800.0	8.24885e-06
39810.0	8.23365e-06
39820.0	8.23195e-06
39830.0	8.23026e-06
39840.0	8.00716e-06
39850.0	7.78426e-06
39860.0	7.56149e-06
39870.0	6.81031e-06
39880.0	6.05978e-06
39890.0	5.89068e-06
39900.0	5.72176e-06
39910.0	5.55298e-06
39920.0	5.31522e-06
39930.0	5.07773e-06
39940.0	4.84043e-06
39950.0	5.1716e-06
39960.0	5.50257e-06
39970.0	6.12164e-06
39980.0	6.74018e-06
39990.0	7.35832e-06
40000.0	7.91736e-06
40010.0	8.47591e-06
40020.0	9.03397e-06
40030.0	9.0036e-06
40039.99999999999	8.97324e-06
40050.0	8.37735e-06
40060.0	7.78197e-06
40070.0	7.18711e-06
40080.0	6.22688e-06
40090.0	5.26749e-06
40100.0	4.30847e-06
40110.0	3.99742e-06
40119.99999999999	3.68665e-06
40130.0	4.23017e-06
40140.0	4.77321e-06
40150.0	5.31578e-06
40160.0	6.07794e-06
40170.0	6.8398e-06
40180.0	7.60063e-06
40190.0	8.50983e-06
40199.99999999999	9.41823e-06
40210.0	9.53e-06
40220.0	9.64168e-06
40230.0	9.75325e-06
40240.0	9.26358e-06
40250.0	8.77457e-06
40260.0	8.28599e-06
40270.0	7.34323e-06
40279.99999999999	6.4013e-06
40290.0	6.60237e-06
40300.0	6.80335e-06
40310.0	7.00405e-06
40320.0	7.27069e-06
40330.0	7.53709e-06
40340.0	7.80325e-06
40350.0	7.81602e-06
40359.99999999999	7.82877e-06
40370.0	7.80854e-06
40380.0	7.78834e-06
40390.0	7.76814e-06
40400.0	7.9443e-06
40410.00000000001	8.12029e-06
40420.0	8.29613e-06
40430.0	8.40727e-06
40439.99999999999	8.51826e-06
40450.0	7.97279e-06
40460.0	7.4278e-06
40470.0	6.88328e-06
40480.0	6.23795e-06
40490.00000000001	5.59319e-06
40500.0	4.94868e-06
40510.0	4.69541e-06
40519.99999999999	4.44237e-06
40530.0	4.48623e-06
40540.0	4.53005e-06
40550.0	4.57383e-06
40560.0	4.79117e-06
40570.00000000001	5.00821e-06
40580.0	5.42345e-06
40590.0	5.83832e-06
40599.99999999999	6.25282e-06
40610.0	7.37486e-06
40620.0	8.4959e-06
40630.0	9.61647e-06
40640.0	1.03131e-05
40650.00000000001	1.10091e-05
40660.0	1.12279e-05
40670.0	1.14465e-05
40679.99999999999	1.16648e-05
40690.0	1.16691e-05
40700.0	1.16733e-05
40710.0	1.16733e-05
40720.0	1.10694e-05
40730.00000000001	1.04664e-05
40740.0	9.63729e-06
40750.0	8.80951e-06
40759.99999999999	7.98268e-06
40770.0	7.86575e-06
40780.0	7.74899e-06
40790.0	7.63241e-06
40800.0	7.57606e-06
40810.00000000001	7.5198e-06
40820.0	7.46041e-06
40830.0	7.40108e-06
40839.99999999999	7.34186e-06
40850.0	7.4916e-06
40860.0	7.64109e-06
40870.0	7.79032e-06
40880.0	8.41756e-06
40890.00000000001	9.04405e-06
40900.0	9.19404e-06
40910.0	9.34377e-06
40920.0	9.49325e-06
40930.0	9.19036e-06
40940.0	8.88796e-06
40950.0	8.58605e-06
40960.0	8.48697e-06
40970.00000000001	8.38808e-06
40980.0	8.38399e-06
40990.0	8.3799e-06
41000.0	8.3758e-06
41010.0	8.22777e-06
41020.0	8.07991e-06
41030.0	7.93235e-06
41040.0	7.40194e-06
41050.00000000001	6.87239e-06
41060.0	6.76974e-06
41070.0	6.66725e-06
41080.0	6.56492e-06
41090.0	6.97418e-06
41100.0	7.38256e-06
41110.0	7.79023e-06
41120.0	8.55468e-06
41130.00000000001	9.31784e-06
41140.0	9.68125e-06
41150.0	1.0044e-05
41160.0	1.04064e-05
41170.0	1.04254e-05
41180.0	1.04444e-05
41190.0	1.04634e-05
41200.0	9.93176e-06
41210.00000000001	9.40106e-06
41220.0	8.66199e-06
41230.0	7.92451e-06
41240.0	7.18828e-06
41250.0	6.56432e-06
41260.0	5.94142e-06
41270.0	5.78317e-06
41280.0	5.62518e-06
41289.99999999999	5.46738e-06
41300.0	5.46102e-06
41310.0	5.45467e-06
41320.0	5.44831e-06
41330.0	5.44533e-06
41340.0	5.44234e-06
41350.0	5.58708e-06
41360.0	5.7315e-06
41369.99999999999	5.87566e-06
41380.0	6.04469e-06
41390.0	6.21343e-06
41400.0	6.38187e-06
41410.0	6.85126e-06
41420.0	7.32006e-06
41430.0	7.60931e-06
41440.0	7.89804e-06
41449.99999999999	8.18627e-06
41460.0	8.00794e-06
41470.0	7.82992e-06
41480.0	7.65219e-06
41490.0	7.20189e-06
41500.0	6.75257e-06
41510.0	7.09374e-06
41520.0	7.43431e-06
41529.99999999999	7.77427e-06
41540.0	8.23847e-06
41550.0	8.70207e-06
41560.0	9.16462e-06
41570.0	9.54931e-06
41580.0	9.93331e-06
41590.0	9.84024e-06
41600.0	9.7473e-06
41609.99999999999	9.65452e-06
41620.0	9.07098e-06
41630.0	8.48873e-06
41640.0	7.90749e-06
41650.0	7.4795e-06
41660.00000000001	7.05225e-06
41670.0	7.07975e-06
41680.0	7.10721e-06
41689.99999999999	7.13459e-06
41700.0	7.37951e-06
41710.0	7.62398e-06
41720.0	7.86801e-06
41730.0	8.05423e-06
41740.00000000001	8.2401e-06
41750.0	8.27384e-06
41760.0	8.3075e-06
41769.99999999999	8.34108e-06
41780.0	8.26845e-06
41790.0	8.19595e-06
41800.0	8.12355e-06
41810.0	8.17595e-06
41820.00000000001	8.22821e-06
41830.0	8.42789e-06
41840.0	8.62719e-06
41849.99999999999	8.82611e-06
41860.0	8.81445e-06
41870.0	8.80279e-06
41880.0	8.79113e-06
41890.0	7.93819e-06
41900.00000000001	7.08677e-06
41910.0	6.43092e-06
41920.0	5.77768e-06
41929.99999999999	5.12704e-06
41940.0	4.37213e-06
41950.0	3.61989e-06
41960.0	3.32553e-06
41970.0	3.03235e-06
41980.00000000001	2.74034e-06
41990.0	2.97014e-06
42000.0	3.19897e-06
42009.99999999999	3.42694e-06
42020.0	3.99554e-06
42030.0	4.56175e-06
42040.0	5.03909e-06
42050.0	5.51439e-06
42060.00000000001	5.98767e-06
42070.0	6.42487e-06
42080.0	6.8604e-06
42089.99999999999	7.29384e-06
42100.0	7.38895e-06
42110.0	7.48359e-06
42120.0	7.15004e-06
42130.0	6.81784e-06
42140.00000000001	6.48682e-06
42150.0	6.57371e-06
42160.0	6.66018e-06
42170.0	6.74622e-06
42180.0	7.46558e-06
42190.0	8.18179e-06
42200.0	8.93604e-06
42210.0	9.68731e-06
42220.00000000001	1.04349e-05
42230.0	1.04655e-05
42240.0	1.04959e-05
42250.0	1.05261e-05
42260.0	1.00148e-05
42270.0	9.50541e-06
42280.0	9.20418e-06
42290.0	8.90417e-06
42300.00000000001	8.60539e-06
42310.0	8.48868e-06
42320.0	8.37241e-06
42330.0	8.25656e-06
42340.0	8.09547e-06
42350.0	7.93508e-06
42360.0	7.39683e-06
42370.0	6.8609e-06
42380.00000000001	6.3273e-06
42390.0	6.01596e-06
42400.0	5.70596e-06
42410.0	5.39715e-06
42420.0	5.39212e-06
42430.0	5.38705e-06
42440.0	5.81776e-06
42450.0	6.24644e-06
42460.00000000001	6.67312e-06
42470.0	6.98566e-06
42480.0	7.29655e-06
42490.0	7.60595e-06
42500.0	7.90242e-06
42510.0	8.19745e-06
42520.0	8.16826e-06
42530.0	8.13912e-06
42539.99999999999	8.11002e-06
42550.0	7.76715e-06
42560.0	7.4258e-06
42570.0	7.08596e-06
42580.0	6.78188e-06
42590.0	6.47914e-06
42600.0	6.51422e-06
42610.0	6.54905e-06
42619.99999999999	6.58364e-06
42630.0	6.57485e-06
42640.0	6.56602e-06
42650.0	6.23761e-06
42660.0	5.91069e-06
42670.0	5.58511e-06
42680.0	5.1929e-06
42690.0	4.80252e-06
42699.99999999999	4.41396e-06
42710.0	4.48817e-06
42720.0	4.56065e-06
42730.0	4.87599e-06
42740.0	5.18579e-06
42750.0	5.48976e-06
42760.0	5.99747e-06
42770.0	6.49602e-06
42779.99999999999	6.98543e-06
42790.0	7.27762e-06
42800.0	7.56398e-06
42810.0	7.51311e-06
42820.0	7.46199e-06
42830.0	7.41063e-06
42840.0	7.26208e-06
42850.0	7.11501e-06
42859.99999999999	6.96942e-06
42870.0	6.79333e-06
42880.0	6.6194e-06
42890.0	6.69376e-06
42900.0	6.76561e-06
42910.00000000001	6.83496e-06
42920.0	6.96674e-06
42930.0	7.09484e-06
42939.99999999999	7.21913e-06
42950.0	7.27694e-06
42960.0	7.33224e-06
42970.0	7.08655e-06
42980.0	6.84432e-06
42990.00000000001	6.60555e-06
43000.0	6.00075e-06
43010.0	5.29446e-06
43019.99999999999	4.62145e-06
43030.0	3.98025e-06
43040.0	3.37242e-06
43050.0	3.16757e-06
43060.0	2.9689e-06
43070.00000000001	2.7766e-06
43080.0	2.89729e-06
43090.0	2.99899e-06
43099.99999999999	3.08169e-06
43110.0	3.15237e-06
43120.0	3.19856e-06
43130.0	2.98996e-06
43140.0	2.78469e-06
43150.00000000001	2.58266e-06
43160.0	2.32752e-06
43170.0	2.08389e-06
43179.99999999999	1.85179e-06
43190.0	1.67132e-06
43200.0	1.49472e-06
43210.0	1.46091e-06
43220.0	1.42702e-06
43230.00000000001	1.39307e-06
43240.0	1.3699e-06
43250.0	1.3461e-06
43259.99999999999	1.32165e-06
43270.0	1.33556e-06
43280.0	1.34664e-06
43290.0	1.4091e-06
43300.0	1.46547e-06
43310.00000000001	1.51575e-06
43320.0	1.44313e-06
43330.0	1.37208e-06
43339.99999999999	1.26135e-06
43350.0	1.15512e-06
43360.0	1.05341e-06
43370.0	9.52981e-07
43380.0	8.57317e-07
43390.00000000001	7.66379e-07
43400.0	8.13226e-07
43410.0	8.52952e-07
43420.0	8.28006e-07
43430.0	8.0159e-07
43440.0	7.73704e-07
43450.0	7.22554e-07
43460.0	6.72421e-07
43470.00000000001	6.23351e-07
43480.0	5.53222e-07
43490.0	4.87208e-07
43500.0	5.05092e-07
43510.0	5.59145e-07
43520.0	6.13169e-07
43530.0	6.69476e-07
43540.0	7.25726e-07
43550.00000000001	7.81921e-07
43560.0	8.36515e-07
43570.0	8.91054e-07
43580.0	8.64091e-07
43590.0	8.37141e-07
43600.0	8.10231e-07
43610.0	7.7544e-07
43620.0	7.40684e-07
43630.00000000001	7.05962e-07
43640.0	7.08619e-07
43650.0	7.11274e-07
43660.0	7.5746e-07
43670.0	8.03578e-07
43680.0	8.49649e-07
43690.0	8.87277e-07
43700.0	9.24867e-07
43710.00000000001	9.629e-07
43720.0	9.67551e-07
43730.0	9.722e-07
43740.0	9.66367e-07
43750.0	9.60533e-07
43760.0	9.547e-07
43770.0	9.66898e-07
43780.0	9.79096e-07
43789.99999999999	9.913e-07
43800.0	1.01665e-06
43810.0	1.042e-06
43820.0	1.0456e-06
43830.0	1.0492e-06
43840.0	1.0528e-06
43850.0	1.04183e-06
43860.0	1.03086e-06
43869.99999999999	1.0199e-06
43880.0	9.9105e-07
43890.0	9.622e-07
43900.0	9.72265e-07
43910.0	9.8233e-07
43920.0	9.924e-07
43930.0	1.01323e-06
43940.0	1.03407e-06
43949.99999999999	1.0549e-06
43960.0	1.0824e-06
43970.0	1.1099e-06
43980.0	1.08404e-06
43990.0	1.05816e-06
44000.0	1.0323e-06
44010.0	1.0107e-06
44020.0	9.891e-07
44029.99999999999	9.896e-07
44040.0	9.901e-07
44050.0	9.906e-07
44060.0	1.0015e-06
44070.0	1.0124e-06
44080.0	1.0233e-06
44090.0	9.9915e-07
44100.0	9.75e-07
44109.99999999999	9.45638e-07
44120.0	9.16262e-07
44130.0	8.869e-07
44140.0	8.53667e-07
44150.0	8.20433e-07
44160.00000000001	7.872e-07
44170.0	7.71504e-07
44180.0	7.558e-07
44189.99999999999	7.529e-07
44200.0	7.5e-07
44210.0	7.471e-07
44220.0	7.49267e-07
44230.0	7.51433e-07
44240.00000000001	7.536e-07
44250.0	7.536e-07
44260.0	7.536e-07
44269.99999999999	7.39867e-07
44280.0	7.26133e-07
44290.0	7.124e-07
44300.0	6.9077e-07
44310.0	6.6913e-07
44320.00000000001	6.475e-07
44330.0	6.1785e-07
44340.0	5.882e-07
44349.99999999999	6.06967e-07
44360.0	6.25733e-07
44370.0	6.445e-07
44380.0	6.74543e-07
44390.0	7.04571e-07
44400.00000000001	7.346e-07
44410.0	7.601e-07
44420.0	7.856e-07
44429.99999999999	7.73869e-07
44440.0	7.62137e-07
44450.0	7.504e-07
44460.0	7.311e-07
44470.0	7.118e-07
44480.00000000001	6.925e-07
44490.0	6.5845e-07
44500.0	6.244e-07
44509.99999999999	5.86054e-07
44520.0	5.47727e-07
44530.0	5.094e-07
44540.0	4.84733e-07
44550.0	4.60067e-07
44560.00000000001	4.354e-07
44570.0	4.15455e-07
44580.0	3.955e-07
44589.99999999999	4.07533e-07
44600.0	4.19567e-07
44610.0	4.316e-07
44620.0	4.5313e-07
44630.0	4.7466e-07
44640.00000000001	4.962e-07
44650.0	5.3255e-07
44660.0	5.689e-07
44670.0	5.76e-07
44680.0	5.831e-07
44690.0	5.902e-07
44700.0	5.72404e-07
44710.0	5.546e-07
44720.00000000001	5.479e-07
44730.0	5.412e-07
44740.0	5.345e-07
44750.0	5.49931e-07
44760.0	5.65362e-07
44770.0	5.808e-07
44780.0	6.293e-07
44790.0	6.778e-07
44800.00000000001	6.94267e-07
44810.0	7.10733e-07
44820.0	7.272e-07
44830.0	7.10436e-07
44840.0	6.93664e-07
44850.0	6.769e-07
44860.0	6.615e-07
44870.0	6.461e-07
44880.00000000001	6.51433e-07
44890.0	6.56767e-07
44900.0	6.621e-07
44910.0	6.8464e-07
44920.0	7.0717e-07
44930.0	7.297e-07
44940.0	6.8515e-07
44950.0	6.406e-07
44960.00000000001	6.14937e-07
44970.0	5.89263e-07
44980.0	5.636e-07
44990.0	5.44167e-07
45000.0	5.24733e-07
45010.0	5.053e-07
45020.0	5.3335e-07
45030.0	5.614e-07
45039.99999999999	5.81706e-07
45050.0	6.02003e-07
45060.0	6.223e-07
45070.0	6.418e-07
45080.0	6.613e-07
45090.0	6.808e-07
45100.0	6.83751e-07
45110.0	6.867e-07
45119.99999999999	6.783e-07
45130.0	6.699e-07
45140.0	6.615e-07
45150.0	6.47202e-07
45160.0	6.32905e-07
45170.0	6.186e-07
45180.0	5.9185e-07
45190.0	5.651e-07
45199.99999999999	5.539e-07
45210.0	5.427e-07
45220.0	5.315e-07
45230.0	5.26634e-07
45240.0	5.21766e-07
45250.0	5.169e-07
45260.0	5.315e-07
45270.0	5.461e-07
45279.99999999999	5.53632e-07
45290.0	5.61164e-07
45300.0	5.687e-07
45310.0	5.81067e-07
45320.0	5.93433e-07
45330.0	6.058e-07
45340.0	6.613e-07
45350.0	7.168e-07
45359.99999999999	7.42829e-07
45370.0	7.68871e-07
45380.0	7.949e-07
45390.0	8.138e-07
45400.0	8.327e-07
45410.00000000001	8.15469e-07
45420.0	7.98239e-07
45430.0	7.81e-07
45439.99999999999	7.772e-07
45450.0	7.734e-07
45460.0	7.696e-07
45470.0	7.677e-07
45480.0	7.658e-07
45490.00000000001	7.56435e-07
45500.0	7.47065e-07
45510.0	7.377e-07
45519.99999999999	7.298e-07
45530.0	7.219e-07
45540.0	7.14e-07
45550.0	7.05252e-07
45560.0	6.965e-07
45570.00000000001	6.95967e-07
45580.0	6.95433e-07
45590.0	6.949e-07
45599.99999999999	7.08733e-07
45610.0	7.22567e-07
45620.0	7.364e-07
45630.0	7.65757e-07
45640.0	7.951e-07
45650.00000000001	8.073e-07
45660.0	8.195e-07
45670.0	8.317e-07
45679.99999999999	8.09004e-07
45690.0	7.86307e-07
45700.0	7.636e-07
45710.0	7.151e-07
45720.0	6.666e-07
45730.00000000001	6.52933e-07
45740.0	6.39267e-07
45750.0	6.256e-07
45759.99999999999	6.32202e-07
45770.0	6.38801e-07
45780.0	6.454e-07
45790.0	6.722e-07
45800.0	6.99e-07
45810.00000000001	7.06032e-07
45820.0	7.13064e-07
45830.0	7.201e-07
45839.99999999999	7.13167e-07
45850.0	7.06233e-07
45860.0	6.993e-07
45870.0	6.7555e-07
45880.0	6.518e-07
45890.00000000001	6.4103e-07
45900.0	6.30265e-07
45910.0	6.195e-07
45920.0	6.17867e-07
45930.0	6.16233e-07
45940.0	6.146e-07
45950.0	6.24198e-07
45960.0	6.338e-07
45970.00000000001	6.36033e-07
45980.0	6.38267e-07
45990.0	6.405e-07
46000.0	6.432e-07
46010.0	6.45899e-07
46020.0	6.486e-07
46030.0	6.536e-07
46040.0	6.586e-07
46050.00000000001	6.70433e-07
46060.0	6.82267e-07
46070.0	6.941e-07
46080.0	7.00399e-07
46090.0	7.067e-07
46100.0	6.959e-07
46110.0	6.851e-07
46120.0	6.743e-07
46130.00000000001	6.45767e-07
46140.0	6.17233e-07
46150.0	5.887e-07
46160.0	5.61544e-07
46170.0	5.344e-07
46180.0	5.441e-07
46190.0	5.538e-07
46200.0	5.635e-07
46210.00000000001	5.70999e-07
46220.0	5.78501e-07
46230.0	5.86e-07
46240.0	5.9245e-07
46250.0	5.989e-07
46260.0	5.91767e-07
46270.0	5.84633e-07
46280.0	5.775e-07
46289.99999999999	5.79067e-07
46300.0	5.80634e-07
46310.0	5.822e-07
46320.0	5.9245e-07
46330.0	6.027e-07
46340.0	6.06699e-07
46350.0	6.10701e-07
46360.0	6.147e-07
46369.99999999999	6.16667e-07
46380.0	6.18633e-07
46390.0	6.206e-07
46400.0	6.2035e-07
46410.0	6.201e-07
46420.0	6.08963e-07
46430.0	5.97832e-07
46440.0	5.867e-07
46449.99999999999	5.837e-07
46460.0	5.807e-07
46470.0	5.777e-07
46480.0	5.95796e-07
46490.0	6.139e-07
46500.0	6.42367e-07
46510.0	6.70833e-07
46520.0	6.993e-07
46529.99999999999	7.30995e-07
46540.0	7.6269e-07
46550.0	7.944e-07
46560.0	8.171e-07
46570.0	8.398e-07
46580.0	8.216e-07
46590.0	8.034e-07
46600.0	7.852e-07
46609.99999999999	7.53005e-07
46620.0	7.20795e-07
46630.0	6.886e-07
46640.0	6.582e-07
46650.0	6.278e-07
46660.00000000001	6.29566e-07
46670.0	6.31333e-07
46680.0	6.331e-07
46689.99999999999	6.714e-07
46700.0	7.097e-07
46710.0	6.933e-07
46720.0	6.769e-07
46730.0	6.605e-07
46740.00000000001	6.42669e-07
46750.0	6.2483e-07
46760.0	6.07e-07
46769.99999999999	5.869e-07
46780.0	5.668e-07
46790.0	5.72032e-07
46800.0	5.77265e-07
46810.0	5.825e-07
46820.00000000001	5.951e-07
46830.0	6.077e-07
46840.0	6.203e-07
46849.99999999999	6.391e-07
46860.0	6.579e-07
46870.0	6.7633e-07
46880.0	6.9477e-07
46890.0	7.132e-07
46900.00000000001	7.38067e-07
46910.0	7.62933e-07
46920.0	7.878e-07
46929.99999999999	7.9515e-07
46940.0	8.025e-07
46950.0	8.07068e-07
46960.0	8.11634e-07
46970.0	8.162e-07
46980.00000000001	8.22833e-07
46990.0	8.29467e-07
47000.0	8.361e-07
47009.99999999999	8.38651e-07
47020.0	8.412e-07
47030.0	8.39467e-07
47040.0	8.37733e-07
47050.0	8.36e-07
47060.00000000001	8.23802e-07
47070.0	8.11604e-07
47080.0	7.994e-07
47089.99999999999	7.838e-07
47100.0	7.682e-07
47110.0	7.59467e-07
47120.0	7.50733e-07
47130.0	7.42e-07
47140.00000000001	7.35031e-07
47150.0	7.28066e-07
47160.0	7.211e-07
47170.0	7.204e-07
47180.0	7.197e-07
47190.0	7.35198e-07
47200.0	7.50695e-07
47210.0	7.662e-07
47220.00000000001	7.90767e-07
47230.0	8.15333e-07
47240.0	8.399e-07
47250.0	8.857e-07
47260.0	9.315e-07
47270.0	9.44671e-07
47280.0	9.57835e-07
47290.0	9.71e-07
47300.00000000001	9.70333e-07
47310.0	9.69667e-07
47320.0	9.69e-07
47330.0	9.39757e-07
47340.0	9.105e-07
47350.0	8.95833e-07
47360.0	8.81167e-07
47370.0	8.665e-07
47380.00000000001	8.494e-07
47390.0	8.323e-07
47400.0	8.295e-07
47410.0	8.267e-07
47420.0	8.239e-07
47430.0	8.186e-07
47440.0	8.133e-07
47450.0	8.08e-07
47460.00000000001	7.96953e-07
47470.0	7.859e-07
47480.0	7.872e-07
47490.0	7.885e-07
47500.0	7.898e-07
47510.0	7.92967e-07
47520.0	7.96133e-07
47530.0	7.993e-07
47539.99999999999	8.07502e-07
47550.0	8.157e-07
47560.0	8.249e-07
47570.0	8.341e-07
47580.0	8.433e-07
47590.0	8.55265e-07
47600.0	8.67235e-07
47610.0	8.792e-07
47619.99999999999	8.807e-07
47630.0	8.822e-07
47640.0	8.79e-07
47650.0	8.758e-07
47660.0	8.726e-07
47670.0	8.6133e-07
47680.0	8.50065e-07
47690.0	8.388e-07
47699.99999999999	8.2795e-07
47710.0	8.171e-07
47720.0	8.11867e-07
47730.0	8.06635e-07
47740.0	8.014e-07
47750.0	7.892e-07
47760.0	7.77e-07
47770.0	7.648e-07
47779.99999999999	7.598e-07
47790.0	7.548e-07
47800.0	7.67604e-07
47810.0	7.80402e-07
47820.0	7.932e-07
47830.0	8.16067e-07
47840.0	8.38933e-07
47850.0	8.618e-07
47859.99999999999	9.0519e-07
47870.0	9.486e-07
47880.0	9.49267e-07
47890.0	9.49933e-07
47900.0	9.506e-07
47910.00000000001	9.43334e-07
47920.0	9.36069e-07
47930.0	9.288e-07
47939.99999999999	8.978e-07
47950.0	8.668e-07
47960.0	8.347e-07
47970.0	8.026e-07
47980.0	7.705e-07
47990.00000000001	7.37272e-07
48000.0	7.04028e-07
48010.0	6.708e-07
48019.99999999999	6.744e-07
48030.0	6.78e-07
48040.0	6.91698e-07
48050.0	7.05396e-07
48060.0	7.191e-07
48070.00000000001	7.791e-07
48080.0	8.391e-07
48090.0	8.736e-07
48099.99999999999	9.081e-07
48110.0	9.426e-07
48120.0	9.74328e-07
48130.0	1.00607e-06
48140.0	1.0378e-06
48150.00000000001	1.0464e-06
48160.0	1.055e-06
48170.0	1.0504e-06
48179.99999999999	1.0458e-06
48190.0	1.0412e-06
48200.0	1.01416e-06
48210.0	9.87129e-07
48220.0	9.601e-07
48230.00000000001	9.466e-07
48240.0	9.331e-07
48250.0	9.353e-07
48259.99999999999	9.375e-07
48270.0	9.397e-07
48280.0	9.38567e-07
48290.0	9.37433e-07
48300.0	9.363e-07
48310.00000000001	9.2345e-07
48320.0	9.106e-07
48330.0	8.77756e-07
48339.99999999999	8.44928e-07
48350.0	8.121e-07
48360.0	7.87767e-07
48370.0	7.63433e-07
48380.0	7.391e-07
48390.00000000001	7.12394e-07
48400.0	6.857e-07
48410.0	6.71833e-07
48420.0	6.57967e-07
48430.0	6.441e-07
48440.0	6.34235e-07
48450.0	6.2437e-07
48460.0	6.145e-07
48470.00000000001	6.3385e-07
48480.0	6.532e-07
48490.0	6.65933e-07
48500.0	6.78667e-07
48510.0	6.914e-07
48520.0	7.03404e-07
48530.0	7.15402e-07
48540.0	7.274e-07
48550.00000000001	7.3615e-07
48560.0	7.449e-07
48570.0	7.477e-07
48580.0	7.50499e-07
48590.0	7.533e-07
48600.0	7.68033e-07
48610.0	7.82767e-07
48620.0	7.975e-07
48630.00000000001	8.1765e-07
48640.0	8.378e-07
48650.0	8.44099e-07
48660.0	8.50401e-07
48670.0	8.567e-07
48680.0	8.59933e-07
48690.0	8.63167e-07
48700.0	8.664e-07
48710.00000000001	8.6705e-07
48720.0	8.677e-07
48730.0	8.74467e-07
48740.0	8.81233e-07
48750.0	8.88e-07
48760.0	9.0215e-07
48770.0	9.163e-07
48780.0	9.37397e-07
48789.99999999999	9.58503e-07
48800.0	9.796e-07
48810.0	9.983e-07
48820.0	1.017e-06
48830.0	1.0357e-06
48840.0	1.0543e-06
48850.0	1.0729e-06
48860.0	1.0789e-06
48869.99999999999	1.0849e-06
48880.0	1.0909e-06
48890.0	1.0927e-06
48900.0	1.0945e-06
48910.0	1.0963e-06
48920.0	1.07319e-06
48930.0	1.0501e-06
48940.0	1.0327e-06
48949.99999999999	1.0153e-06
48960.0	9.979e-07
48970.0	9.7887e-07
48980.0	9.59839e-07
48990.0	9.408e-07
49000.0	9.296e-07
49010.0	9.184e-07
49020.0	9.275e-07
49029.99999999999	9.366e-07
49040.0	9.457e-07
49050.0	9.55303e-07
49060.0	9.64901e-07
49070.0	9.745e-07
49080.0	9.895e-07
49090.0	1.0045e-06
49100.0	1.00667e-06
49109.99999999999	1.00883e-06
49120.0	1.011e-06
49130.0	1.0113e-06
49140.0	1.0116e-06
49150.0	1.0119e-06
49160.00000000001	1.0036e-06
49170.0	9.953e-07
49180.0	9.95367e-07
49189.99999999999	9.95433e-07
49200.0	9.955e-07
49210.0	1.0044e-06
49220.0	1.0133e-06
49230.0	1.0222e-06
49240.00000000001	1.028e-06
49250.0	1.0338e-06
49260.0	1.0346e-06
49269.99999999999	1.0354e-06
49280.0	1.0362e-06
49290.0	1.02867e-06
49300.0	1.02114e-06
49310.0	1.0136e-06
49320.00000000001	1.00505e-06
49330.0	9.965e-07
49340.0	1.0192e-06
49349.99999999999	1.0419e-06
49360.0	1.0646e-06
49370.0	1.08283e-06
49380.0	1.10107e-06
49390.0	1.1193e-06
49400.00000000001	1.129e-06
49410.0	1.1387e-06
49420.0	1.1243e-06
49429.99999999999	1.1099e-06
49440.0	1.0955e-06
49450.0	1.05129e-06
49460.0	1.0071e-06
49470.0	9.882e-07
49480.00000000001	9.693e-07
49490.0	9.504e-07
49500.0	9.34836e-07
49509.99999999999	9.19264e-07
49520.0	9.037e-07
49530.0	9.2365e-07
49540.0	9.436e-07
49550.0	9.56933e-07
49560.00000000001	9.70267e-07
49570.0	9.836e-07
49580.0	9.9457e-07
49589.99999999999	1.00554e-06
49600.0	1.0165e-06
49610.0	1.0228e-06
49620.0	1.0291e-06
49630.0	1.0237e-06
49640.00000000001	1.0183e-06
49650.0	1.0129e-06
49660.0	1.01027e-06
49670.0	1.00763e-06
49680.0	1.005e-06
49690.0	1.00345e-06
49700.0	1.0019e-06
49710.0	1.01234e-06
49720.00000000001	1.02277e-06
49730.0	1.0332e-06
49740.0	1.04547e-06
49750.0	1.05773e-06
49760.0	1.07e-06
49770.0	1.0585e-06
49780.0	1.047e-06
49790.0	1.0387e-06
49800.00000000001	1.0304e-06
49810.0	1.0221e-06
49820.0	1.01154e-06
49830.0	1.00097e-06
49840.0	9.904e-07
49850.0	9.951e-07
49860.0	9.998e-07
49870.0	1.02137e-06
49880.00000000001	1.04293e-06
49890.0	1.0645e-06
49900.0	1.07496e-06
49910.0	1.08543e-06
49920.0	1.0959e-06
49930.0	1.10095e-06
49940.0	1.106e-06
49950.0	1.10443e-06
49960.00000000001	1.10287e-06
49970.0	1.1013e-06
49980.0	1.09867e-06
49990.0	1.09603e-06
50000.0	1.0934e-06
50010.0	1.10025e-06
50020.0	1.1071e-06
50030.0	1.11213e-06
50039.99999999999	1.11717e-06
50050.0	1.1222e-06
50060.0	1.12937e-06
50070.0	1.13653e-06
50080.0	1.1437e-06
50090.0	1.157e-06
50100.0	1.1703e-06
50110.0	1.1822e-06
50119.99999999999	1.1941e-06
50130.0	1.206e-06
50140.0	1.204e-06
50150.0	1.202e-06
50160.0	1.18917e-06
50170.0	1.17633e-06
50180.0	1.1635e-06
50190.0	1.15183e-06
50199.99999999999	1.14017e-06
50210.0	1.1285e-06
50220.0	1.112e-06
50230.0	1.0955e-06
50240.0	1.0953e-06
50250.0	1.0951e-06
50260.0	1.0949e-06
50270.0	1.09663e-06
50279.99999999999	1.09837e-06
50290.0	1.1001e-06
50300.0	1.11795e-06
50310.0	1.1358e-06
50320.0	1.1455e-06
50330.0	1.1552e-06
50340.0	1.1649e-06
50350.0	1.1642e-06
50359.99999999999	1.1635e-06
50370.0	1.1628e-06
50380.0	1.1506e-06
50390.0	1.1384e-06
50400.0	1.1175e-06
50410.00000000001	1.0966e-06
50420.0	1.0757e-06
50430.0	1.0693e-06
50439.99999999999	1.0629e-06
50450.0	1.0565e-06
50460.0	1.06695e-06
50470.0	1.0774e-06
50480.0	1.09333e-06
50490.00000000001	1.10926e-06
50500.0	1.1252e-06
50510.0	1.14677e-06
50519.99999999999	1.16833e-06
50530.0	1.1899e-06
50540.0	1.2052e-06
50550.0	1.2205e-06
50560.0	1.22784e-06
50570.00000000001	1.23517e-06
50580.0	1.2425e-06
50590.0	1.25177e-06
50599.99999999999	1.26103e-06
50610.0	1.2703e-06
50620.0	1.28615e-06
50630.0	1.302e-06
50640.0	1.3242e-06
50650.00000000001	1.3464e-06
50660.0	1.3686e-06
50670.0	1.3847e-06
50679.99999999999	1.4008e-06
50690.0	1.4169e-06
50700.0	1.40285e-06
50710.0	1.3888e-06
50720.0	1.36813e-06
50730.00000000001	1.34747e-06
50740.0	1.3268e-06
50750.0	1.28724e-06
50759.99999999999	1.24766e-06
50770.0	1.2081e-06
50780.0	1.1708e-06
50790.0	1.1335e-06
50800.0	1.12207e-06
50810.00000000001	1.11063e-06
50820.0	1.0992e-06
50830.0	1.1051e-06
50839.99999999999	1.111e-06
50850.0	1.12543e-06
50860.0	1.13987e-06
50870.0	1.1543e-06
50880.0	1.16047e-06
50890.00000000001	1.16663e-06
50900.0	1.1728e-06
50910.0	1.17705e-06
50920.0	1.1813e-06
50930.0	1.17213e-06
50940.0	1.16297e-06
50950.0	1.1538e-06
50960.0	1.1426e-06
50970.00000000001	1.1314e-06
50980.0	1.1202e-06
50990.0	1.10055e-06
51000.0	1.0809e-06
51010.0	1.0685e-06
51020.0	1.0561e-06
51030.0	1.0437e-06
51040.0	1.03703e-06
51050.00000000001	1.03037e-06
51060.0	1.0237e-06
51070.0	1.0192e-06
51080.0	1.0147e-06
51090.0	1.03007e-06
51100.0	1.04544e-06
51110.0	1.0608e-06
51120.0	1.07207e-06
51130.00000000001	1.08333e-06
51140.0	1.0946e-06
51150.0	1.0923e-06
51160.0	1.09e-06
51170.0	1.0875e-06
51180.0	1.085e-06
51190.0	1.0825e-06
51200.0	1.07833e-06
51210.00000000001	1.07417e-06
51220.0	1.07e-06
51230.0	1.0771e-06
51240.0	1.0842e-06
51250.0	1.09987e-06
51260.0	1.11553e-06
51270.0	1.1312e-06
51280.0	1.143e-06
51289.99999999999	1.1548e-06
51300.0	1.1666e-06
51310.0	1.1791e-06
51320.0	1.1916e-06
51330.0	1.21083e-06
51340.0	1.23006e-06
51350.0	1.2493e-06
51360.0	1.276e-06
51369.99999999999	1.3027e-06
51380.0	1.3294e-06
51390.0	1.3614e-06
51400.0	1.3934e-06
51410.0	1.41286e-06
51420.0	1.43234e-06
51430.0	1.4518e-06
51440.0	1.45387e-06
51449.99999999999	1.45593e-06
51460.0	1.458e-06
51470.0	1.45435e-06
51480.0	1.4507e-06
51490.0	1.43236e-06
51500.0	1.41403e-06
51510.0	1.3957e-06
51520.0	1.36605e-06
51529.99999999999	1.3364e-06
51540.0	1.30367e-06
51550.0	1.27093e-06
51560.0	1.2382e-06
51570.0	1.20723e-06
51580.0	1.17627e-06
51590.0	1.1453e-06
51600.0	1.11145e-06
51609.99999999999	1.0776e-06
51620.0	1.05829e-06
51630.0	1.039e-06
51640.0	1.0197e-06
51650.0	1.02393e-06
51660.00000000001	1.02817e-06
51670.0	1.0324e-06
51680.0	1.04465e-06
51689.99999999999	1.0569e-06
51700.0	1.0915e-06
51710.0	1.1261e-06
51720.0	1.1607e-06
51730.0	1.19536e-06
51740.00000000001	1.23002e-06
51750.0	1.2647e-06
51760.0	1.29915e-06
51769.99999999999	1.3336e-06
51780.0	1.35703e-06
51790.0	1.38047e-06
51800.0	1.4039e-06
51810.0	1.42594e-06
51820.00000000001	1.44797e-06
51830.0	1.47e-06
51840.0	1.4896e-06
51849.99999999999	1.5092e-06
51860.0	1.49864e-06
51870.0	1.48807e-06
51880.0	1.4775e-06
51890.0	1.45333e-06
51900.00000000001	1.42917e-06
51910.0	1.405e-06
51920.0	1.33335e-06
51929.99999999999	1.2617e-06
51940.0	1.23327e-06
51950.0	1.20483e-06
51960.0	1.1764e-06
51970.0	1.17337e-06
51980.00000000001	1.17033e-06
51990.0	1.1673e-06
52000.0	1.1724e-06
52009.99999999999	1.1775e-06
52020.0	1.1903e-06
52030.0	1.2031e-06
52040.0	1.2159e-06
52050.0	1.2215e-06
52060.00000000001	1.2271e-06
52070.0	1.2327e-06
52080.0	1.22705e-06
52089.99999999999	1.2214e-06
52100.0	1.2136e-06
52110.0	1.2058e-06
52120.0	1.198e-06
52130.0	1.18594e-06
52140.00000000001	1.17386e-06
52150.0	1.1618e-06
52160.0	1.15485e-06
52170.0	1.1479e-06
52180.0	1.15047e-06
52190.0	1.15303e-06
52200.0	1.1556e-06
52210.0	1.1741e-06
52220.00000000001	1.1926e-06
52230.0	1.21493e-06
52240.0	1.23727e-06
52250.0	1.2596e-06
52260.0	1.28006e-06
52270.0	1.30054e-06
52280.0	1.321e-06
52290.0	1.34905e-06
52300.00000000001	1.3771e-06
52310.0	1.38183e-06
52320.0	1.38657e-06
52330.0	1.3913e-06
52340.0	1.38423e-06
52350.0	1.37717e-06
52360.0	1.3701e-06
52370.0	1.3443e-06
52380.00000000001	1.3185e-06
52390.0	1.29434e-06
52400.0	1.27017e-06
52410.0	1.246e-06
52420.0	1.23063e-06
52430.0	1.21527e-06
52440.0	1.1999e-06
52450.0	1.1863e-06
52460.00000000001	1.1727e-06
52470.0	1.17247e-06
52480.0	1.17223e-06
52490.0	1.172e-06
52500.0	1.17863e-06
52510.0	1.18527e-06
52520.0	1.1919e-06
52530.0	1.21454e-06
52539.99999999999	1.2372e-06
52550.0	1.25987e-06
52560.0	1.28253e-06
52570.0	1.3052e-06
52580.0	1.31936e-06
52590.0	1.33353e-06
52600.0	1.3477e-06
52610.0	1.35755e-06
52619.99999999999	1.3674e-06
52630.0	1.36103e-06
52640.0	1.35467e-06
52650.0	1.3483e-06
52660.0	1.33137e-06
52670.0	1.31443e-06
52680.0	1.2975e-06
52690.0	1.277e-06
52699.99999999999	1.2565e-06
52710.0	1.2456e-06
52720.0	1.2347e-06
52730.0	1.2238e-06
52740.0	1.22143e-06
52750.0	1.21907e-06
52760.0	1.2167e-06
52770.0	1.2254e-06
52779.99999999999	1.2341e-06
52790.0	1.24466e-06
52800.0	1.25523e-06
52810.0	1.2658e-06
52820.0	1.28183e-06
52830.0	1.29787e-06
52840.0	1.3139e-06
52850.0	1.3328e-06
52859.99999999999	1.3517e-06
52870.0	1.35964e-06
52880.0	1.36757e-06
52890.0	1.3755e-06
52900.0	1.3823e-06
52910.00000000001	1.3891e-06
52920.0	1.38887e-06
52930.0	1.38863e-06
52939.99999999999	1.3884e-06
52950.0	1.38583e-06
52960.0	1.38327e-06
52970.0	1.3807e-06
52980.0	1.3713e-06
52990.00000000001	1.3619e-06
53000.0	1.36043e-06
53010.0	1.35897e-06
53019.99999999999	1.3575e-06
53030.0	1.3651e-06
53040.0	1.3727e-06
53050.0	1.3803e-06
53060.0	1.38355e-06
53070.00000000001	1.3868e-06
53080.0	1.3761e-06
53090.0	1.3654e-06
53099.99999999999	1.3547e-06
53110.0	1.3397e-06
53120.0	1.3247e-06
53130.0	1.3097e-06
53140.0	1.2687e-06
53150.00000000001	1.2277e-06
53160.0	1.20867e-06
53170.0	1.18963e-06
53179.99999999999	1.1706e-06
53190.0	1.179e-06
53200.0	1.1874e-06
53210.0	1.1958e-06
53220.0	1.2104e-06
53230.00000000001	1.225e-06
53240.0	1.24206e-06
53250.0	1.25913e-06
53259.99999999999	1.2762e-06
53270.0	1.2939e-06
53280.0	1.3116e-06
53290.0	1.3293e-06
53300.0	1.356e-06
53310.00000000001	1.3827e-06
53320.0	1.401e-06
53330.0	1.4193e-06
53339.99999999999	1.4376e-06
53350.0	1.4417e-06
53360.0	1.4458e-06
53370.0	1.4499e-06
53380.0	1.45615e-06
53390.00000000001	1.4624e-06
53400.0	1.4422e-06
53410.0	1.422e-06
53420.0	1.4018e-06
53430.0	1.38107e-06
53440.0	1.36033e-06
53450.0	1.3396e-06
53460.0	1.31514e-06
53470.00000000001	1.2907e-06
53480.0	1.27553e-06
53490.0	1.26037e-06
53500.0	1.2452e-06
53510.0	1.2605e-06
53520.0	1.2758e-06
53530.0	1.2933e-06
53540.0	1.3108e-06
53550.00000000001	1.3283e-06
53560.0	1.3501e-06
53570.0	1.3719e-06
53580.0	1.3937e-06
53590.0	1.43031e-06
53600.0	1.4669e-06
53610.0	1.475e-06
53620.0	1.4831e-06
53630.00000000001	1.4912e-06
53640.0	1.48873e-06
53650.0	1.48627e-06
53660.0	1.4838e-06
53670.0	1.48395e-06
53680.0	1.4841e-06
53690.0	1.4865e-06
53700.0	1.4889e-06
53710.00000000001	1.4913e-06
53720.0	1.49727e-06
53730.0	1.50323e-06
53740.0	1.5092e-06
53750.0	1.52535e-06
53760.0	1.5415e-06
53770.0	1.5449e-06
53780.0	1.5483e-06
53789.99999999999	1.5517e-06
53800.0	1.53997e-06
53810.0	1.52823e-06
53820.0	1.5165e-06
53830.0	1.49185e-06
53840.0	1.4672e-06
53850.0	1.43532e-06
53860.0	1.40346e-06
53869.99999999999	1.3716e-06
53880.0	1.3455e-06
53890.0	1.3194e-06
53900.0	1.2933e-06
53910.0	1.2968e-06
53920.0	1.3003e-06
53930.0	1.30273e-06
53940.0	1.30517e-06
53949.99999999999	1.3076e-06
53960.0	1.32853e-06
53970.0	1.34947e-06
53980.0	1.3704e-06
53990.0	1.40326e-06
54000.0	1.4361e-06
54010.0	1.43393e-06
54020.0	1.43177e-06
54029.99999999999	1.4296e-06
54040.0	1.4244e-06
54050.0	1.4192e-06
54060.0	1.414e-06
54070.0	1.4159e-06
54080.0	1.4178e-06
54090.0	1.42107e-06
54100.0	1.42433e-06
54109.99999999999	1.4276e-06
54120.0	1.4307e-06
54130.0	1.4338e-06
54140.0	1.4369e-06
54150.0	1.44135e-06
54160.00000000001	1.4458e-06
54170.0	1.4396e-06
54180.0	1.4334e-06
54189.99999999999	1.4272e-06
54200.0	1.40515e-06
54210.0	1.3831e-06
54220.0	1.37123e-06
54230.0	1.35937e-06
54240.00000000001	1.3475e-06
54250.0	1.33986e-06
54260.0	1.33223e-06
54269.99999999999	1.3246e-06
54280.0	1.3174e-06
54290.0	1.3102e-06
54300.0	1.3143e-06
54310.0	1.3184e-06
54320.00000000001	1.3225e-06
54330.0	1.3268e-06
54340.0	1.3311e-06
54349.99999999999	1.3354e-06
54360.0	1.3442e-06
54370.0	1.353e-06
54380.0	1.35894e-06
54390.0	1.36487e-06
54400.00000000001	1.3708e-06
54410.0	1.38243e-06
54420.0	1.39407e-06
54429.99999999999	1.4057e-06
54440.0	1.4242e-06
54450.0	1.4427e-06
54460.0	1.45537e-06
54470.0	1.46803e-06
54480.00000000001	1.4807e-06
54490.0	1.4937e-06
54500.0	1.5067e-06
54509.99999999999	1.5197e-06
54520.0	1.5227e-06
54530.0	1.5257e-06
54540.0	1.52107e-06
54550.0	1.51643e-06
54560.00000000001	1.5118e-06
54570.0	1.50263e-06
54580.0	1.49347e-06
54589.99999999999	1.4843e-06
54600.0	1.46305e-06
54610.0	1.4418e-06
54620.0	1.43054e-06
54630.0	1.41927e-06
54640.00000000001	1.408e-06
54650.0	1.4029e-06
54660.0	1.3978e-06
54670.0	1.3927e-06
54680.0	1.3884e-06
54690.0	1.3841e-06
54700.0	1.39676e-06
54710.0	1.40944e-06
54720.00000000001	1.4221e-06
54730.0	1.43507e-06
54740.0	1.44803e-06
54750.0	1.461e-06
54760.0	1.45985e-06
54770.0	1.4587e-06
54780.0	1.45723e-06
54790.0	1.45577e-06
54800.00000000001	1.4543e-06
54810.0	1.4409e-06
54820.0	1.4275e-06
54830.0	1.4141e-06
54840.0	1.38944e-06
54850.0	1.3648e-06
54860.0	1.3512e-06
54870.0	1.3376e-06
54880.00000000001	1.324e-06
54890.0	1.30655e-06
54900.0	1.2891e-06
54910.0	1.28326e-06
54920.0	1.27743e-06
54930.0	1.2716e-06
54940.0	1.27433e-06
54950.0	1.27707e-06
54960.00000000001	1.2798e-06
54970.0	1.28605e-06
54980.0	1.2923e-06
54990.0	0.0
55000.0	0.0
