5000.0	0.0
5010.0	0.0
5020.0	0.0
5030.0	0.0
5040.0	0.0
5050.0	0.0
5060.0	0.0
5070.0	0.0
5080.0	0.0
5090.0	0.0
5100.0	0.0
5110.0	0.0
5120.0	0.0
5130.0	0.0
5140.0	0.0
5150.0	0.0
5160.0	0.0
5170.0	0.0
5180.0	0.0
5190.0	0.0
5200.0	0.0
5210.0	0.0
5220.0	0.0
5230.0	0.0
5240.0	0.0
5250.0	0.0
5260.0	0.0
5270.0	0.0
5280.0	0.0
5290.0	0.0
5300.0	0.0
5310.0	0.0
5320.0	0.0
5330.0	0.0
5340.0	0.0
5350.0	0.0
5360.0	0.0
5370.0	0.0
5380.0	0.0
5390.0	0.0
5400.0	0.0
5410.0	0.0
5420.0	0.0
5430.0	0.0
5440.0	0.0
5450.0	0.0
5460.0	0.0
5470.0	0.0
5480.0	0.0
5490.0	0.0
5500.0	0.0
5510.0	0.0
5520.000000000001	0.0
5530.000000000001	0.0
5540.000000000001	0.0
5550.000000000001	0.0
5560.000000000001	0.0
5570.000000000001	0.0
5580.000000000001	0.0
5590.000000000001	0.0
5600.000000000001	0.0
5610.000000000001	0.0
5620.000000000001	0.0
5629.999999999999	0.0
5639.999999999999	0.0
5649.999999999999	0.0
5659.999999999999	0.0
5669.999999999999	0.0
5679.999999999999	0.0
5689.999999999999	0.0
5699.999999999999	0.0
5709.999999999999	0.0
5719.999999999999	0.0
5729.999999999999	0.0
5740.0	0.0
5750.0	0.0
5760.0	0.0
5770.0	0.0
5780.0	0.0
5790.0	0.0
5800.0	0.0
5810.0	0.0
5820.0	0.0
5830.0	0.0
5840.0	0.0
5850.0	0.0
5860.0	0.0
5870.0	0.0
5880.0	0.0
5890.0	0.0
5900.0	0.0
5910.0	0.0
5920.0	0.0
5930.0	0.0
5940.0	0.0
5950.0	0.0
5960.0	0.0
5970.0	0.0
5980.0	0.0
5990.0	0.0
6000.0	0.0
6010.0	0.0
6020.0	0.0
6030.0	0.0
6040.0	0.0
6050.0	0.0
6060.0	0.0
6070.0	0.0
6080.0	0.0
6090.0	0.0
6100.0	0.0
6110.0	0.0
6120.0	0.0
6130.0	0.0
6140.0	0.0
6150.0	0.0
6160.0	0.0
6170.0	0.0
6180.0	0.0
6190.0	0.0
6200.0	0.0
6210.0	0.0
6220.0	0.0
6230.0	0.0
6240.0	0.0
6250.0	0.0
6260.0	0.0
6270.0	0.0
6280.0	0.0
6290.0	0.0
6300.0	0.0
6310.0	0.0
6320.0	0.0
6330.0	0.0
6340.0	0.0
6350.0	0.0
6360.0	0.0
6370.0	0.0
6380.0	0.0
6390.0	0.0
6400.0	0.0
6410.0	0.0
6420.0	0.0
6430.0	0.0
6440.0	0.0
6450.0	0.0
6460.0	0.0
6470.0	0.0
6480.0	0.0
6490.0	0.0
6500.0	0.0
6510.0	0.0
6520.0	0.0
6530.0	0.0
6540.0	0.0
6550.0	0.0
6560.0	0.0
6570.0	0.0
6580.0	0.0
6590.0	0.0
6600.0	0.0
6610.0	0.0
6620.0	0.0
6630.0	0.0
6640.0	0.0
6650.0	0.0
6660.0	0.0
6670.0	0.0
6680.0	0.0
6690.0	0.0
6700.0	0.0
6710.0	0.0
6720.0	0.0
6730.0	0.0
6740.0	0.0
6750.0	0.0
6760.0	0.0
6770.000000000001	0.0
6780.000000000001	0.0
6790.000000000001	0.0
6800.000000000001	0.0
6810.000000000001	0.0
6820.000000000001	0.0
6830.000000000001	0.0
6840.000000000001	0.0
6850.000000000001	0.0
6860.000000000001	0.0
6870.000000000001	0.0
6879.999999999999	0.0
6889.999999999999	0.0
6899.999999999999	0.0
6909.999999999999	0.0
6919.999999999999	0.0
6929.999999999999	0.0
6939.999999999999	0.0
6949.999999999999	0.0
6959.999999999999	0.0
6969.999999999999	0.0
6979.999999999999	0.0
6990.0	0.0
7000.0	0.0
7010.0	0.0
7020.0	0.0
7030.0	0.0
7040.0	0.0
7050.0	0.0
7060.0	0.0
7070.0	0.0
7080.0	0.0
7090.0	0.0
7100.0	0.0
7110.0	0.0
7120.0	0.0
7130.0	0.0
7140.0	0.0
7150.0	0.0
7160.0	0.0
7170.0	0.0
7180.0	0.0
7190.0	0.0
7200.0	0.0
7210.0	0.0
7220.0	0.0
7230.0	0.0
7240.0	0.0
7250.0	0.0
7260.0	0.0
7270.0	0.0
7280.0	0.0
7290.0	0.0
7300.0	0.0
7310.0	0.0
7320.0	0.0
7330.0	0.0
7340.0	0.0
7350.0	0.0
7360.0	0.0
7370.0	0.0
7380.0	0.0
7390.0	0.0
7400.0	0.0
7410.0	0.0
7420.0	0.0
7430.0	0.0
7440.0	0.0
7450.0	0.0
7460.0	0.0
7470.0	0.0
7480.0	0.0
7490.0	0.0
7500.0	0.0
7510.0	0.0
7520.0	0.0
7530.0	0.0
7540.0	0.0
7550.0	0.0
7560.0	0.0
7570.0	0.0
7580.0	0.0
7590.0	0.0
7600.0	0.0
7610.0	0.0
7620.0	0.0
7630.0	0.0
7640.0	0.0
7650.0	0.0
7660.0	0.0
7670.0	0.0
7680.0	0.0
7690.0	0.0
7700.0	0.0
7710.0	0.0
7720.0	0.0
7730.0	0.0
7740.0	0.0
7750.0	0.0
7760.0	0.0
7770.0	0.0
7780.0	0.0
7790.0	0.0
7800.0	0.0
7810.0	0.0
7820.0	0.0
7830.0	0.0
7840.0	0.0
7850.0	0.0
7860.0	0.0
7870.0	0.0
7880.0	0.0
7890.0	0.0
7900.0	0.0
7910.0	0.0
7920.0	0.0
7930.0	0.0
7940.0	0.0
7950.0	0.0
7960.0	0.0
7970.0	0.0
7980.0	0.0
7990.0	0.0
8000.0	0.0
8010.0	0.0
8020.000000000001	0.0
8030.000000000001	0.0
8040.000000000001	0.0
8050.000000000001	0.0
8060.000000000001	0.0
8070.000000000001	0.0
8080.000000000001	0.0
8090.000000000001	0.0
8100.000000000001	0.0
8110.000000000001	0.0
8120.000000000001	0.0
8129.999999999999	0.0
8139.999999999999	0.0
8149.999999999999	0.0
8159.999999999999	0.0
8169.999999999999	0.0
8179.999999999999	0.0
8189.999999999999	0.0
8200.0	0.0
8210.0	0.0
8220.0	0.0
8230.0	0.0
8240.0	0.0
8250.0	0.0
8260.0	0.0
8270.0	0.0
8280.0	0.0
8290.0	0.0
8300.0	0.0
8310.0	0.0
8320.0	0.0
8330.0	0.000175554
8340.0	0.000194177
8350.0	0.000177078
8360.0	0.00015328
8370.0	0.000135662
8380.0	0.000104126
8390.0	0.000112216
8400.0	9.60733e-05
8410.0	8.06752e-05
8420.0	6.48221e-05
8430.0	5.86431e-05
8440.0	5.38998e-05
8450.0	3.26067e-05
8460.0	2.38518e-05
8470.0	2.38518e-05
8480.0	1.81943e-05
8490.0	1.40209e-05
8500.0	1.73726e-05
8510.0	1.22631e-05
8520.0	1.22631e-05
8530.0	2.87076e-05
8540.0	2.83174e-05
8550.0	2.93843e-05
8560.0	2.68869e-05
8570.0	4.89749e-05
8580.0	5.90667e-05
8590.0	5.66499e-05
8600.0	7.50776e-05
8610.0	9.60663e-05
8620.0	0.000104769
8630.0	0.000104172
8640.0	0.000109245
8650.0	0.000104796
8660.0	9.14691e-05
8670.0	7.76384e-05
8680.0	6.39266e-05
8690.0	4.67363e-05
8700.0	3.60352e-05
8710.0	2.99064e-05
8720.0	2.9663e-05
8730.0	2.063e-05
8740.0	2.30591e-05
8750.0	2.20191e-05
8760.0	2.29116e-05
8770.0	1.99422e-05
8780.0	1.63955e-05
8790.0	1.37122e-05
8800.0	8.72637e-06
8810.0	6.72855e-06
8820.0	5.06806e-06
8830.0	1.77137e-06
8840.0	1.11256e-05
8850.0	2.22376e-05
8860.0	2.77401e-05
8870.0	3.38636e-05
8880.0	4.40467e-05
8890.0	4.89916e-05
8900.0	5.33385e-05
8910.0	5.34659e-05
8920.0	6.45602e-05
8930.0	7.02817e-05
8940.0	6.36828e-05
8950.0	6.68942e-05
8960.0	5.47416e-05
8970.0	4.92884e-05
8980.0	3.93677e-05
8990.0	3.64059e-05
9000.0	3.84274e-05
9010.0	3.78106e-05
9020.0	4.15791e-05
9030.0	3.76597e-05
9040.0	3.65488e-05
9050.0	2.88361e-05
9060.0	2.26348e-05
9070.0	1.45336e-05
9080.0	1.22204e-05
9090.0	6.88194e-06
9100.0	3.16333e-06
9110.0	3.66422e-06
9120.0	2.73529e-06
9130.0	1.56824e-06
9140.0	4.5547e-06
9150.0	5.04231e-06
9160.0	6.79127e-06
9170.0	5.68154e-06
9180.0	9.25801e-06
9190.0	1.20621e-05
9200.0	1.08048e-05
9210.0	1.22417e-05
9220.0	1.22474e-05
9230.0	1.73036e-05
9240.0	1.91354e-05
9250.0	2.39693e-05
9260.0	3.22758e-05
9270.0	4.07482e-05
9280.0	4.69423e-05
9290.0	5.2479e-05
9300.0	6.42266e-05
9310.0	7.04171e-05
9320.0	7.58409e-05
9330.0	7.11155e-05
9340.0	7.45684e-05
9350.0	6.88328e-05
9360.0	5.6424e-05
9370.0	4.85047e-05
9380.0	4.04475e-05
9390.0	4.2153e-05
9400.0	3.72765e-05
9410.0	3.20622e-05
9420.0	2.7197e-05
9430.0	2.09714e-05
9440.0	1.72083e-05
9450.0	1.13522e-05
9460.0	7.70861e-06
9470.0	7.7078e-06
9480.0	8.35049e-06
9490.0	8.34338e-06
9500.0	8.14933e-06
9510.0	1.17807e-05
9520.0	1.44757e-05
9530.0	1.26157e-05
9540.0	1.27998e-05
9550.0	1.12969e-05
9560.0	8.70437e-06
9570.0	4.93873e-06
9580.0	7.05808e-06
9590.0	1.06388e-05
9600.0	1.23278e-05
9610.0	1.72022e-05
9620.0	1.93892e-05
9630.0	1.89757e-05
9640.0	2.02752e-05
9650.0	2.66093e-05
9660.0	3.46752e-05
9670.0	3.77781e-05
9680.0	4.28294e-05
9690.0	5.06705e-05
9700.0	4.91875e-05
9710.0	4.39578e-05
9720.0	4.50644e-05
9730.0	4.95803e-05
9740.0	5.30565e-05
9750.0	5.08381e-05
9760.0	5.34027e-05
9770.0	5.28088e-05
9780.0	4.98559e-05
9790.0	4.32773e-05
9800.0	3.61444e-05
9810.0	3.57041e-05
9820.0	3.33607e-05
9830.0	2.8384e-05
9840.0	2.51848e-05
9850.0	2.54175e-05
9860.0	2.52703e-05
9870.0	2.05663e-05
9880.0	1.87769e-05
9890.0	1.55692e-05
9900.0	1.13986e-05
9910.0	6.70116e-06
9920.0	5.01739e-06
9930.0	4.19089e-06
9940.0	3.51233e-06
9950.0	3.78208e-06
9960.0	3.88977e-06
9970.0	4.44394e-06
9980.0	4.13422e-06
9990.0	3.91776e-06
10000.0	4.00248e-06
10009.999999999998	4.04809e-06
10020.0	3.72437e-06
10029.999999999998	1.72188e-06
10040.0	9.38198e-07
10049.999999999998	9.35851e-07
10060.0	4.26484e-07
10069.999999999998	2.15523e-06
10080.0	3.82963e-06
10089.999999999998	4.91148e-06
10100.0	5.48397e-06
10109.999999999998	5.66313e-06
10120.0	5.88126e-06
10129.999999999998	5.19005e-06
10140.0	3.84847e-06
10149.999999999998	3.75413e-06
10160.0	3.53741e-06
10169.999999999998	3.33679e-06
10180.0	2.95225e-06
10189.999999999998	3.86464e-06
10200.0	3.13471e-06
10209.999999999998	5.12731e-06
10220.0	9.81923e-06
10230.0	1.11772e-05
10240.0	1.15779e-05
10250.0	1.26957e-05
10260.0	1.5212e-05
10270.0	1.13926e-05
10280.0	7.9554e-06
10290.0	8.29655e-06
10300.0	7.78124e-06
10310.0	5.63057e-06
10320.0	5.72936e-06
10330.0	8.72633e-06
10340.0	1.02866e-05
10350.0	1.05089e-05
10360.0	1.12325e-05
10370.0	1.229e-05
10380.0	9.9854e-06
10390.0	7.77297e-06
10400.0	6.58003e-06
10410.0	6.53324e-06
10420.0	4.97562e-06
10430.0	4.40964e-06
10440.0	5.80024e-06
10450.0	7.42788e-06
10460.0	7.42488e-06
10470.0	7.36272e-06
10480.0	9.87e-06
10490.0	1.156e-05
10500.0	1.02006e-05
10510.0	7.97954e-06
10520.0	7.59735e-06
10530.0	7.01836e-06
10540.0	4.75295e-06
10550.0	3.17872e-06
10560.0	3.00301e-06
10570.0	2.97897e-06
10580.0	3.45929e-06
10590.0	3.75284e-06
10600.0	3.09269e-06
10610.0	3.83457e-06
10620.0	5.98895e-06
10630.0	6.06806e-06
10640.0	5.88259e-06
10650.0	5.81475e-06
10660.0	5.56582e-06
10670.0	5.59202e-06
10680.0	4.51917e-06
10690.0	5.79775e-06
10700.0	5.39079e-06
10710.0	6.00287e-06
10720.0	7.90925e-06
10730.0	9.15731e-06
10740.0	8.53789e-06
10750.0	7.12883e-06
10760.0	6.93296e-06
10770.0	6.58508e-06
10780.0	4.47234e-06
10790.0	5.23013e-06
10800.0	7.90811e-06
10810.0	1.03808e-05
10820.0	1.22181e-05
10830.0	1.42551e-05
10840.0	1.49861e-05
10850.0	1.31473e-05
10860.0	1.19527e-05
10870.0	1.09683e-05
10880.0	9.91884e-06
10890.0	8.47671e-06
10900.0	7.50392e-06
10910.0	6.90211e-06
10920.0	6.40105e-06
10930.0	5.50681e-06
10940.0	6.30961e-06
10950.0	7.48595e-06
10960.0	7.58357e-06
10970.0	6.85547e-06
10980.0	6.08269e-06
10990.0	5.49956e-06
11000.0	3.33803e-06
11010.0	2.05365e-06
11020.0	4.62691e-06
11030.0	6.11667e-06
11040.000000000002	7.27797e-06
11050.0	8.27574e-06
11060.000000000002	8.04362e-06
11070.0	7.15096e-06
11080.000000000002	5.37332e-06
11090.0	3.84837e-06
11100.000000000002	2.46097e-06
11110.0	1.94604e-06
11120.000000000002	2.41951e-06
11130.0	2.63769e-06
11140.000000000002	2.42979e-06
11150.0	2.24643e-06
11160.000000000002	2.47505e-06
11170.0	2.70364e-06
11180.000000000002	2.85761e-06
11190.0	3.00437e-06
11200.000000000002	3.03843e-06
11210.0	3.03843e-06
11220.000000000002	3.03778e-06
11230.0	3.03673e-06
11240.000000000002	2.98257e-06
11250.0	2.8708e-06
11259.999999999998	2.71986e-06
11270.0	2.49144e-06
11279.999999999998	2.26123e-06
11290.0	2.02358e-06
11299.999999999998	1.7886e-06
11310.0	1.60791e-06
11319.999999999998	1.42724e-06
11330.0	1.02063e-06
11339.999999999998	5.89886e-07
11350.0	4.69673e-07
11359.999999999998	4.48028e-07
11370.0	5.42053e-07
11379.999999999998	7.08495e-07
11390.0	9.58019e-07
11399.999999999998	1.30082e-06
11410.0	1.63053e-06
11419.999999999998	1.93314e-06
11430.0	2.18154e-06
11439.999999999998	2.18717e-06
11450.0	2.19277e-06
11459.999999999998	2.19735e-06
11470.0	2.20194e-06
11480.0	2.3844e-06
11490.0	2.58787e-06
11500.0	2.63435e-06
11510.0	2.62857e-06
11520.0	2.53129e-06
11530.0	2.37455e-06
11540.0	2.25062e-06
11550.0	2.16489e-06
11560.0	2.07888e-06
11570.0	1.99231e-06
11580.0	1.92107e-06
11590.0	1.92271e-06
11600.0	1.92774e-06
11610.0	2.04331e-06
11620.0	2.15887e-06
11630.0	2.16824e-06
11640.0	2.16388e-06
11650.0	2.00096e-06
11660.0	1.78271e-06
11670.0	1.68141e-06
11680.0	1.65895e-06
11690.0	1.64636e-06
11700.0	1.6457e-06
11710.0	1.6203e-06
11720.0	1.5396e-06
11730.0	1.43035e-06
11740.0	1.17647e-06
11750.0	9.22809e-07
11760.0	6.78309e-07
11770.0	4.3381e-07
11780.0	3.09042e-07
11790.0	2.01092e-07
11800.0	1.72518e-07
11810.0	1.72912e-07
11820.0	2.39149e-07
11830.0	3.5141e-07
11840.0	5.82397e-07
11850.0	9.61832e-07
11860.0	1.22756e-06
11870.0	1.22804e-06
11880.0	1.23117e-06
11890.0	1.24858e-06
11900.0	1.26615e-06
11910.0	1.29698e-06
11920.0	1.3278e-06
11930.0	1.28107e-06
11940.0	1.22252e-06
11950.0	1.1991e-06
11960.0	1.18907e-06
11970.0	1.30853e-06
11980.0	1.5219e-06
11990.0	1.79296e-06
12000.0	2.13879e-06
12010.0	2.63032e-06
12020.0	3.47643e-06
12030.0	4.3562e-06
12040.0	5.43165e-06
12050.0	6.50691e-06
12060.0	7.5207e-06
12070.0	8.53461e-06
12080.0	9.69058e-06
12090.0	1.087e-05
12100.0	1.24749e-05
12110.0	1.42491e-05
12120.0	1.6555e-05
12130.0	1.92608e-05
12140.0	2.21313e-05
12150.0	2.52238e-05
12160.0	2.84047e-05
12170.0	3.18118e-05
12180.0	3.52545e-05
12190.0	3.89188e-05
12200.0	4.25836e-05
12210.0	4.74126e-05
12220.0	5.22489e-05
12230.0	5.8328e-05
12240.0	6.46253e-05
12250.0	7.16298e-05
12260.0	7.89277e-05
12270.0	8.69076e-05
12280.0	9.54189e-05
12290.000000000002	0.000104439
12300.0	0.000114169
12310.000000000002	0.000124381
12320.0	0.000135873
12330.000000000002	0.000147657
12340.0	0.000161397
12350.000000000002	0.000175138
12360.0	0.000191255
12370.000000000002	0.000207409
12380.0	0.00022537
12390.000000000002	0.00024367
12400.0	0.000263943
12410.000000000002	0.000285073
12420.0	0.000307925
12430.000000000002	0.000332172
12440.0	0.000357506
12450.000000000002	0.000384419
12460.0	0.000411975
12470.000000000002	0.000441314
12480.0	0.000470911
12490.000000000002	0.000502353
12500.0	0.000533799
12509.999999999998	0.00056661
12520.0	0.000599451
12529.999999999998	0.00063264
12540.0	0.000665894
12549.999999999998	0.000699251
12560.0	0.000732652
12569.999999999998	0.00076555
12580.0	0.000798035
12589.999999999998	0.000829946
12600.0	0.000861005
12609.999999999998	0.000891497
12620.0	0.000920333
12629.999999999998	0.000948918
12640.0	0.000975479
12649.999999999998	0.00100204
12660.0	0.00102621
12669.999999999998	0.0010503
12680.0	0.00107217
12689.999999999998	0.00109355
12700.0	0.00111322
12709.999999999998	0.00113208
12720.0	0.00114984
12730.0	0.00116664
12740.0	0.00118266
12750.0	0.00119745
12760.0	0.00121193
12770.0	0.00122548
12780.0	0.00123886
12790.0	0.00125068
12800.0	0.00126251
12810.0	0.00127229
12820.0	0.00128198
12830.0	0.00128995
12840.0	0.00129752
12850.0	0.001304
12860.0	0.00130994
12870.0	0.00131529
12880.0	0.0013201
12890.0	0.00132468
12900.0	0.00132888
12910.0	0.0013329
12920.0	0.00133633
12930.0	0.00133964
12940.0	0.00134195
12950.0	0.00134426
12960.0	0.00134618
12970.0	0.00134807
12980.0	0.00134951
12990.0	0.00135084
13000.0	0.00135202
13010.0	0.00135313
13020.0	0.00135415
13030.0	0.0013551
13040.0	0.00135592
13050.0	0.00135653
13060.0	0.00135695
13070.0	0.00135672
13080.0	0.00135642
13090.0	0.00135537
13100.0	0.00135433
13110.0	0.00135262
13120.0	0.00135087
13130.0	0.00134919
13140.0	0.00134753
13150.0	0.00134598
13160.0	0.00134449
13170.0	0.00134303
13180.0	0.00134158
13190.0	0.00134014
13200.0	0.00133873
13210.0	0.00133729
13220.0	0.00133576
13230.0	0.00133425
13240.0	0.00133306
13250.0	0.00133187
13260.0	0.00133115
13270.0	0.00133046
13280.0	0.00133014
13290.0	0.00132992
13300.0	0.00132969
13310.0	0.00132946
13320.0	0.00132902
13330.0	0.00132837
13340.0	0.00132743
13350.0	0.00132595
13360.0	0.00132438
13370.0	0.00132244
13380.0	0.00132049
13390.0	0.00131844
13400.0	0.00131639
13410.0	0.00131393
13420.0	0.00131143
13430.0	0.0013091
13440.0	0.00130681
13450.0	0.00130445
13460.0	0.00130206
13470.0	0.00129956
13480.0	0.00129695
13490.0	0.00129449
13500.0	0.00129228
13510.0	0.00129021
13520.0	0.00128865
13530.0	0.00128711
13540.000000000002	0.00128575
13550.0	0.00128439
13560.000000000002	0.00128326
13570.0	0.00128215
13580.000000000002	0.00128134
13590.0	0.00128062
13600.000000000002	0.00127946
13610.0	0.00127805
13620.000000000002	0.00127655
13630.0	0.00127497
13640.000000000002	0.00127334
13650.0	0.00127161
13660.000000000002	0.00126987
13670.0	0.00126804
13680.000000000002	0.00126623
13690.0	0.00126454
13700.000000000002	0.00126286
13710.0	0.00126178
13720.000000000002	0.00126077
13730.0	0.00126004
13740.000000000002	0.0012594
13750.0	0.00125881
13759.999999999998	0.00125826
13770.0	0.00125783
13779.999999999998	0.00125753
13790.0	0.00125712
13799.999999999998	0.00125648
13810.0	0.00125586
13819.999999999998	0.00125537
13830.0	0.00125489
13839.999999999998	0.00125467
13850.0	0.00125445
13859.999999999998	0.00125416
13870.0	0.00125386
13879.999999999998	0.00125297
13890.0	0.00125189
13899.999999999998	0.00125029
13910.0	0.00124835
13919.999999999998	0.00124604
13930.0	0.00124331
13939.999999999998	0.00124039
13950.0	0.00123709
13959.999999999998	0.00123373
13970.0	0.00123014
13980.0	0.00122652
13990.0	0.00122203
14000.0	0.00121754
14010.0	0.00121213
14020.0	0.00120661
14030.0	0.00120064
14040.0	0.00119452
14050.0	0.00118831
14060.0	0.00118203
14070.0	0.00117587
14080.0	0.00116984
14090.0	0.00116398
14100.0	0.0011585
14110.0	0.00115308
14120.0	0.00114791
14130.0	0.00114275
14140.0	0.00113794
14150.0	0.00113313
14160.0	0.001129
14170.0	0.00112496
14180.0	0.00112171
14190.0	0.00111875
14200.0	0.00111617
14210.0	0.00111387
14220.0	0.00111159
14230.0	0.00110934
14240.0	0.00110693
14250.0	0.00110414
14260.0	0.00110122
14270.0	0.00109761
14280.0	0.001094
14290.0	0.00109008
14300.0	0.00108616
14310.0	0.00108172
14320.0	0.0010772
14330.0	0.00107191
14340.0	0.00106632
14350.0	0.00106026
14360.0	0.00105386
14370.0	0.00104717
14380.0	0.00104013
14390.0	0.00103302
14400.0	0.00102572
14410.0	0.00101845
14420.0	0.00101136
14430.0	0.00100428
14440.0	0.000999073
14450.0	0.00099387
14460.0	0.00099037
14470.0	0.000987143
14480.0	0.000985613
14490.0	0.00098475
14500.0	0.000984978
14510.0	0.000986018
14520.0	0.000987645
14530.0	0.000990054
14540.0	0.000992892
14550.0	0.000996807
14560.0	0.00100098
14570.0	0.00100673
14580.0	0.00101247
14590.0	0.00101922
14600.0	0.00102596
14610.0	0.00103191
14620.0	0.00103771
14630.0	0.00104255
14640.0	0.00104698
14650.0	0.00105057
14660.0	0.0010535
14670.0	0.00105609
14680.0	0.00105821
14690.0	0.00106009
14700.0	0.00106138
14710.0	0.00106263
14720.0	0.00106356
14730.0	0.0010645
14740.0	0.00106425
14750.0	0.00106399
14760.0	0.00106286
14770.0	0.00106158
14780.0	0.00105971
14790.000000000002	0.00105759
14800.0	0.00105505
14810.000000000002	0.00105216
14820.0	0.00104899
14830.000000000002	0.00104541
14840.0	0.00104172
14850.000000000002	0.00103772
14860.0	0.0010337
14870.000000000002	0.00102947
14880.0	0.00102524
14890.000000000002	0.00102027
14900.0	0.00101529
14910.000000000002	0.00100986
14920.0	0.00100434
14930.000000000002	0.000998794
14940.0	0.000993243
14950.000000000002	0.000987723
14960.0	0.000982228
14970.000000000002	0.000976779
14980.0	0.000971396
14990.000000000002	0.000966408
15000.0	0.000962551
15009.999999999998	0.0009589
15020.0	0.000956842
15029.999999999998	0.000954785
15040.0	0.000954673
15049.999999999998	0.000954621
15060.0	0.000955501
15069.999999999998	0.000956578
15080.0	0.000958414
15089.999999999998	0.000960605
15100.0	0.000963199
15109.999999999998	0.00096614
15120.0	0.000969303
15129.999999999998	0.000972809
15140.0	0.00097645
15149.999999999998	0.000980496
15160.0	0.000984454
15169.999999999998	0.000987671
15180.0	0.000990887
15189.999999999998	0.000992842
15200.0	0.000994745
15209.999999999998	0.000995325
15220.0	0.000995609
15230.0	0.000995401
15240.0	0.000994954
15250.0	0.000994175
15260.0	0.0009931
15270.0	0.000991881
15280.0	0.000990431
15290.0	0.000988934
15300.0	0.000987291
15310.0	0.000985617
15320.0	0.000983656
15330.0	0.000981695
15340.0	0.000979422
15350.0	0.000977135
15360.0	0.000974802
15370.0	0.000972458
15380.0	0.000970177
15390.0	0.000967927
15400.0	0.000965745
15410.0	0.000963625
15420.0	0.00096156
15430.0	0.000959583
15440.0	0.000957606
15450.0	0.000955626
15460.0	0.000953631
15470.0	0.000951486
15480.0	0.000949341
15490.0	0.000946915
15500.0	0.000944472
15510.0	0.000942026
15520.0	0.000939579
15530.0	0.000937117
15540.0	0.000934648
15550.0	0.000931973
15560.0	0.000929103
15570.0	0.000926105
15580.0	0.000922889
15590.0	0.000919637
15600.0	0.000916263
15610.0	0.000912913
15620.0	0.000909857
15630.0	0.000906801
15640.0	0.000904024
15650.0	0.000901266
15660.0	0.000898781
15670.0	0.000896369
15680.0	0.000893904
15690.0	0.000891409
15700.0	0.000888795
15710.0	0.000886063
15720.0	0.000883367
15730.0	0.000880737
15740.0	0.000878184
15750.0	0.000875911
15760.0	0.000873668
15770.0	0.000871808
15780.0	0.000869947
15790.0	0.000867929
15800.0	0.000865899
15810.0	0.000863875
15820.0	0.000861853
15830.0	0.000859973
15840.0	0.000858173
15850.0	0.000856449
15860.0	0.000854803
15870.0	0.000853177
15880.0	0.000851587
15890.0	0.000849971
15900.0	0.000848254
15910.0	0.000846512
15920.0	0.000844385
15930.0	0.000842258
15940.0	0.000839703
15950.0	0.000837108
15960.0	0.000834374
15970.0	0.000831599
15980.0	0.000828819
15990.0	0.000826037
16000.0	0.000823313
16010.0	0.000820651
16020.0	0.000817963
16030.0	0.000815226
16040.000000000002	0.000812513
16050.0	0.000809901
16060.000000000002	0.000807314
16070.0	0.000805198
16080.000000000002	0.000803081
16090.0	0.00080128
16100.000000000002	0.00079951
16110.0	0.000797946
16120.000000000002	0.000796444
16130.0	0.000795036
16140.000000000002	0.000793686
16150.0	0.000792351
16160.000000000002	0.000791033
16170.0	0.00078971
16180.000000000002	0.000788378
16190.0	0.000787013
16200.000000000002	0.000785502
16210.0	0.000783975
16220.000000000002	0.000782097
16230.0	0.000780219
16240.000000000002	0.000777846
16250.0	0.000775417
16259.999999999998	0.000772793
16270.0	0.000770106
16279.999999999998	0.000767366
16290.0	0.000764592
16299.999999999998	0.000762022
16310.0	0.000759682
16319.999999999998	0.000757418
16330.0	0.000755312
16339.999999999998	0.000753161
16350.0	0.000750802
16359.999999999998	0.000748444
16370.0	0.000746121
16379.999999999998	0.000743798
16390.0	0.000741462
16400.0	0.000739126
16410.0	0.000736843
16420.0	0.000734579
16430.0	0.000732292
16440.0	0.000729989
16450.0	0.000727633
16460.0	0.000725213
16470.0	0.00072266
16480.0	0.000719816
16490.0	0.000716931
16500.0	0.00071384
16510.0	0.000710745
16520.0	0.000707516
16530.0	0.000704286
16540.0	0.000701155
16550.0	0.000698038
16560.0	0.00069525
16570.0	0.000692579
16580.0	0.000690012
16590.0	0.000687515
16600.0	0.000685045
16610.0	0.000682604
16620.0	0.00068014
16630.0	0.000677618
16640.0	0.000675062
16650.0	0.00067233
16660.0	0.000669595
16670.0	0.000666671
16680.0	0.000663748
16690.0	0.000660965
16700.0	0.000658202
16710.0	0.000655592
16720.0	0.000653039
16730.0	0.000650611
16740.0	0.000648271
16750.0	0.000646101
16760.0	0.000644147
16770.0	0.000642237
16780.0	0.000640433
16790.0	0.000638671
16800.0	0.000637149
16810.0	0.000635629
16820.0	0.00063441
16830.0	0.00063319
16840.0	0.000632134
16850.0	0.000631103
16860.0	0.000630135
16870.0	0.000629191
16880.0	0.000628353
16890.0	0.000627593
16900.0	0.000626816
16910.0	0.000626018
16920.0	0.000625161
16930.0	0.000624158
16940.0	0.000623167
16950.0	0.000622243
16960.0	0.000621319
16970.0	0.000620389
16980.0	0.000619461
16990.0	0.000618563
17000.0	0.000617671
17010.0	0.00061683
17020.0	0.000616011
17030.0	0.00061519
17040.0	0.000614369
17050.0	0.000613469
17060.0	0.000612462
17070.0	0.000611427
17080.0	0.000610321
17090.0	0.000609203
17100.0	0.000608017
17110.0	0.00060683
17120.0	0.000605486
17130.0	0.000604141
17140.0	0.000602859
17150.0	0.000601589
17160.0	0.000600374
17170.0	0.000599184
17180.0	0.000597929
17190.0	0.000596624
17200.0	0.000595289
17210.0	0.000593913
17220.0	0.000592484
17230.0	0.000590912
17240.0	0.000589318
17250.0	0.00058757
17260.0	0.000585822
17270.0	0.000584171
17280.0	0.000582522
17290.0	0.000581099
17300.0	0.000579721
17310.0	0.000578434
17320.0	0.000577189
17330.0	0.000575959
17340.0	0.000574742
17350.0	0.000573599
17360.0	0.000572567
17370.0	0.000571567
17380.0	0.000570658
17390.0	0.000569777
17400.0	0.000569104
17410.0	0.00056843
17420.0	0.000567881
17430.0	0.000567336
17440.0	0.000566691
17450.0	0.000566027
17460.0	0.000565175
17470.0	0.000564238
17480.0	0.00056324
17490.0	0.000562191
17500.0	0.000561161
17510.0	0.000560158
17520.0	0.000559087
17530.0	0.000557811
17540.0	0.000556507
17550.0	0.000554962
17560.0	0.000553417
17570.0	0.000551578
17580.0	0.000549727
17590.0	0.000547668
17600.0	0.000545562
17610.0	0.000543525
17620.0	0.000541523
17630.0	0.000539628
17640.0	0.000537829
17650.0	0.000536023
17660.0	0.000534208
17670.0	0.000532399
17680.0	0.00053061
17690.0	0.000528876
17700.0	0.000527642
17710.0	0.000526409
17720.0	0.000525626
17730.0	0.000524864
17740.0	0.000524425
17750.0	0.000524063
17760.0	0.000523913
17770.0	0.00052387
17780.0	0.000523841
17790.0	0.000523826
17800.0	0.000523706
17810.0	0.000523416
17820.0	0.000523067
17830.0	0.000522526
17840.0	0.000521971
17850.0	0.000521269
17860.0	0.000520567
17870.0	0.000519568
17880.0	0.000518552
17890.0	0.000517577
17900.0	0.000516613
17910.0	0.000515687
17920.0	0.00051478
17930.0	0.000513815
17940.0	0.000512795
17950.0	0.000511745
17960.0	0.000510644
17970.0	0.000509603
17980.0	0.000508765
17990.0	0.000507934
18000.0	0.000507177
18010.0	0.00050642
18020.0	0.000505364
18030.0	0.000504288
18040.0	0.000503153
18050.0	0.000502003
18060.0	0.000500765
18070.0	0.00049948
18080.0	0.000498065
18090.0	0.000496521
18100.0	0.000494938
18110.0	0.000493284
18120.0	0.0004916
18130.0	0.000489808
18140.0	0.000488004
18150.0	0.000486046
18160.0	0.000484089
18170.0	0.000482223
18180.0	0.000480365
18190.0	0.000478684
18200.0	0.000477052
18210.0	0.000475293
18220.0	0.000473463
18230.0	0.000471491
18240.0	0.000469374
18250.0	0.00046731
18260.0	0.000465342
18270.0	0.000463399
18280.0	0.00046155
18290.0	0.000459692
18300.0	0.000457696
18310.0	0.0004557
18320.0	0.000453621
18330.0	0.000451535
18340.0	0.000449411
18350.0	0.000447276
18360.0	0.00044503
18370.0	0.000442719
18380.0	0.00044028
18390.0	0.000437706
18400.0	0.00043502
18410.0	0.000432119
18420.0	0.000429105
18430.0	0.000425636
18440.0	0.000422138
18450.0	0.000418133
18460.0	0.000414128
18470.0	0.00040983
18480.0	0.000405503
18490.0	0.000400865
18500.0	0.000396131
18510.0	0.000391059
18520.0	0.000385782
18530.0	0.00038036
18540.0	0.000374782
18550.0	0.000369202
18560.0	0.000363619
18570.0	0.000358001
18580.0	0.000352234
18590.0	0.000346456
18600.0	0.00034044
18610.0	0.000334425
18620.0	0.000328404
18630.0	0.000322382
18640.0	0.000316477
18650.0	0.000310608
18660.0	0.000304599
18670.0	0.000298501
18680.0	0.000292241
18690.0	0.000285799
18700.0	0.000279245
18710.0	0.00027246
18720.0	0.000265616
18730.0	0.000258502
18740.0	0.000251386
18750.0	0.000244173
18760.0	0.000236961
18770.0	0.000229797
18780.0	0.000222637
18790.0	0.000215296
18800.0	0.000207892
18810.0	0.000200297
18820.0	0.000192577
18830.0	0.000184919
18840.0	0.000177335
18850.0	0.00016986
18860.0	0.000162619
18870.0	0.000155387
18880.0	0.00014819
18890.0	0.000140993
18900.0	0.000133813
18910.0	0.000126632
18920.0	0.000119902
18930.0	0.000113231
18940.0	0.000107059
18950.0	0.000101065
18960.0	9.53323e-05
18970.0	8.97796e-05
18980.0	8.43885e-05
18990.0	7.91946e-05
19000.0	7.40889e-05
19010.0	6.91799e-05
19020.0	6.43266e-05
19030.0	5.97556e-05
19040.0	5.51985e-05
19050.0	5.13527e-05
19060.0	4.75064e-05
19070.0	4.43279e-05
19080.0	4.12444e-05
19090.0	3.83902e-05
19100.0	3.56208e-05
19110.0	3.29443e-05
19120.0	3.03338e-05
19130.0	2.79735e-05
19140.0	2.59285e-05
19150.0	2.4082e-05
19160.0	2.27012e-05
19170.0	2.14013e-05
19180.0	2.05443e-05
19190.0	1.96896e-05
19200.0	1.90588e-05
19210.0	1.8428e-05
19220.0	1.7909e-05
19230.0	1.74073e-05
19240.0	1.69843e-05
19250.0	1.65917e-05
19260.0	1.62106e-05
19270.0	1.58378e-05
19280.0	1.54309e-05
19290.0	1.49793e-05
19300.0	1.44925e-05
19310.0	1.39191e-05
19320.0	1.33267e-05
19330.0	1.26235e-05
19340.0	1.19202e-05
19350.0	1.12411e-05
19360.0	1.05618e-05
19370.0	9.99294e-06
19380.0	9.44246e-06
19390.0	8.96967e-06
19400.0	8.52816e-06
19410.0	8.12318e-06
19420.0	7.74575e-06
19430.0	7.40163e-06
19440.0	7.10247e-06
19450.0	6.83881e-06
19460.0	6.66607e-06
19470.0	6.50924e-06
19480.0	6.45304e-06
19490.0	6.39683e-06
19500.0	6.32164e-06
19510.0	6.24633e-06
19520.0	6.17285e-06
19530.0	6.0997e-06
19540.0	6.12864e-06
19550.0	6.20046e-06
19560.0	6.33524e-06
19570.0	6.51949e-06
19580.0	6.68446e-06
19590.0	6.82241e-06
19600.0	6.93271e-06
19610.0	6.96903e-06
19620.0	6.99761e-06
19630.0	6.97327e-06
19640.0	6.94894e-06
19650.0	6.89717e-06
19660.0	6.84496e-06
19670.0	6.79454e-06
19680.0	6.74446e-06
19690.0	6.64964e-06
19700.0	6.53521e-06
19710.0	6.30706e-06
19720.0	5.98629e-06
19730.0	5.59957e-06
19740.0	5.11688e-06
19750.0	4.6409e-06
19760.0	4.1839e-06
19770.0	3.73658e-06
19780.0	3.36125e-06
19790.0	2.98597e-06
19800.0	2.63041e-06
19810.0	2.2754e-06
19820.0	1.9014e-06
19830.0	1.52352e-06
19840.0	1.17338e-06
19850.0	8.35819e-07
19860.0	5.55884e-07
19870.0	3.24494e-07
19880.0	2.07614e-07
19890.0	2.63657e-07
19900.0	4.04831e-07
19910.0	7.95668e-07
19920.0	1.19345e-06
19930.0	1.64781e-06
19940.0	2.10212e-06
19950.0	2.61716e-06
19960.0	3.13434e-06
19970.0	3.69274e-06
19980.0	4.26016e-06
19990.0	4.83952e-06
20000.0	5.42466e-06
20010.0	5.98125e-06
20019.999999999996	6.51307e-06
20030.0	7.02976e-06
20040.0	7.52291e-06
20050.0	7.99942e-06
20059.999999999996	8.42431e-06
20070.0	8.83159e-06
20080.0	9.08229e-06
20090.0	9.33306e-06
20099.999999999996	9.5376e-06
20110.0	9.74008e-06
20120.0	9.90066e-06
20130.0	1.00516e-05
20139.999999999996	1.01959e-05
20150.0	1.0337e-05
20160.0	1.04978e-05
20170.0	1.06765e-05
20179.999999999996	1.08909e-05
20190.0	1.11633e-05
20200.0	1.14501e-05
20210.0	1.17837e-05
20219.999999999996	1.20866e-05
20230.0	1.20871e-05
20240.0	1.20877e-05
20250.0	1.17621e-05
20259.999999999996	1.14189e-05
20270.0	1.09398e-05
20280.0	1.04275e-05
20290.0	9.81653e-06
20299.999999999996	9.15471e-06
20310.0	8.46886e-06
20320.0	7.76028e-06
20330.0	7.0313e-06
20339.999999999996	6.26759e-06
20350.0	5.49452e-06
20360.0	4.6905e-06
20370.0	3.88416e-06
20379.999999999996	3.05209e-06
20390.0	2.22021e-06
20400.0	1.64812e-06
20410.0	1.09277e-06
20419.999999999996	7.39576e-07
20430.0	4.38534e-07
20440.0	2.39304e-07
20450.0	9.45798e-08
20460.0	2.02043e-08
20470.0	1.41593e-08
20480.0	1.07382e-08
20490.0	1.19228e-08
20500.0	1.4616e-08
20510.0	2.2702e-08
20520.0	3.05434e-08
20530.0	3.53847e-08
20540.0	4.02261e-08
20550.0	1.05679e-07
20560.0	1.75632e-07
20570.0	3.38031e-07
20580.0	5.2559e-07
20590.0	6.90476e-07
20600.0	8.42762e-07
20610.0	9.80089e-07
20620.0	1.10228e-06
20630.0	1.21517e-06
20640.0	1.3111e-06
20650.0	1.40221e-06
20660.0	1.47513e-06
20670.0	1.54587e-06
20680.0	1.58577e-06
20690.0	1.62566e-06
20700.0	1.65292e-06
20710.0	1.6791e-06
20720.0	1.67585e-06
20730.0	1.66419e-06
20740.0	1.63208e-06
20750.0	1.58812e-06
20760.0	1.58625e-06
20770.0	1.62831e-06
20780.0	1.66696e-06
20790.0	1.69909e-06
20800.0	1.7389e-06
20810.0	1.80923e-06
20820.0	1.87754e-06
20830.000000000004	1.91273e-06
20840.0	1.94793e-06
20850.0	1.9986e-06
20860.0	2.05075e-06
20870.000000000004	2.13664e-06
20880.0	2.2327e-06
20890.0	2.33704e-06
20900.0	2.44637e-06
20910.000000000004	2.51364e-06
20920.0	2.53541e-06
20930.0	2.52838e-06
20940.0	2.4645e-06
20950.000000000004	2.4048e-06
20960.0	2.36253e-06
20970.0	2.32036e-06
20980.0	2.28012e-06
20990.000000000004	2.23989e-06
21000.0	2.2653e-06
21010.0	2.2977e-06
21020.0	2.30231e-06
21030.000000000004	2.29814e-06
21040.0	2.25616e-06
21050.0	2.19059e-06
21060.0	2.1126e-06
21070.000000000004	2.02069e-06
21080.0	1.95566e-06
21090.0	1.94582e-06
21100.0	1.96521e-06
21110.000000000004	2.11484e-06
21120.0	2.26628e-06
21130.0	2.46268e-06
21140.0	2.65913e-06
21150.000000000004	2.87099e-06
21160.0	3.08466e-06
21170.0	3.31422e-06
21180.0	3.54899e-06
21190.000000000004	3.84e-06
21200.0	4.16745e-06
21210.0	4.49614e-06
21220.0	4.8261e-06
21230.000000000004	5.1196e-06
21240.0	5.33514e-06
21250.0	5.51471e-06
21260.0	5.52433e-06
21269.999999999996	5.52543e-06
21280.0	5.25366e-06
21290.0	4.98188e-06
21300.0	4.67771e-06
21309.999999999996	4.36947e-06
21320.0	4.03788e-06
21330.0	3.69819e-06
21340.0	3.33638e-06
21349.999999999996	2.95984e-06
21360.0	2.56201e-06
21370.0	2.13846e-06
21380.0	1.72494e-06
21389.999999999996	1.33352e-06
21400.0	9.58621e-07
21410.0	6.67402e-07
21420.0	3.78925e-07
21429.999999999996	2.15441e-07
21440.0	5.19177e-08
21450.0	4.21203e-08
21460.0	5.37889e-08
21469.999999999996	6.98825e-08
21480.0	8.75807e-08
21490.0	9.57101e-08
21500.0	9.71678e-08
21509.999999999996	9.80021e-08
21520.0	9.80599e-08
21530.0	9.89303e-08
21540.0	1.01687e-07
21549.999999999996	1.09374e-07
21560.0	1.43609e-07
21570.0	1.78499e-07
21580.0	2.6291e-07
21589.999999999996	3.47321e-07
21600.0	4.43866e-07
21610.0	5.4222e-07
21620.0	6.45353e-07
21629.999999999996	7.5033e-07
21640.0	8.90606e-07
21650.0	1.05642e-06
21660.0	1.26708e-06
21669.999999999996	1.53576e-06
21680.0	1.82048e-06
21690.0	2.14424e-06
21700.0	2.47536e-06
21710.0	2.84834e-06
21720.0	3.22131e-06
21730.0	3.59126e-06
21740.0	3.96113e-06
21750.0	4.2514e-06
21760.0	4.52874e-06
21770.0	4.77468e-06
21780.0	5.0082e-06
21790.0	5.24348e-06
21800.0	5.48015e-06
21810.0	5.70778e-06
21820.0	5.92334e-06
21830.0	6.0991e-06
21840.0	6.17396e-06
21850.0	6.22321e-06
21860.0	6.11385e-06
21870.0	6.00451e-06
21880.0	5.76286e-06
21890.0	5.52055e-06
21900.0	5.27268e-06
21910.0	5.02391e-06
21920.0	4.8274e-06
21930.0	4.65253e-06
21940.0	4.48021e-06
21950.0	4.30984e-06
21960.0	4.10073e-06
21970.0	3.83795e-06
21980.0	3.55412e-06
21990.0	3.21468e-06
22000.0	2.88731e-06
22010.0	2.64122e-06
22020.0	2.39512e-06
22030.0	2.34567e-06
22040.0	2.29904e-06
22050.0	2.38426e-06
22060.0	2.49426e-06
22070.0	2.62748e-06
22080.000000000004	2.77076e-06
22090.0	2.95107e-06
22100.0	3.16115e-06
22110.0	3.22894e-06
22120.000000000004	3.09164e-06
22130.0	2.96486e-06
22140.0	2.86736e-06
22150.0	2.7745e-06
22160.000000000004	2.71524e-06
22170.0	2.656e-06
22180.0	2.56626e-06
22190.0	2.47579e-06
22200.000000000004	2.38725e-06
22210.0	2.2991e-06
22220.0	2.11282e-06
22230.0	1.88216e-06
22240.000000000004	1.61509e-06
22250.0	1.31756e-06
22260.0	9.8013e-07
22270.0	5.83234e-07
22280.000000000004	2.81534e-07
22290.0	2.55685e-07
22300.0	2.32604e-07
22310.0	2.31298e-07
22320.000000000004	2.29991e-07
22330.0	2.30888e-07
22340.0	2.31856e-07
22350.0	2.46282e-07
22360.000000000004	2.63582e-07
22370.0	3.48604e-07
22380.0	4.6546e-07
22390.0	6.47433e-07
22400.000000000004	8.85721e-07
22410.0	1.1767e-06
22420.0	1.54959e-06
22430.0	1.93419e-06
22440.000000000004	2.35463e-06
22450.0	2.76965e-06
22460.0	3.13788e-06
22470.0	3.50601e-06
22480.000000000004	3.82631e-06
22490.0	4.14466e-06
22500.0	4.39341e-06
22510.0	4.62642e-06
22519.999999999996	4.81045e-06
22530.0	4.97044e-06
22540.0	5.04625e-06
22550.0	5.04657e-06
22559.999999999996	5.05207e-06
22570.0	5.06594e-06
22580.0	5.0723e-06
22590.0	5.05478e-06
22599.999999999996	5.02757e-06
22610.0	4.90775e-06
22620.0	4.78791e-06
22630.0	4.68941e-06
22639.999999999996	4.59201e-06
22650.0	4.60489e-06
22660.0	4.6442e-06
22670.0	4.75034e-06
22679.999999999996	4.89055e-06
22690.0	5.07233e-06
22700.0	5.29267e-06
22710.0	5.42062e-06
22719.999999999996	5.39398e-06
22730.0	5.33922e-06
22740.0	5.19031e-06
22750.0	5.03244e-06
22759.999999999996	4.77983e-06
22770.0	4.52723e-06
22780.0	4.39601e-06
22790.0	4.27233e-06
22799.999999999996	4.27517e-06
22810.0	4.31012e-06
22820.0	4.34439e-06
22830.0	4.37829e-06
22839.999999999996	4.39138e-06
22850.0	4.38442e-06
22860.0	4.36001e-06
22870.0	4.30526e-06
22879.999999999996	4.27564e-06
22890.0	4.33453e-06
22900.0	4.39066e-06
22910.0	4.4137e-06
22919.999999999996	4.43674e-06
22930.0	4.43248e-06
22940.0	4.42626e-06
22950.0	4.38512e-06
22960.0	4.33464e-06
22970.0	4.22527e-06
22980.0	4.08341e-06
22990.0	3.90593e-06
23000.0	3.69285e-06
23010.0	3.48399e-06
23020.0	3.28289e-06
23030.0	3.08301e-06
23040.0	2.88763e-06
23050.0	2.70064e-06
23060.0	2.62902e-06
23070.0	2.5574e-06
23080.0	2.57503e-06
23090.0	2.6e-06
23100.0	2.66594e-06
23110.0	2.74345e-06
23120.0	2.79091e-06
23130.0	2.82117e-06
23140.0	2.82819e-06
23150.0	2.81115e-06
23160.0	2.80789e-06
23170.0	2.83048e-06
23180.0	2.89361e-06
23190.0	3.11548e-06
23200.0	3.35959e-06
23210.0	3.95621e-06
23220.0	4.55269e-06
23230.0	5.18644e-06
23240.0	5.82363e-06
23250.0	6.39685e-06
23260.0	6.9509e-06
23270.0	7.45283e-06
23280.0	7.92385e-06
23290.0	8.36298e-06
23300.0	8.76808e-06
23310.0	9.1565e-06
23320.0	9.5121e-06
23330.000000000004	9.85001e-06
23340.0	1.01148e-05
23350.0	1.03693e-05
23360.0	1.04326e-05
23370.000000000004	1.04958e-05
23380.0	1.0229e-05
23390.0	9.92797e-06
23400.0	9.46522e-06
23410.000000000004	8.95191e-06
23420.0	8.40931e-06
23430.0	7.84855e-06
23440.0	7.29943e-06
23450.000000000004	6.76349e-06
23460.0	6.27466e-06
23470.0	5.88157e-06
23480.0	5.5221e-06
23490.000000000004	5.31049e-06
23500.0	5.11124e-06
23510.0	5.19577e-06
23520.0	5.28028e-06
23530.000000000004	5.23713e-06
23540.0	5.17938e-06
23550.0	5.06799e-06
23560.0	4.93903e-06
23570.000000000004	4.89801e-06
23580.0	4.91339e-06
23590.0	4.99938e-06
23600.0	5.16653e-06
23610.000000000004	5.36078e-06
23620.0	5.61217e-06
23630.0	5.83951e-06
23640.0	5.95494e-06
23650.000000000004	6.06555e-06
23660.0	6.03422e-06
23670.0	6.00289e-06
23680.0	5.74012e-06
23690.000000000004	5.44836e-06
23700.0	5.31281e-06
23710.0	5.23083e-06
23720.0	5.24237e-06
23730.000000000004	5.31617e-06
23740.0	5.46819e-06
23750.0	5.71337e-06
23760.0	5.95147e-06
23769.999999999996	6.17404e-06
23780.0	6.39115e-06
23790.0	6.58151e-06
23800.0	6.77237e-06
23809.999999999996	6.98104e-06
23820.0	7.18971e-06
23830.0	7.29075e-06
23840.0	7.37711e-06
23849.999999999996	7.39952e-06
23860.0	7.39896e-06
23870.0	7.35334e-06
23880.0	7.27664e-06
23889.999999999996	7.18266e-06
23900.0	7.06731e-06
23910.0	6.95315e-06
23920.0	6.84167e-06
23929.999999999996	6.75181e-06
23940.0	6.7763e-06
23950.0	6.79965e-06
23960.0	6.74929e-06
23969.999999999996	6.69891e-06
23980.0	6.68385e-06
23990.0	6.67402e-06
24000.0	6.86552e-06
24009.999999999996	7.13261e-06
24020.0	7.57469e-06
24030.0	8.14219e-06
24040.0	8.84976e-06
24049.999999999996	9.73687e-06
24060.0	1.05538e-05
24070.0	1.12029e-05
24080.0	1.18047e-05
24089.999999999996	1.21409e-05
24100.0	1.24756e-05
24110.0	1.25613e-05
24120.0	1.2647e-05
24129.999999999996	1.28236e-05
24140.0	1.30147e-05
24150.0	1.32725e-05
24160.0	1.35564e-05
24169.999999999996	1.38127e-05
24180.0	1.40484e-05
24190.0	1.42007e-05
24200.0	1.42422e-05
24210.0	1.42096e-05
24220.0	1.39914e-05
24230.0	1.37941e-05
24240.0	1.37236e-05
24250.0	1.36531e-05
24260.0	1.35517e-05
24270.0	1.34503e-05
24280.0	1.3322e-05
24290.0	1.31892e-05
24300.0	1.30104e-05
24310.0	1.28128e-05
24320.0	1.26141e-05
24330.0	1.24145e-05
24340.0	1.22172e-05
24350.0	1.2023e-05
24360.0	1.18159e-05
24370.0	1.15754e-05
24380.0	1.13181e-05
24390.0	1.09518e-05
24400.0	1.05854e-05
24410.0	1.02074e-05
24420.0	9.82925e-06
24430.0	9.70447e-06
24440.0	9.62653e-06
24450.0	9.82285e-06
24460.0	1.01366e-05
24470.0	1.06736e-05
24480.0	1.13887e-05
24490.0	1.20745e-05
24500.0	1.27186e-05
24510.0	1.33016e-05
24520.0	1.37174e-05
24530.0	1.41216e-05
24540.0	1.44424e-05
24550.0	1.47633e-05
24560.0	1.52316e-05
24570.0	1.57029e-05
24580.000000000004	1.63184e-05
24590.0	1.69625e-05
24600.0	1.76259e-05
24610.0	1.8298e-05
24620.000000000004	1.87536e-05
24630.0	1.90301e-05
24640.0	1.9117e-05
24650.0	1.89234e-05
24660.000000000004	1.87151e-05
24670.0	1.84653e-05
24680.0	1.82154e-05
24690.0	1.79653e-05
24700.000000000004	1.77154e-05
24710.0	1.74877e-05
24720.0	1.72607e-05
24730.0	1.6923e-05
24740.000000000004	1.65621e-05
24750.0	1.61465e-05
24760.0	1.57054e-05
24770.0	1.52167e-05
24780.000000000004	1.4687e-05
24790.0	1.42357e-05
24800.0	1.39051e-05
24810.0	1.36073e-05
24820.000000000004	1.34076e-05
24830.0	1.32185e-05
24840.0	1.31173e-05
24850.0	1.30161e-05
24860.000000000004	1.3106e-05
24870.0	1.32036e-05
24880.0	1.34894e-05
24890.0	1.38173e-05
24900.000000000004	1.4918e-05
24910.0	1.63932e-05
24920.0	1.75382e-05
24930.0	1.83891e-05
24940.000000000004	1.92423e-05
24950.0	2.00989e-05
24960.0	2.09574e-05
24970.0	2.18207e-05
24980.000000000004	2.26805e-05
24990.0	2.35086e-05
25000.0	2.43365e-05
25010.0	2.46643e-05
25019.999999999996	2.49674e-05
25030.0	2.49315e-05
25040.0	2.48008e-05
25050.0	2.45961e-05
25059.999999999996	2.37121e-05
25070.0	2.37146e-05
25080.0	2.47672e-05
25090.0	2.47219e-05
25099.999999999996	2.42964e-05
25110.0	2.40176e-05
25120.0	2.41279e-05
25130.0	2.44143e-05
25139.999999999996	2.55992e-05
25150.0	2.70086e-05
25160.0	2.81555e-05
25170.0	2.86686e-05
25179.999999999996	2.86138e-05
25190.0	2.85945e-05
25200.0	2.9337e-05
25210.0	3.03968e-05
25219.999999999996	3.10407e-05
25230.0	3.14659e-05
25240.0	3.20907e-05
25250.0	3.28076e-05
25259.999999999996	3.37334e-05
25270.0	3.45101e-05
25280.0	3.4014e-05
25290.0	3.31783e-05
25299.999999999996	3.26638e-05
25310.0	3.2483e-05
25320.0	3.19601e-05
25330.0	3.17309e-05
25339.999999999996	3.25318e-05
25350.0	3.43839e-05
25360.0	3.46502e-05
25370.0	3.44667e-05
25379.999999999996	3.45461e-05
25390.0	3.52826e-05
25400.0	3.57539e-05
25410.0	3.62461e-05
25419.999999999996	3.73213e-05
25430.0	3.95404e-05
25440.0	4.07815e-05
25450.0	3.97814e-05
25460.0	3.77957e-05
25470.0	3.66177e-05
25480.0	3.55288e-05
25490.0	3.4865e-05
25500.0	3.43497e-05
25510.0	3.32965e-05
25520.0	3.11526e-05
25530.0	2.85985e-05
25540.0	2.58808e-05
25550.0	2.34866e-05
25560.0	2.36258e-05
25570.0	2.37913e-05
25580.0	2.32981e-05
25590.0	2.23047e-05
25600.0	2.13483e-05
25610.0	2.11131e-05
25620.0	2.18335e-05
25630.0	2.19886e-05
25640.0	2.17564e-05
25650.0	2.12302e-05
25660.0	2.04519e-05
25670.0	1.88895e-05
25680.0	1.79087e-05
25690.0	1.75794e-05
25700.0	1.80364e-05
25710.0	1.7565e-05
25720.0	1.70287e-05
25730.0	1.6835e-05
25740.0	1.76855e-05
25750.0	1.80021e-05
25760.0	1.83878e-05
25770.0	1.89311e-05
25780.0	1.96961e-05
25790.0	2.00978e-05
25800.0	2.01933e-05
25810.0	2.02425e-05
25820.0	2.14232e-05
25830.000000000004	2.14351e-05
25840.0	2.15468e-05
25850.0	2.21287e-05
25860.0	2.24687e-05
25870.000000000004	2.24171e-05
25880.0	2.19272e-05
25890.0	2.10112e-05
25900.0	2.11247e-05
25910.000000000004	2.20746e-05
25920.0	2.27452e-05
25930.0	2.21322e-05
25940.0	2.32253e-05
25950.000000000004	2.33597e-05
25960.0	2.32455e-05
25970.0	2.39194e-05
25980.0	2.53573e-05
25990.000000000004	2.61741e-05
26000.0	2.63029e-05
26010.0	2.57546e-05
26020.0	2.45276e-05
26030.000000000004	2.38999e-05
26040.0	2.3651e-05
26050.0	2.22895e-05
26060.0	2.12946e-05
26070.000000000004	2.04155e-05
26080.0	1.95163e-05
26090.0	1.81688e-05
26100.0	1.75602e-05
26110.000000000004	1.74073e-05
26120.0	1.75861e-05
26130.0	1.78328e-05
26140.0	1.76916e-05
26150.000000000004	1.7396e-05
26160.0	1.70948e-05
26170.0	1.67078e-05
26180.0	1.58389e-05
26190.000000000004	1.4932e-05
26200.0	1.44738e-05
26210.0	1.43975e-05
26220.0	1.39483e-05
26230.000000000004	1.32546e-05
26240.0	1.2568e-05
26250.0	1.21125e-05
26260.0	1.19186e-05
26269.999999999996	1.18832e-05
26280.0	1.1729e-05
26290.0	1.15763e-05
26300.0	1.18366e-05
26309.999999999996	1.23836e-05
26320.0	1.2263e-05
26330.0	1.28269e-05
26340.0	1.33489e-05
26349.999999999996	1.36296e-05
26360.0	1.40737e-05
26370.0	1.48241e-05
26380.0	1.524e-05
26389.999999999996	1.50254e-05
26400.0	1.55782e-05
26410.0	1.62761e-05
26420.0	1.67426e-05
26429.999999999996	1.66423e-05
26440.0	1.51333e-05
26450.0	1.47347e-05
26460.0	1.4903e-05
26469.999999999996	1.49136e-05
26480.0	1.40425e-05
26490.0	1.36808e-05
26500.0	1.36871e-05
26509.999999999996	1.35867e-05
26520.0	1.2233e-05
26530.0	1.1701e-05
26540.0	1.21635e-05
26549.999999999996	1.3211e-05
26560.0	1.29409e-05
26570.0	1.23824e-05
26580.0	1.19365e-05
26589.999999999996	1.23973e-05
26600.0	1.29737e-05
26610.0	1.31562e-05
26620.0	1.28028e-05
26629.999999999996	1.29612e-05
26640.0	1.27213e-05
26650.0	1.22524e-05
26660.0	1.16593e-05
26669.999999999996	1.13109e-05
26680.0	1.11564e-05
26690.0	1.10673e-05
26700.0	1.09131e-05
26710.0	1.1288e-05
26720.0	1.11683e-05
26730.0	1.06719e-05
26740.0	1.00192e-05
26750.0	1.04653e-05
26760.0	1.0748e-05
26770.0	1.07031e-05
26780.0	1.02128e-05
26790.0	1.02992e-05
26800.0	1.02331e-05
26810.0	9.71309e-06
26820.0	8.03768e-06
26830.0	7.56721e-06
26840.0	7.65427e-06
26850.0	7.92953e-06
26860.0	7.05398e-06
26870.0	6.52411e-06
26880.0	6.17e-06
26890.0	5.89334e-06
26900.0	5.32451e-06
26910.0	4.39103e-06
26920.0	3.79793e-06
26930.0	4.14226e-06
26940.0	4.25923e-06
26950.0	4.03572e-06
26960.0	3.70864e-06
26970.0	3.58368e-06
26980.0	4.19397e-06
26990.0	5.04967e-06
27000.0	5.67569e-06
27010.0	5.13203e-06
27020.0	5.09414e-06
27030.0	4.91558e-06
27040.0	4.55323e-06
27050.0	4.15644e-06
27060.0	3.7942e-06
27070.0	3.63226e-06
27080.000000000004	3.61258e-06
27090.0	3.17078e-06
27100.0	2.28722e-06
27110.0	1.71255e-06
27120.000000000004	1.71004e-06
27130.0	1.6815e-06
27140.0	1.58199e-06
27150.0	1.6492e-06
27160.000000000004	2.03238e-06
27170.0	2.22153e-06
27180.0	1.89551e-06
27190.0	1.34993e-06
27200.000000000004	8.6809e-07
27210.0	8.54189e-07
27220.0	8.54189e-07
27230.0	8.54189e-07
27240.000000000004	8.54189e-07
27250.0	8.54366e-07
27260.0	6.70192e-07
27270.0	3.69765e-07
27280.000000000004	1.60531e-07
27290.0	1.30816e-07
27300.0	1.27066e-07
27310.0	1.23041e-07
27320.000000000004	1.29389e-07
27330.0	1.32252e-07
27340.0	3.7368e-07
27350.0	8.9722e-07
27360.000000000004	1.41825e-06
27370.0	1.91745e-06
27380.0	2.32478e-06
27390.0	2.60256e-06
27400.000000000004	2.79504e-06
27410.0	3.16121e-06
27420.0	3.53485e-06
27430.0	3.78636e-06
27440.000000000004	4.08907e-06
27450.0	4.18142e-06
27460.0	4.21009e-06
27470.0	4.35721e-06
27480.000000000004	3.9219e-06
27490.0	3.71166e-06
27500.0	3.72576e-06
27510.0	3.89119e-06
27519.999999999996	3.5956e-06
27530.0	3.6559e-06
27540.0	3.92853e-06
27550.0	3.62371e-06
27559.999999999996	3.22622e-06
27570.0	2.77569e-06
27580.0	2.3429e-06
27590.0	2.25626e-06
27599.999999999996	2.18415e-06
27610.0	1.98314e-06
27620.0	1.63218e-06
27630.0	1.53968e-06
27639.999999999996	1.61931e-06
27650.0	1.86612e-06
27660.0	2.26771e-06
27670.0	2.18844e-06
27679.999999999996	2.29607e-06
27690.0	2.45218e-06
27700.0	2.52502e-06
27710.0	2.98018e-06
27719.999999999996	3.62469e-06
27730.0	4.30389e-06
27740.0	4.78821e-06
27750.0	4.31961e-06
27759.999999999996	4.18812e-06
27770.0	4.51758e-06
27780.0	5.36856e-06
27790.0	5.57534e-06
27799.999999999996	6.01785e-06
27810.0	6.73717e-06
27820.0	7.28186e-06
27830.0	7.44423e-06
27839.999999999996	7.48077e-06
27850.0	7.54123e-06
27860.0	8.14754e-06
27870.0	9.41457e-06
27879.999999999996	1.07538e-05
27890.0	1.19229e-05
27900.0	1.35107e-05
27910.0	1.46334e-05
27919.999999999996	1.50537e-05
27930.0	1.45532e-05
27940.0	1.44828e-05
27950.0	1.48306e-05
27960.0	1.52581e-05
27970.0	1.53579e-05
27980.0	1.43216e-05
27990.0	1.35403e-05
28000.0	1.28736e-05
28010.0	1.19201e-05
28020.0	1.15371e-05
28030.0	1.15219e-05
28040.0	1.17946e-05
28050.0	1.22183e-05
28060.0	1.25778e-05
28070.0	1.28133e-05
28080.0	1.28531e-05
28090.0	1.24037e-05
28100.0	1.15832e-05
28110.0	1.099e-05
28120.0	1.07681e-05
28130.0	1.00694e-05
28140.0	9.72877e-06
28150.0	9.41718e-06
28160.0	8.94181e-06
28170.0	8.31302e-06
28180.0	7.97143e-06
28190.0	8.0596e-06
28200.0	8.74462e-06
28210.0	9.29489e-06
28220.0	9.44544e-06
28230.0	9.41871e-06
28240.0	9.5404e-06
28250.0	1.00062e-05
28260.0	1.10156e-05
28270.0	1.23201e-05
28280.0	1.3324e-05
28290.0	1.39391e-05
28300.0	1.42925e-05
28310.0	1.4472e-05
28320.0	1.47206e-05
28330.000000000004	1.54159e-05
28340.0	1.63528e-05
28350.0	1.73642e-05
28360.0	1.77142e-05
28370.000000000004	1.74239e-05
28380.0	1.71324e-05
28390.0	1.7098e-05
28400.0	1.67689e-05
28410.000000000004	1.66706e-05
28420.0	1.65592e-05
28430.0	1.62528e-05
28440.0	1.53551e-05
28450.000000000004	1.4158e-05
28460.0	1.31948e-05
28470.0	1.31127e-05
28480.0	1.34421e-05
28490.000000000004	1.33668e-05
28500.0	1.30993e-05
28510.0	1.3085e-05
28520.0	1.28834e-05
28530.000000000004	1.30965e-05
28540.0	1.38245e-05
28550.0	1.51932e-05
28560.0	1.62005e-05
28570.000000000004	1.6708e-05
28580.0	1.66823e-05
28590.0	1.61148e-05
28600.0	1.62451e-05
28610.000000000004	1.66982e-05
28620.0	1.73063e-05
28630.0	1.76843e-05
28640.0	1.73876e-05
28650.000000000004	1.66581e-05
28660.0	1.56235e-05
28670.0	1.46602e-05
28680.0	1.41923e-05
28690.000000000004	1.4211e-05
28700.0	1.4746e-05
28710.0	1.47862e-05
28720.0	1.51411e-05
28730.000000000004	1.57872e-05
28740.0	1.66998e-05
28750.0	1.76326e-05
28760.0	1.82418e-05
28769.999999999996	1.86221e-05
28780.0	1.90259e-05
28790.0	1.94783e-05
28800.0	1.95591e-05
28809.999999999996	1.92962e-05
28820.0	1.90216e-05
28830.0	1.85476e-05
28840.0	1.83222e-05
28849.999999999996	1.8508e-05
28860.0	1.9316e-05
28870.0	2.06221e-05
28880.0	2.20112e-05
28889.999999999996	2.32505e-05
28900.0	2.36813e-05
28910.0	2.45708e-05
28920.0	2.58361e-05
28929.999999999996	2.74295e-05
28940.0	2.83001e-05
28950.0	2.8378e-05
28960.0	2.80516e-05
28969.999999999996	2.77242e-05
28980.0	2.7141e-05
28990.0	2.68015e-05
29000.0	2.67002e-05
29009.999999999996	2.68149e-05
29020.0	2.68012e-05
29030.0	2.68782e-05
29040.0	2.69593e-05
29049.999999999996	2.67303e-05
29060.0	2.6195e-05
29070.0	2.5386e-05
29080.0	2.43341e-05
29089.999999999996	2.31478e-05
29100.0	2.23007e-05
29110.0	2.15632e-05
29120.0	2.08875e-05
29129.999999999996	2.05154e-05
29140.0	1.95853e-05
29150.0	1.87466e-05
29160.0	1.83876e-05
29169.999999999996	1.90598e-05
29180.0	1.96574e-05
29190.0	2.03689e-05
29200.0	2.1366e-05
29210.0	2.27307e-05
29220.0	2.39056e-05
29230.0	2.47711e-05
29240.0	2.51402e-05
29250.0	2.53292e-05
29260.0	2.56087e-05
29270.0	2.60999e-05
29280.0	2.70479e-05
29290.0	2.85187e-05
29300.0	2.98789e-05
29310.0	3.09379e-05
29320.0	3.13538e-05
29330.0	3.25969e-05
29340.0	3.40917e-05
29350.0	3.56038e-05
29360.0	3.66233e-05
29370.0	3.7847e-05
29380.0	3.88232e-05
29390.0	3.93269e-05
29400.0	3.91396e-05
29410.0	3.90012e-05
29420.0	3.92521e-05
29430.0	4.01326e-05
29440.0	4.08165e-05
29450.0	4.14465e-05
29460.0	4.23844e-05
29470.0	4.40488e-05
29480.0	4.53138e-05
29490.0	4.65831e-05
29500.0	4.80024e-05
29510.0	4.98095e-05
29520.0	5.29799e-05
29530.0	5.60463e-05
29540.0	5.86394e-05
29550.0	6.01496e-05
29560.0	6.17373e-05
29570.0	6.37366e-05
29580.000000000004	6.60935e-05
29590.0	6.82725e-05
29600.0	7.00803e-05
29610.0	7.22846e-05
29620.000000000004	7.50192e-05
29630.0	7.72085e-05
29640.0	7.89129e-05
29650.0	8.07787e-05
29660.000000000004	8.3184e-05
29670.0	8.66146e-05
29680.0	9.02113e-05
29690.0	9.41873e-05
29700.000000000004	9.87443e-05
29710.0	0.000104381
29720.0	0.000109624
29730.0	0.000114657
29740.000000000004	0.00011972
29750.0	0.000125265
29760.0	0.000130531
29770.0	0.000135476
29780.000000000004	0.000140087
29790.0	0.000145646
29800.0	0.000151493
29810.0	0.000157339
29820.000000000004	0.000162524
29830.0	0.000168352
29840.0	0.000174175
29850.0	0.000179926
29860.000000000004	0.000186178
29870.0	0.000193893
29880.0	0.000202522
29890.0	0.000211731
29900.000000000004	0.000219879
29910.0	0.000227808
29920.0	0.000236174
29930.0	0.000245428
29940.000000000004	0.000255595
29950.0	0.000266416
29960.0	0.000277801
29970.0	0.000289695
29980.000000000004	0.00030118
29990.0	0.000312351
30000.0	0.000323751
30010.0	0.000336306
30019.999999999996	0.000350675
30030.0	0.000365567
30040.0	0.000380879
30050.0	0.000396716
30059.999999999996	0.000412642
30070.0	0.000429032
30080.0	0.000446218
30090.0	0.000465344
30099.999999999996	0.000486119
30110.0	0.000507741
30120.0	0.000529959
30130.0	0.000552617
30139.999999999996	0.000577491
30150.0	0.000603912
30160.0	0.000631656
30170.0	0.000661516
30179.999999999996	0.000692727
30190.0	0.000725523
30200.0	0.000760174
30210.0	0.00079734
30219.999999999996	0.000835893
30230.0	0.000876495
30240.0	0.000920219
30250.0	0.000966373
30259.999999999996	0.00101408
30270.0	0.00106378
30280.0	0.00111668
30290.0	0.00117335
30299.999999999996	0.00123247
30310.0	0.00129425
30320.0	0.00136014
30330.0	0.00143014
30339.999999999996	0.00150303
30350.0	0.00157895
30360.0	0.00165992
30370.0	0.00174598
30379.999999999996	0.00183664
30390.0	0.00193206
30400.0	0.00203467
30410.0	0.00214269
30419.999999999996	0.00225514
30430.0	0.00237179
30440.0	0.00249786
30450.0	0.00263159
30460.0	0.00277201
30470.0	0.00291881
30480.0	0.00307584
30490.0	0.00324014
30500.0	0.00341187
30510.0	0.00359215
30520.0	0.00378492
30530.0	0.00398732
30540.0	0.00419958
30550.0	0.00442406
30560.0	0.00466169
30570.0	0.00491064
30580.0	0.00517149
30590.0	0.00544809
30600.0	0.00573967
30610.0	0.00604494
30620.0	0.00636463
30630.0	0.00670558
30640.0	0.0070652
30650.0	0.00744177
30660.0	0.00783582
30670.0	0.00825757
30680.0	0.00870148
30690.0	0.00916682
30700.0	0.00965473
30710.0	0.0101814
30720.0	0.0107336
30730.0	0.0113123
30740.0	0.0119207
30750.0	0.0125748
30760.0	0.0132613
30770.0	0.0139817
30780.0	0.0147434
30790.0	0.0155586
30800.0	0.0164153
30810.0	0.0173158
30820.0	0.0182742
30830.000000000004	0.0192991
30840.0	0.0203783
30850.0	0.0215132
30860.0	0.0227283
30870.000000000004	0.0240239
30880.0	0.0253903
30890.0	0.0268296
30900.0	0.0283812
30910.000000000004	0.030031
30920.0	0.0317714
30930.0	0.0336064
30940.0	0.0355965
30950.000000000004	0.0377052
30960.0	0.0399321
30970.0	0.0422862
30980.0	0.0448452
30990.000000000004	0.0475512
31000.0	0.0504108
31010.0	0.0534505
31020.0	0.0567398
31030.000000000004	0.060218
31040.0	0.063893
31050.0	0.067814
31060.0	0.0720366
31070.000000000004	0.0764991
31080.0	0.0812077
31090.0	0.086252
31100.0	0.0916517
31110.000000000004	0.0973494
31120.0	0.103352
31130.0	0.109796
31140.0	0.116649
31150.000000000004	0.12386
31160.0	0.131437
31170.0	0.13958
31180.0	0.148164
31190.000000000004	0.157164
31200.0	0.166587
31210.0	0.176683
31220.0	0.187234
31230.000000000004	0.198241
31240.0	0.209739
31250.0	0.221914
31260.0	0.234552
31269.999999999996	0.247652
31280.0	0.261268
31290.0	0.2755
31300.0	0.290157
31309.999999999996	0.30522
31320.0	0.320765
31330.0	0.33678
31340.0	0.35312
31349.999999999996	0.36976
31360.0	0.386759
31370.0	0.404017
31380.0	0.421444
31389.999999999996	0.439021
31400.0	0.456719
31410.0	0.474447
31420.0	0.492162
31429.999999999996	0.509833
31440.0	0.527346
31450.0	0.544686
31460.0	0.561828
31469.999999999996	0.578734
31480.0	0.59522
31490.0	0.611377
31500.0	0.627191
31509.999999999996	0.642594
31520.0	0.657434
31530.0	0.671845
31540.0	0.685815
31549.999999999996	0.699259
31560.0	0.712076
31570.0	0.724429
31580.0	0.736315
31589.999999999996	0.747609
31600.0	0.758313
31610.0	0.768557
31620.0	0.778351
31629.999999999996	0.78754
31640.0	0.796226
31650.0	0.804496
31660.0	0.812355
31669.999999999996	0.819657
31680.0	0.826546
31690.0	0.833072
31700.0	0.839243
31710.0	0.844907
31720.0	0.850256
31730.0	0.855303
31740.0	0.860034
31750.0	0.864371
31760.0	0.86845
31770.0	0.872279
31780.0	0.875839
31790.0	0.879094
31800.0	0.882151
31810.0	0.885014
31820.0	0.887648
31830.0	0.890061
31840.0	0.89231
31850.0	0.894403
31860.0	0.896308
31870.0	0.898049
31880.0	0.899667
31890.0	0.901168
31900.0	0.902513
31910.0	0.903744
31920.0	0.904882
31930.0	0.905933
31940.0	0.906864
31950.0	0.907722
31960.0	0.908511
31970.0	0.90923
31980.0	0.909865
31990.0	0.910451
32000.0	0.910991
32010.0	0.911486
32020.0	0.911915
32030.0	0.912311
32040.0	0.912675
32050.0	0.912997
32060.0	0.913288
32070.0	0.913551
32080.000000000004	0.91379
32090.0	0.914008
32100.0	0.914195
32110.0	0.914367
32120.000000000004	0.914526
32130.0	0.914666
32140.0	0.914796
32150.0	0.914915
32160.000000000004	0.915026
32170.0	0.915128
32180.0	0.915226
32190.0	0.915319
32200.000000000004	0.915406
32210.0	0.915493
32220.0	0.915574
32230.0	0.915651
32240.000000000004	0.915729
32250.0	0.915796
32260.0	0.915866
32270.0	0.915935
32280.000000000004	0.915997
32290.0	0.916063
32300.0	0.916124
32310.0	0.916179
32320.000000000004	0.916236
32330.0	0.916283
32340.0	0.91633
32350.0	0.916377
32360.000000000004	0.916418
32370.0	0.916456
32380.0	0.916491
32390.0	0.916524
32400.000000000004	0.916552
32410.0	0.91658
32420.0	0.916602
32430.0	0.916617
32440.000000000004	0.916631
32450.0	0.916633
32460.0	0.916629
32470.0	0.916623
32480.000000000004	0.916597
32490.0	0.91657
32500.0	0.916537
32510.0	0.91649
32519.999999999996	0.916437
32530.0	0.916377
32540.0	0.916312
32550.0	0.916244
32559.999999999996	0.916169
32570.0	0.916089
32580.0	0.916004
32590.0	0.915917
32599.999999999996	0.915817
32610.0	0.915715
32620.0	0.915611
32630.0	0.915492
32639.999999999996	0.915372
32650.0	0.915246
32660.0	0.915109
32670.0	0.914977
32679.999999999996	0.914836
32690.0	0.914692
32700.0	0.914547
32710.0	0.914398
32719.999999999996	0.914245
32730.0	0.914092
32740.0	0.913939
32750.0	0.913776
32759.999999999996	0.913616
32770.0	0.913456
32780.0	0.913287
32790.0	0.913132
32800.0	0.912974
32810.0	0.912817
32820.0	0.912665
32830.0	0.912509
32840.0	0.912357
32850.0	0.912209
32860.0	0.912066
32870.0	0.911924
32880.0	0.911789
32890.0	0.911661
32900.0	0.911533
32910.0	0.911418
32920.0	0.911306
32930.0	0.911196
32940.0	0.911107
32950.0	0.911023
32960.0	0.910948
32970.0	0.910888
32980.0	0.91084
32990.0	0.9108
33000.0	0.910769
33010.0	0.910751
33020.0	0.910746
33030.0	0.910759
33040.0	0.910786
33050.0	0.910822
33060.0	0.910884
33070.0	0.910955
33080.0	0.911036
33090.0	0.911141
33100.0	0.911262
33110.0	0.911397
33120.0	0.911547
33130.0	0.911718
33140.0	0.9119
33150.0	0.912096
33160.0	0.912307
33170.0	0.912525
33180.0	0.91276
33190.0	0.913005
33200.0	0.913256
33210.0	0.913526
33220.0	0.913804
33230.0	0.914088
33240.0	0.914381
33250.0	0.914692
33260.0	0.915008
33270.0	0.915333
33280.0	0.915674
33290.0	0.916016
33300.0	0.916367
33310.0	0.916725
33320.0	0.917081
33330.0	0.917441
33340.0	0.917802
33350.0	0.918161
33360.0	0.918518
33370.0	0.918878
33380.0	0.919231
33390.0	0.919575
33400.0	0.919921
33410.0	0.920254
33420.0	0.920583
33430.0	0.92091
33440.0	0.921227
33450.0	0.921532
33460.0	0.921828
33470.0	0.922113
33480.0	0.922373
33490.0	0.922632
33500.0	0.922884
33510.0	0.923119
33520.0	0.923339
33530.0	0.92354
33540.0	0.923723
33550.0	0.923888
33560.0	0.924036
33570.0	0.924169
33580.0	0.924288
33590.0	0.924394
33600.0	0.924468
33610.0	0.924527
33620.0	0.924576
33630.0	0.924603
33640.0	0.924619
33650.0	0.924624
33660.0	0.924616
33670.0	0.924581
33680.0	0.924535
33690.0	0.924474
33700.0	0.924395
33710.0	0.92431
33720.0	0.92421
33730.0	0.924101
33740.0	0.923984
33750.0	0.923859
33760.0	0.923724
33770.0	0.923584
33780.0	0.923444
33790.0	0.923291
33800.0	0.923139
33810.0	0.922986
33820.0	0.922828
33830.0	0.922669
33840.0	0.922508
33850.0	0.922343
33860.0	0.922171
33870.0	0.922006
33880.0	0.92184
33890.0	0.921673
33900.0	0.921515
33910.0	0.921355
33920.0	0.921195
33930.0	0.921037
33940.0	0.920883
33950.0	0.920727
33960.0	0.920576
33970.0	0.920434
33980.0	0.920295
33990.0	0.920165
34000.0	0.920042
34010.0	0.919925
34020.0	0.919817
34030.0	0.919721
34040.0	0.919635
34050.0	0.919556
34060.0	0.919502
34070.0	0.919456
34080.0	0.919418
34090.0	0.919395
34100.0	0.919385
34110.0	0.919383
34120.0	0.91939
34130.0	0.919418
34140.0	0.919454
34150.0	0.919502
34160.0	0.919564
34170.0	0.919637
34180.0	0.919718
34190.0	0.919808
34200.0	0.919908
34210.0	0.920017
34220.0	0.920143
34230.0	0.920279
34240.0	0.920419
34250.0	0.920572
34260.0	0.920734
34270.0	0.920906
34280.0	0.921089
34290.0	0.921299
34300.0	0.921515
34310.0	0.921735
34320.0	0.921959
34330.0	0.922172
34340.0	0.92238
34350.0	0.922585
34360.0	0.922789
34370.0	0.922977
34380.0	0.923157
34390.0	0.923329
34400.0	0.923479
34410.0	0.923621
34420.0	0.923759
34430.0	0.923895
34440.0	0.924024
34450.0	0.924156
34460.0	0.924284
34470.0	0.924404
34480.0	0.92452
34490.0	0.924627
34500.0	0.924725
34510.0	0.924808
34520.0	0.924881
34530.0	0.924941
34540.0	0.924989
34550.0	0.925031
34560.0	0.925057
34570.0	0.925072
34580.0	0.925078
34590.0	0.925077
34600.0	0.925058
34610.0	0.925034
34620.0	0.925005
34630.0	0.924963
34640.0	0.924911
34650.0	0.924853
34660.0	0.924786
34670.0	0.924698
34680.0	0.924601
34690.0	0.924494
34700.0	0.924377
34710.0	0.924251
34720.0	0.924119
34730.0	0.923981
34740.0	0.923835
34750.0	0.92369
34760.0	0.923538
34770.0	0.923382
34780.0	0.923221
34790.0	0.92306
34800.0	0.922898
34810.0	0.922737
34820.0	0.922581
34830.0	0.922423
34840.0	0.922265
34850.0	0.922108
34860.0	0.921952
34870.0	0.921796
34880.0	0.921647
34890.0	0.921505
34900.0	0.921366
34910.0	0.921229
34920.0	0.921095
34930.0	0.920965
34940.0	0.920834
34950.0	0.920711
34960.0	0.920591
34970.0	0.920472
34980.0	0.920361
34990.0	0.920257
35000.0	0.920157
35010.0	0.920061
35020.0	0.919977
35030.0	0.919896
35040.0	0.919819
35050.0	0.919748
35060.0	0.919686
35070.0	0.919629
35080.0	0.919578
35090.0	0.919543
35100.0	0.919529
35110.0	0.919531
35120.0	0.919546
35130.0	0.919571
35140.0	0.91959
35150.0	0.91961
35160.0	0.919634
35170.0	0.919667
35180.0	0.919706
35190.0	0.919749
35200.0	0.919794
35210.0	0.919824
35220.0	0.919849
35230.0	0.919871
35240.0	0.919895
35250.0	0.91993
35260.0	0.919973
35270.0	0.920022
35280.0	0.920072
35290.0	0.920124
35300.0	0.920176
35310.0	0.920227
35320.0	0.920277
35330.0	0.920329
35340.0	0.92038
35350.0	0.92043
35360.0	0.920479
35370.0	0.920525
35380.0	0.920565
35390.0	0.9206
35400.0	0.920633
35410.0	0.920664
35420.0	0.920695
35430.0	0.920726
35440.0	0.920757
35450.0	0.920784
35460.0	0.92081
35470.0	0.920837
35480.0	0.920864
35490.0	0.920888
35500.0	0.92091
35510.0	0.92093
35520.0	0.920944
35530.0	0.920954
35540.0	0.920962
35550.0	0.920967
35560.0	0.920969
35570.0	0.92097
35580.0	0.920971
35590.0	0.920968
35600.0	0.920964
35610.0	0.92096
35620.0	0.920955
35630.0	0.920947
35640.0	0.920938
35650.0	0.920929
35660.0	0.920921
35670.0	0.920915
35680.0	0.920911
35690.0	0.920906
35700.0	0.920899
35710.0	0.920893
35720.0	0.920889
35730.0	0.920885
35740.0	0.92088
35750.0	0.920877
35760.0	0.920873
35770.0	0.92087
35780.0	0.920865
35790.0	0.920863
35800.0	0.920864
35810.0	0.920868
35820.0	0.920878
35830.0	0.920891
35840.0	0.920908
35850.0	0.920929
35860.0	0.920954
35870.0	0.920982
35880.0	0.921012
35890.0	0.921044
35900.0	0.92108
35910.0	0.921118
35920.0	0.921158
35930.0	0.921201
35940.0	0.921247
35950.0	0.921298
35960.0	0.921355
35970.0	0.921416
35980.0	0.921485
35990.0	0.921559
36000.0	0.921638
36010.0	0.921719
36020.0	0.921802
36030.0	0.921887
36040.0	0.921976
36050.0	0.922069
36060.0	0.922164
36070.0	0.922261
36080.0	0.922359
36090.0	0.92246
36100.0	0.922563
36110.0	0.922667
36120.0	0.922775
36130.0	0.922889
36140.0	0.923006
36150.0	0.923123
36160.0	0.923241
36170.0	0.92336
36180.0	0.92348
36190.0	0.923601
36200.0	0.923722
36210.0	0.923846
36220.0	0.923972
36230.0	0.924099
36240.0	0.924227
36250.0	0.924352
36260.0	0.924478
36270.0	0.924603
36280.0	0.924727
36290.0	0.924848
36300.0	0.924968
36310.0	0.925086
36320.0	0.925201
36330.0	0.925312
36340.0	0.925421
36350.0	0.92553
36360.0	0.92564
36370.0	0.925749
36380.0	0.925857
36390.0	0.925965
36400.0	0.926071
36410.0	0.926175
36420.0	0.926277
36430.0	0.926377
36440.0	0.926472
36450.0	0.926564
36460.0	0.926652
36470.0	0.926735
36480.0	0.926816
36490.0	0.926896
36500.0	0.926973
36510.0	0.927045
36520.0	0.927118
36530.0	0.927191
36540.0	0.927265
36550.0	0.927336
36560.0	0.927406
36570.0	0.927475
36580.0	0.927542
36590.0	0.927603
36600.0	0.927663
36610.0	0.927723
36620.0	0.927783
36630.0	0.927839
36640.0	0.927895
36650.0	0.927951
36660.0	0.928006
36670.0	0.928061
36680.0	0.928115
36690.0	0.92817
36700.0	0.928224
36710.0	0.928278
36720.0	0.928331
36730.0	0.928382
36740.0	0.928432
36750.0	0.928479
36760.0	0.928523
36770.0	0.928566
36780.0	0.928609
36790.0	0.928656
36800.0	0.928702
36810.0	0.928748
36820.0	0.928797
36830.0	0.928849
36840.0	0.928899
36850.0	0.928947
36860.0	0.928994
36870.0	0.929041
36880.0	0.929086
36890.0	0.929128
36900.0	0.929172
36910.0	0.929217
36920.0	0.929261
36930.0	0.929302
36940.0	0.929343
36950.0	0.929386
36960.0	0.929427
36970.0	0.929467
36980.0	0.929505
36990.0	0.929541
37000.0	0.929572
37010.0	0.9296
37020.0	0.929624
37030.0	0.929645
37040.0	0.929661
37050.0	0.929673
37060.0	0.929683
37070.0	0.92969
37080.0	0.929697
37090.0	0.929705
37100.0	0.929713
37110.0	0.929718
37120.0	0.929718
37130.0	0.929716
37140.0	0.929708
37150.0	0.929694
37160.0	0.929674
37170.0	0.929649
37180.0	0.929618
37190.0	0.929582
37200.0	0.929541
37210.0	0.929497
37220.0	0.92945
37230.0	0.929399
37240.0	0.929345
37250.0	0.92929
37260.0	0.929231
37270.0	0.929169
37280.0	0.929104
37290.0	0.929036
37300.0	0.928961
37310.0	0.92888
37320.0	0.928795
37330.0	0.928707
37340.0	0.928617
37350.0	0.928525
37360.0	0.928434
37370.0	0.92834
37380.0	0.928245
37390.0	0.928148
37400.0	0.928051
37410.0	0.927953
37420.0	0.92785
37430.0	0.927743
37440.0	0.927633
37450.0	0.927518
37460.0	0.9274
37470.0	0.927278
37480.0	0.927158
37490.0	0.927036
37500.0	0.926914
37510.0	0.926792
37520.0	0.926676
37530.0	0.926561
37540.0	0.926448
37550.0	0.926338
37560.0	0.926232
37570.0	0.926125
37580.0	0.926019
37590.0	0.925916
37600.0	0.925816
37610.0	0.925716
37620.0	0.925616
37630.0	0.925521
37640.0	0.925431
37650.0	0.925345
37660.0	0.925262
37670.0	0.925187
37680.0	0.925119
37690.0	0.925054
37700.0	0.924992
37710.0	0.924936
37720.0	0.924884
37730.0	0.924833
37740.0	0.924782
37750.0	0.924736
37760.0	0.924696
37770.0	0.924659
37780.0	0.924625
37790.0	0.9246
37800.0	0.924581
37810.0	0.924565
37820.0	0.924552
37830.0	0.924549
37840.0	0.924552
37850.0	0.924559
37860.0	0.924567
37870.0	0.924579
37880.0	0.924592
37890.0	0.924605
37900.0	0.924615
37910.0	0.924632
37920.0	0.924651
37930.0	0.924672
37940.0	0.924693
37950.0	0.924722
37960.0	0.924755
37970.0	0.924789
37980.0	0.924824
37990.0	0.924865
38000.0	0.924907
38010.0	0.924946
38020.0	0.924981
38030.0	0.925017
38040.0	0.925053
38050.0	0.925086
38060.0	0.925113
38070.0	0.92514
38080.0	0.925167
38090.0	0.925189
38100.0	0.925205
38110.0	0.925223
38120.0	0.925242
38130.0	0.925257
38140.0	0.925267
38150.0	0.925275
38160.0	0.92528
38170.0	0.925277
38180.0	0.925265
38190.0	0.92525
38200.0	0.925232
38210.0	0.925207
38220.0	0.925175
38230.0	0.925138
38240.0	0.925099
38250.0	0.925053
38260.0	0.925003
38270.0	0.924951
38280.0	0.924901
38290.0	0.924844
38300.0	0.924782
38310.0	0.924716
38320.0	0.924648
38330.0	0.924569
38340.0	0.924482
38350.0	0.92439
38360.0	0.924295
38370.0	0.92419
38380.0	0.924077
38390.0	0.92396
38400.0	0.92384
38410.0	0.923717
38420.0	0.92359
38430.0	0.92346
38440.0	0.923335
38450.0	0.923208
38460.0	0.923078
38470.0	0.922943
38480.0	0.922811
38490.0	0.922677
38500.0	0.92254
38510.0	0.922399
38520.0	0.92226
38530.0	0.92212
38540.0	0.921978
38550.0	0.921833
38560.0	0.921696
38570.0	0.921562
38580.0	0.921428
38590.0	0.921295
38600.0	0.92117
38610.0	0.921049
38620.0	0.92093
38630.0	0.920811
38640.0	0.920698
38650.0	0.92059
38660.0	0.920485
38670.0	0.92038
38680.0	0.920283
38690.0	0.920193
38700.0	0.920109
38710.0	0.920026
38720.0	0.919951
38730.0	0.919883
38740.0	0.919822
38750.0	0.919762
38760.0	0.91971
38770.0	0.919663
38780.0	0.919625
38790.0	0.919586
38800.0	0.919552
38810.0	0.919524
38820.0	0.919503
38830.0	0.919484
38840.0	0.91947
38850.0	0.919461
38860.0	0.919463
38870.0	0.919466
38880.0	0.919472
38890.0	0.919482
38900.0	0.919501
38910.0	0.91952
38920.0	0.919539
38930.0	0.919557
38940.0	0.919579
38950.0	0.919599
38960.0	0.919617
38970.0	0.919634
38980.0	0.919655
38990.0	0.919674
39000.0	0.91969
39010.0	0.919701
39020.0	0.919712
39030.0	0.919722
39040.0	0.91973
39050.0	0.919733
39060.0	0.919733
39070.0	0.919729
39080.0	0.919719
39090.0	0.919697
39100.0	0.919672
39110.0	0.919642
39120.0	0.919607
39130.0	0.919558
39140.0	0.919501
39150.0	0.919437
39160.0	0.919365
39170.0	0.919278
39180.0	0.919182
39190.0	0.919079
39200.0	0.91897
39210.0	0.918844
39220.0	0.918706
39230.0	0.918559
39240.0	0.918406
39250.0	0.918235
39260.0	0.918052
39270.0	0.917861
39280.0	0.917666
39290.0	0.917457
39300.0	0.917235
39310.0	0.917004
39320.0	0.916763
39330.0	0.91651
39340.0	0.916247
39350.0	0.915977
39360.0	0.915701
39370.0	0.91542
39380.0	0.91513
39390.0	0.914829
39400.0	0.914519
39410.0	0.914207
39420.0	0.91389
39430.0	0.913568
39440.0	0.913245
39450.0	0.912922
39460.0	0.912596
39470.0	0.912266
39480.0	0.911932
39490.0	0.911602
39500.0	0.911275
39510.0	0.91095
39520.0	0.910626
39530.0	0.910308
39540.0	0.909994
39550.0	0.909681
39560.0	0.909368
39570.0	0.909061
39580.0	0.908761
39590.0	0.908469
39600.0	0.908182
39610.0	0.907902
39620.0	0.907628
39630.0	0.907366
39640.0	0.907109
39650.0	0.906858
39660.0	0.906614
39670.0	0.906388
39680.0	0.906167
39690.0	0.905951
39700.0	0.90574
39710.0	0.905541
39720.0	0.905347
39730.0	0.905156
39740.0	0.904968
39750.0	0.904789
39760.0	0.904616
39770.0	0.904445
39780.0	0.904271
39790.0	0.904101
39800.0	0.903932
39810.0	0.903761
39820.0	0.903583
39830.0	0.903396
39840.0	0.903202
39850.0	0.902998
39860.0	0.902779
39870.0	0.902536
39880.0	0.902278
39890.0	0.902005
39900.0	0.901706
39910.0	0.901371
39920.0	0.901009
39930.0	0.900621
39940.0	0.900189
39950.0	0.899712
39960.0	0.899195
39970.0	0.898636
39980.0	0.898014
39990.0	0.897331
40000.0	0.89659
40010.0	0.895787
40020.0	0.89489
40030.0	0.893921
40039.99999999999	0.892878
40050.0	0.891754
40060.0	0.890511
40070.0	0.889182
40080.0	0.887762
40090.0	0.886228
40100.0	0.884556
40110.0	0.882781
40119.99999999999	0.880899
40130.0	0.878869
40140.0	0.876682
40150.0	0.87437
40160.0	0.871929
40170.0	0.869306
40180.0	0.866511
40190.0	0.86357
40199.99999999999	0.860483
40210.0	0.857178
40220.0	0.853686
40230.0	0.850029
40240.0	0.846204
40250.0	0.842124
40260.0	0.837856
40270.0	0.833408
40279.99999999999	0.828773
40290.0	0.823861
40300.0	0.818756
40310.0	0.813458
40320.0	0.807938
40330.0	0.802136
40340.0	0.796133
40350.0	0.789928
40359.99999999999	0.783477
40370.0	0.776745
40380.0	0.769812
40390.0	0.762673
40400.0	0.755269
40410.00000000001	0.747601
40420.0	0.739728
40430.0	0.731648
40439.99999999999	0.723293
40450.0	0.714702
40460.0	0.705915
40470.0	0.696935
40480.0	0.687677
40490.00000000001	0.678216
40500.0	0.668566
40510.0	0.658739
40519.99999999999	0.648641
40530.0	0.638377
40540.0	0.627955
40550.0	0.617368
40560.0	0.606568
40570.00000000001	0.595638
40580.0	0.584581
40590.0	0.573388
40599.99999999999	0.562043
40610.0	0.550603
40620.0	0.539074
40630.0	0.527444
40640.0	0.515746
40650.00000000001	0.504002
40660.0	0.492218
40670.0	0.480393
40679.99999999999	0.468554
40690.0	0.45671
40700.0	0.444864
40710.0	0.433054
40720.0	0.421288
40730.00000000001	0.409573
40740.0	0.397914
40750.0	0.38637
40759.99999999999	0.374915
40770.0	0.363561
40780.0	0.352311
40790.0	0.341236
40800.0	0.330298
40810.00000000001	0.319501
40820.0	0.308864
40830.0	0.298455
40839.99999999999	0.288217
40850.0	0.278148
40860.0	0.268286
40870.0	0.25867
40880.0	0.249244
40890.00000000001	0.240008
40900.0	0.231031
40910.0	0.222312
40920.0	0.213798
40930.0	0.205489
40940.0	0.197456
40950.0	0.189668
40960.0	0.182083
40970.00000000001	0.17471
40980.0	0.167637
40990.0	0.160786
41000.0	0.154136
41010.0	0.147689
41020.0	0.141538
41030.0	0.135586
41040.0	0.129823
41050.00000000001	0.12426
41060.0	0.118971
41070.0	0.113861
41080.0	0.108925
41090.0	0.104182
41100.0	0.0996744
41110.0	0.0953273
41120.0	0.0911372
41130.00000000001	0.0871333
41140.0	0.0833231
41150.0	0.0796546
41160.0	0.0761229
41170.0	0.072767
41180.0	0.0695651
41190.0	0.0664865
41200.0	0.0635288
41210.00000000001	0.0607279
41220.0	0.0580483
41230.0	0.0554745
41240.0	0.0530028
41250.0	0.0506725
41260.0	0.0484394
41270.0	0.0462947
41280.0	0.0442376
41289.99999999999	0.0423035
41300.0	0.0404473
41310.0	0.0386657
41320.0	0.036963
41330.0	0.0353588
41340.0	0.0338197
41350.0	0.0323433
41360.0	0.0309391
41369.99999999999	0.0296102
41380.0	0.0283347
41390.0	0.0271113
41400.0	0.0259511
41410.0	0.024848
41420.0	0.0237884
41430.0	0.0227724
41440.0	0.0218117
41449.99999999999	0.0208956
41460.0	0.0200159
41470.0	0.0191714
41480.0	0.0183748
41490.0	0.0176123
41500.0	0.0168796
41510.0	0.0161753
41520.0	0.0155141
41529.99999999999	0.0148805
41540.0	0.0142722
41550.0	0.0136886
41560.0	0.0131372
41570.0	0.0126073
41580.0	0.0120983
41590.0	0.0116127
41600.0	0.0111541
41609.99999999999	0.0107136
41620.0	0.0102903
41630.0	0.00988763
41640.0	0.00950406
41650.0	0.0091351
41660.00000000001	0.00878069
41670.0	0.00844508
41680.0	0.00812594
41689.99999999999	0.00781869
41700.0	0.00752228
41710.0	0.00723986
41720.0	0.00696939
41730.0	0.00670871
41740.00000000001	0.00645741
41750.0	0.00621898
41760.0	0.0059902
41769.99999999999	0.00577006
41780.0	0.00555841
41790.0	0.00535701
41800.0	0.00516234
41810.0	0.00497444
41820.00000000001	0.00479426
41830.0	0.00462342
41840.0	0.00445839
41849.99999999999	0.00429922
41860.0	0.00414723
41870.0	0.00400284
41880.0	0.0038635
41890.0	0.00372905
41900.00000000001	0.0036001
41910.0	0.00347762
41920.0	0.00335961
41929.99999999999	0.00324568
41940.0	0.00313631
41950.0	0.0030305
41960.0	0.00292807
41970.0	0.0028291
41980.00000000001	0.00273439
41990.0	0.00264277
42000.0	0.00255418
42009.99999999999	0.00246883
42020.0	0.00238822
42030.0	0.00230983
42040.0	0.00223366
42050.0	0.00215993
42060.00000000001	0.0020909
42070.0	0.00202445
42080.0	0.00196021
42089.99999999999	0.00189809
42100.0	0.00183894
42110.0	0.00178212
42120.0	0.00172735
42130.0	0.00167432
42140.00000000001	0.00162292
42150.0	0.00157309
42160.0	0.00152496
42170.0	0.00147922
42180.0	0.00143452
42190.0	0.00139068
42200.0	0.00134773
42210.0	0.00130618
42220.00000000001	0.00126551
42230.0	0.00122532
42240.0	0.00118554
42250.0	0.00114807
42260.0	0.00111274
42270.0	0.00107885
42280.0	0.00104596
42290.0	0.00101296
42300.00000000001	0.000980934
42310.0	0.00095002
42320.0	0.000920486
42330.0	0.000893003
42340.0	0.000866676
42350.0	0.00084163
42360.0	0.000818319
42370.0	0.000795627
42380.00000000001	0.00077301
42390.0	0.000750633
42400.0	0.000729315
42410.0	0.000709778
42420.0	0.000690745
42430.0	0.000671772
42440.0	0.000652204
42450.0	0.000633185
42460.00000000001	0.000615287
42470.0	0.000598748
42480.0	0.000583234
42490.0	0.000568362
42500.0	0.000554058
42510.0	0.000540288
42520.0	0.000526209
42530.0	0.000511822
42539.99999999999	0.000497415
42550.0	0.000483299
42560.0	0.000470204
42570.0	0.000456642
42580.0	0.000442485
42590.0	0.000427543
42600.0	0.000413355
42610.0	0.000400441
42619.99999999999	0.000388767
42630.0	0.000378275
42640.0	0.00036788
42650.0	0.000358084
42660.0	0.000349055
42670.0	0.000341131
42680.0	0.000333627
42690.0	0.00032613
42699.99999999999	0.000318506
42710.0	0.000310729
42720.0	0.000302454
42730.0	0.000294063
42740.0	0.00028582
42750.0	0.000279161
42760.0	0.000273448
42770.0	0.00026816
42779.99999999999	0.000262919
42790.0	0.000256884
42800.0	0.000251127
42810.0	0.00024587
42820.0	0.000241423
42830.0	0.000237966
42840.0	0.000234252
42850.0	0.000230158
42859.99999999999	0.000225543
42870.0	0.000220282
42880.0	0.000214983
42890.0	0.000209913
42900.0	0.000205689
42910.00000000001	0.000203279
42920.0	0.000201683
42930.0	0.000200544
42939.99999999999	0.00019921
42950.0	0.000197494
42960.0	0.000195603
42970.0	0.000193542
42980.0	0.000190657
42990.00000000001	0.000186829
43000.0	0.000182395
43010.0	0.000177541
43019.99999999999	0.000172635
43030.0	0.000167678
43040.0	0.000162583
43050.0	0.000157256
43060.0	0.000152359
43070.00000000001	0.000148166
43080.0	0.000144749
43090.0	0.000142287
43099.99999999999	0.000140345
43110.0	0.000138489
43120.0	0.000136604
43130.0	0.000134498
43140.0	0.00013202
43150.00000000001	0.000129669
43160.0	0.000127589
43170.0	0.000126007
43179.99999999999	0.000124807
43190.0	0.000123611
43200.0	0.000122316
43210.0	0.000120999
43220.0	0.000119771
43230.00000000001	0.000118609
43240.0	0.000117494
43250.0	0.000116219
43259.99999999999	0.000115059
43270.0	0.000113954
43280.0	0.000112861
43290.0	0.000111605
43300.0	0.000110041
43310.00000000001	0.000108484
43320.0	0.000107316
43330.0	0.000106766
43339.99999999999	0.000106521
43350.0	0.000106311
43360.0	0.000105654
43370.0	0.000104583
43380.0	0.000103431
43390.00000000001	0.000102314
43400.0	0.000101465
43410.0	0.000100808
43420.0	0.000100132
43430.0	9.9349e-05
43440.0	9.8257e-05
43450.0	9.69134e-05
43460.0	9.55338e-05
43470.00000000001	9.42504e-05
43480.0	9.35407e-05
43490.0	9.30289e-05
43500.0	9.256e-05
43510.0	9.20274e-05
43520.0	9.09464e-05
43530.0	8.99059e-05
43540.0	8.89859e-05
43550.00000000001	8.82703e-05
43560.0	8.8155e-05
43570.0	8.81595e-05
43580.0	8.82006e-05
43590.0	8.81717e-05
43600.0	8.79807e-05
43610.0	8.77258e-05
43620.0	8.7517e-05
43630.00000000001	8.75966e-05
43640.0	8.76628e-05
43650.0	8.76233e-05
43660.0	8.73865e-05
43670.0	8.66579e-05
43680.0	8.62343e-05
43690.0	8.60406e-05
43700.0	8.60772e-05
43710.00000000001	8.64572e-05
43720.0	8.66204e-05
43730.0	8.68301e-05
43740.0	8.72147e-05
43750.0	8.78342e-05
43760.0	8.88005e-05
43770.0	8.9686e-05
43780.0	9.01748e-05
43789.99999999999	9.00911e-05
43800.0	8.96346e-05
43810.0	8.89913e-05
43820.0	8.83619e-05
43830.0	8.78038e-05
43840.0	8.72482e-05
43850.0	8.6632e-05
43860.0	8.58408e-05
43869.99999999999	8.48243e-05
43880.0	8.39848e-05
43890.0	8.34136e-05
43900.0	8.32607e-05
43910.0	8.34993e-05
43920.0	8.38098e-05
43930.0	8.41241e-05
43940.0	8.44505e-05
43949.99999999999	8.47916e-05
43960.0	8.53266e-05
43970.0	8.60728e-05
43980.0	8.65594e-05
43990.0	8.65548e-05
44000.0	8.59277e-05
44010.0	8.45758e-05
44020.0	8.27253e-05
44029.99999999999	8.0869e-05
44040.0	7.92181e-05
44050.0	7.79764e-05
44060.0	7.70829e-05
44070.0	7.60944e-05
44080.0	7.50194e-05
44090.0	7.38712e-05
44100.0	7.33033e-05
44109.99999999999	7.33731e-05
44120.0	7.4072e-05
44130.0	7.54359e-05
44140.0	7.67738e-05
44150.0	7.77738e-05
44160.00000000001	7.83432e-05
44170.0	7.82984e-05
44180.0	7.81659e-05
44189.99999999999	7.81833e-05
44200.0	7.8396e-05
44210.0	7.86649e-05
44220.0	7.88236e-05
44230.0	7.87154e-05
44240.00000000001	7.8273e-05
44250.0	7.76924e-05
44260.0	7.67874e-05
44269.99999999999	7.57672e-05
44280.0	7.47651e-05
44290.0	7.34491e-05
44300.0	7.22868e-05
44310.0	7.12981e-05
44320.00000000001	7.05217e-05
44330.0	7.02765e-05
44340.0	7.02591e-05
44349.99999999999	7.04322e-05
44360.0	7.07734e-05
44370.0	7.15228e-05
44380.0	7.24043e-05
44390.0	7.34175e-05
44400.00000000001	7.46663e-05
44410.0	7.5816e-05
44420.0	7.69921e-05
44429.99999999999	7.81525e-05
44440.0	7.89821e-05
44450.0	7.96123e-05
44460.0	8.00101e-05
44470.0	8.01954e-05
44480.00000000001	8.04841e-05
44490.0	8.07852e-05
44500.0	8.11563e-05
44509.99999999999	8.1625e-05
44520.0	8.20232e-05
44530.0	8.23834e-05
44540.0	8.26222e-05
44550.0	8.26593e-05
44560.00000000001	8.24312e-05
44570.0	8.2177e-05
44580.0	8.19043e-05
44589.99999999999	8.1619e-05
44600.0	8.12741e-05
44610.0	8.05032e-05
44620.0	7.93042e-05
44630.0	7.76831e-05
44640.00000000001	7.56824e-05
44650.0	7.38385e-05
44660.0	7.22058e-05
44670.0	7.07062e-05
44680.0	6.95532e-05
44690.0	6.8623e-05
44700.0	6.79347e-05
44710.0	6.7772e-05
44720.00000000001	6.79248e-05
44730.0	6.81767e-05
44740.0	6.84388e-05
44750.0	6.86976e-05
44760.0	6.87412e-05
44770.0	6.87699e-05
44780.0	6.89116e-05
44790.0	6.89172e-05
44800.00000000001	6.8927e-05
44810.0	6.87193e-05
44820.0	6.80365e-05
44830.0	6.71301e-05
44840.0	6.62512e-05
44850.0	6.55029e-05
44860.0	6.50568e-05
44870.0	6.48467e-05
44880.00000000001	6.43865e-05
44890.0	6.36191e-05
44900.0	6.24994e-05
44910.0	6.10259e-05
44920.0	5.96748e-05
44930.0	5.84744e-05
44940.0	5.71412e-05
44950.0	5.59632e-05
44960.00000000001	5.4863e-05
44970.0	5.38897e-05
44980.0	5.36162e-05
44990.0	5.37968e-05
45000.0	5.42547e-05
45010.0	5.49159e-05
45020.0	5.58507e-05
45030.0	5.67732e-05
45039.99999999999	5.78054e-05
45050.0	5.90541e-05
45060.0	6.00683e-05
45070.0	6.12321e-05
45080.0	6.23735e-05
45090.0	6.32575e-05
45100.0	6.3985e-05
45110.0	6.44144e-05
45119.99999999999	6.46212e-05
45130.0	6.47579e-05
45140.0	6.52119e-05
45150.0	6.57772e-05
45160.0	6.64605e-05
45170.0	6.73937e-05
45180.0	6.82473e-05
45190.0	6.94492e-05
45199.99999999999	7.10284e-05
45210.0	7.25161e-05
45220.0	7.38147e-05
45230.0	7.46087e-05
45240.0	7.47577e-05
45250.0	7.43985e-05
45260.0	7.38276e-05
45270.0	7.29991e-05
45279.99999999999	7.18679e-05
45290.0	7.05134e-05
45300.0	6.87978e-05
45310.0	6.71196e-05
45320.0	6.58906e-05
45330.0	6.50841e-05
45340.0	6.49189e-05
45350.0	6.53253e-05
45359.99999999999	6.62373e-05
45370.0	6.77684e-05
45380.0	6.9259e-05
45390.0	7.04851e-05
45400.0	7.10122e-05
45410.00000000001	7.09128e-05
45420.0	7.04752e-05
45430.0	6.98372e-05
45439.99999999999	6.9343e-05
45450.0	6.85367e-05
45460.0	6.76137e-05
45470.0	6.66501e-05
45480.0	6.57727e-05
45490.00000000001	6.55775e-05
45500.0	6.5874e-05
45510.0	6.65882e-05
45519.99999999999	6.76393e-05
45530.0	6.88239e-05
45540.0	6.986e-05
45550.0	7.05146e-05
45560.0	7.0724e-05
45570.00000000001	7.02678e-05
45580.0	6.94946e-05
45590.0	6.88277e-05
45599.99999999999	6.83418e-05
45610.0	6.80953e-05
45620.0	6.7894e-05
45630.0	6.73452e-05
45640.0	6.64194e-05
45650.00000000001	6.57943e-05
45660.0	6.55299e-05
45670.0	6.55481e-05
45679.99999999999	6.58783e-05
45690.0	6.5811e-05
45700.0	6.52392e-05
45710.0	6.45415e-05
45720.0	6.37803e-05
45730.00000000001	6.32334e-05
45740.0	6.2993e-05
45750.0	6.27786e-05
45759.99999999999	6.24086e-05
45770.0	6.20703e-05
45780.0	6.18818e-05
45790.0	6.18339e-05
45800.0	6.21393e-05
45810.00000000001	6.26474e-05
45820.0	6.32254e-05
45830.0	6.40338e-05
45839.99999999999	6.48199e-05
45850.0	6.55381e-05
45860.0	6.61197e-05
45870.0	6.67949e-05
45880.0	6.75155e-05
45890.00000000001	6.83011e-05
45900.0	6.92172e-05
45910.0	6.95191e-05
45920.0	6.93745e-05
45930.0	6.88562e-05
45940.0	6.81219e-05
45950.0	6.75126e-05
45960.0	6.70946e-05
45970.00000000001	6.68363e-05
45980.0	6.63368e-05
45990.0	6.59983e-05
46000.0	6.57367e-05
46010.0	6.55303e-05
46020.0	6.56189e-05
46030.0	6.53792e-05
46040.0	6.48464e-05
46050.00000000001	6.40296e-05
46060.0	6.32874e-05
46070.0	6.25172e-05
46080.0	6.17623e-05
46090.0	6.10776e-05
46100.0	5.99177e-05
46110.0	5.88323e-05
46120.0	5.78981e-05
46130.00000000001	5.72204e-05
46140.0	5.68907e-05
46150.0	5.67293e-05
46160.0	5.66739e-05
46170.0	5.66137e-05
46180.0	5.72104e-05
46190.0	5.79067e-05
46200.0	5.85504e-05
46210.00000000001	5.90217e-05
46220.0	5.88755e-05
46230.0	5.84932e-05
46240.0	5.80482e-05
46250.0	5.78965e-05
46260.0	5.75794e-05
46270.0	5.72212e-05
46280.0	5.68921e-05
46289.99999999999	5.65352e-05
46300.0	5.70096e-05
46310.0	5.81096e-05
46320.0	5.96908e-05
46330.0	6.14757e-05
46340.0	6.30275e-05
46350.0	6.43087e-05
46360.0	6.52495e-05
46369.99999999999	6.60696e-05
46380.0	6.61744e-05
46390.0	6.55314e-05
46400.0	6.41077e-05
46410.0	6.19876e-05
46420.0	5.98607e-05
46430.0	5.79065e-05
46440.0	5.63524e-05
46449.99999999999	5.48098e-05
46460.0	5.34521e-05
46470.0	5.23468e-05
46480.0	5.15786e-05
46490.0	5.15025e-05
46500.0	5.16803e-05
46510.0	5.18985e-05
46520.0	5.18772e-05
46529.99999999999	5.22125e-05
46540.0	5.29447e-05
46550.0	5.41348e-05
46560.0	5.6299e-05
46570.0	5.82017e-05
46580.0	5.99193e-05
46590.0	6.1527e-05
46600.0	6.32437e-05
46609.99999999999	6.5012e-05
46620.0	6.67731e-05
46630.0	6.84178e-05
46640.0	6.88894e-05
46650.0	6.88094e-05
46660.00000000001	6.82345e-05
46670.0	6.70542e-05
46680.0	6.56468e-05
46689.99999999999	6.38365e-05
46700.0	6.15643e-05
46710.0	5.87372e-05
46720.0	5.62826e-05
46730.0	5.41682e-05
46740.00000000001	5.24272e-05
46750.0	5.13521e-05
46760.0	5.0362e-05
46769.99999999999	4.95313e-05
46780.0	4.89393e-05
46790.0	4.92384e-05
46800.0	4.99938e-05
46810.0	5.11168e-05
46820.00000000001	5.25521e-05
46830.0	5.37693e-05
46840.0	5.48759e-05
46849.99999999999	5.58459e-05
46860.0	5.66256e-05
46870.0	5.70548e-05
46880.0	5.73817e-05
46890.0	5.76048e-05
46900.00000000001	5.76634e-05
46910.0	5.76307e-05
46920.0	5.73543e-05
46929.99999999999	5.67448e-05
46940.0	5.55426e-05
46950.0	5.45622e-05
46960.0	5.38292e-05
46970.0	5.34075e-05
46980.00000000001	5.36334e-05
46990.0	5.38034e-05
47000.0	5.38885e-05
47009.99999999999	5.39094e-05
47020.0	5.43672e-05
47030.0	5.50918e-05
47040.0	5.60348e-05
47050.0	5.71598e-05
47060.00000000001	5.71245e-05
47070.0	5.66115e-05
47080.0	5.57631e-05
47089.99999999999	5.47148e-05
47100.0	5.39105e-05
47110.0	5.32418e-05
47120.0	5.25863e-05
47130.0	5.17337e-05
47140.00000000001	5.10598e-05
47150.0	5.0606e-05
47160.0	5.03574e-05
47170.0	5.02811e-05
47180.0	5.01183e-05
47190.0	4.97168e-05
47200.0	4.91238e-05
47210.0	4.87154e-05
47220.00000000001	4.83453e-05
47230.0	4.78415e-05
47240.0	4.71135e-05
47250.0	4.59421e-05
47260.0	4.45026e-05
47270.0	4.31722e-05
47280.0	4.21519e-05
47290.0	4.10556e-05
47300.00000000001	3.97075e-05
47310.0	3.80458e-05
47320.0	3.59933e-05
47330.0	3.37445e-05
47340.0	3.18132e-05
47350.0	3.00223e-05
47360.0	2.81214e-05
47370.0	2.61121e-05
47380.00000000001	2.41471e-05
47390.0	2.23823e-05
47400.0	2.11594e-05
47410.0	2.08956e-05
47420.0	2.05414e-05
47430.0	1.99557e-05
47440.0	1.92106e-05
47450.0	1.82546e-05
47460.00000000001	1.76484e-05
47470.0	1.75862e-05
47480.0	1.82856e-05
47490.0	1.89287e-05
47500.0	1.94635e-05
47510.0	1.98475e-05
47520.0	1.9905e-05
47530.0	2.02333e-05
47539.99999999999	2.04434e-05
47550.0	2.02664e-05
47560.0	2.00049e-05
47570.0	1.95524e-05
47580.0	1.88435e-05
47590.0	1.77837e-05
47600.0	1.61498e-05
47610.0	1.42233e-05
47619.99999999999	1.20786e-05
47630.0	9.80366e-06
47640.0	7.72276e-06
47650.0	6.34713e-06
47660.0	5.56264e-06
47670.0	4.96108e-06
47680.0	4.29585e-06
47690.0	3.58505e-06
47699.99999999999	2.95991e-06
47710.0	2.99996e-06
47720.0	3.51454e-06
47730.0	4.18081e-06
47740.0	4.89407e-06
47750.0	5.65169e-06
47760.0	6.15389e-06
47770.0	6.65839e-06
47779.99999999999	7.31541e-06
47790.0	8.35866e-06
47800.0	9.23406e-06
47810.0	9.91009e-06
47820.0	1.03472e-05
47830.0	1.05672e-05
47840.0	1.09683e-05
47850.0	1.14825e-05
47859.99999999999	1.20226e-05
47870.0	1.2269e-05
47880.0	1.24254e-05
47890.0	1.25117e-05
47900.0	1.25322e-05
47910.00000000001	1.31138e-05
47920.0	1.34759e-05
47930.0	1.35589e-05
47939.99999999999	1.35401e-05
47950.0	1.31415e-05
47960.0	1.25347e-05
47970.0	1.17913e-05
47980.0	1.10856e-05
47990.00000000001	1.01547e-05
48000.0	9.01501e-06
48010.0	7.68771e-06
48019.99999999999	6.43447e-06
48030.0	6.1449e-06
48040.0	6.29455e-06
48050.0	6.56036e-06
48060.0	6.60236e-06
48070.00000000001	6.7147e-06
48080.0	7.02242e-06
48090.0	7.67392e-06
48099.99999999999	8.67343e-06
48110.0	9.72353e-06
48120.0	1.05762e-05
48130.0	1.08133e-05
48140.0	1.01836e-05
48150.00000000001	9.36795e-06
48160.0	8.62061e-06
48170.0	8.43132e-06
48179.99999999999	8.18444e-06
48190.0	7.54278e-06
48200.0	6.48875e-06
48210.0	5.2218e-06
48220.0	4.03577e-06
48230.00000000001	3.45795e-06
48240.0	3.65298e-06
48250.0	4.42911e-06
48259.99999999999	5.36194e-06
48270.0	6.28592e-06
48280.0	7.15277e-06
48290.0	8.62337e-06
48300.0	1.05832e-05
48310.00000000001	1.27026e-05
48320.0	1.47256e-05
48330.0	1.64776e-05
48339.99999999999	1.76354e-05
48350.0	1.84586e-05
48360.0	1.92609e-05
48370.0	1.99853e-05
48380.0	2.04761e-05
48390.00000000001	2.06497e-05
48400.0	2.03208e-05
48410.0	1.977e-05
48420.0	1.92534e-05
48430.0	1.87776e-05
48440.0	1.82463e-05
48450.0	1.74681e-05
48460.0	1.64153e-05
48470.00000000001	1.51744e-05
48480.0	1.42736e-05
48490.0	1.38568e-05
48500.0	1.36606e-05
48510.0	1.35278e-05
48520.0	1.28157e-05
48530.0	1.18835e-05
48540.0	1.09051e-05
48550.00000000001	9.99657e-06
48560.0	9.48164e-06
48570.0	9.09302e-06
48580.0	8.66765e-06
48590.0	8.0365e-06
48600.0	7.26727e-06
48610.0	6.86387e-06
48620.0	6.91646e-06
48630.00000000001	7.59459e-06
48640.0	8.7141e-06
48650.0	9.88332e-06
48660.0	1.10534e-05
48670.0	1.21956e-05
48680.0	1.33705e-05
48690.0	1.43384e-05
48700.0	1.49949e-05
48710.00000000001	1.50818e-05
48720.0	1.42704e-05
48730.0	1.30999e-05
48740.0	1.17526e-05
48750.0	1.03941e-05
48760.0	9.16239e-06
48770.0	7.95954e-06
48780.0	6.73365e-06
48789.99999999999	5.41106e-06
48800.0	4.36426e-06
48810.0	3.68159e-06
48820.0	3.45635e-06
48830.0	3.81356e-06
48840.0	4.18605e-06
48850.0	4.46937e-06
48860.0	4.52313e-06
48869.99999999999	4.47957e-06
48880.0	4.5214e-06
48890.0	4.64696e-06
48900.0	4.84081e-06
48910.0	4.94335e-06
48920.0	4.91422e-06
48930.0	4.78474e-06
48940.0	4.66236e-06
48949.99999999999	4.60769e-06
48960.0	4.43136e-06
48970.0	4.11446e-06
48980.0	3.80042e-06
48990.0	3.42766e-06
49000.0	3.03652e-06
49010.0	2.64596e-06
49020.0	2.29909e-06
49029.99999999999	1.89022e-06
49040.0	1.41498e-06
49050.0	8.6803e-07
49060.0	3.07708e-07
49070.0	3.03688e-07
49080.0	7.41765e-07
49090.0	1.54641e-06
49100.0	2.54726e-06
49109.99999999999	3.306e-06
49120.0	3.80663e-06
49130.0	4.01562e-06
49140.0	4.05673e-06
49150.0	4.06991e-06
49160.00000000001	4.07133e-06
49170.0	4.06773e-06
49180.0	3.76996e-06
49189.99999999999	3.18791e-06
49200.0	2.34921e-06
49210.0	1.34358e-06
49220.0	6.60035e-07
49230.0	2.35848e-07
49240.00000000001	4.72872e-08
49250.0	2.03194e-08
49260.0	1.17655e-08
49269.99999999999	1.97467e-08
49280.0	6.08498e-08
49290.0	3.82391e-07
49300.0	7.04916e-07
49310.0	9.84406e-07
49320.00000000001	1.18476e-06
49330.0	1.32268e-06
49340.0	1.55929e-06
49349.99999999999	1.97791e-06
49360.0	2.69523e-06
49370.0	3.37044e-06
49380.0	3.96608e-06
49390.0	4.38907e-06
49400.00000000001	4.44919e-06
49410.0	4.50241e-06
49420.0	4.68105e-06
49429.99999999999	4.95438e-06
49440.0	5.18634e-06
49450.0	5.20085e-06
49460.0	4.97287e-06
49470.0	4.56034e-06
49480.00000000001	4.28995e-06
49490.0	4.24584e-06
49500.0	4.37614e-06
49509.99999999999	4.64169e-06
49520.0	4.79265e-06
49530.0	4.66674e-06
49540.0	4.43378e-06
49550.0	4.19154e-06
49560.00000000001	4.05257e-06
49570.0	3.84412e-06
49580.0	3.5498e-06
49589.99999999999	3.14816e-06
49600.0	2.56882e-06
49610.0	1.93849e-06
49620.0	1.31915e-06
49630.0	8.00891e-07
49640.00000000001	9.00169e-07
49650.0	1.25907e-06
49660.0	1.88035e-06
49670.0	2.87204e-06
49680.0	4.36287e-06
49690.0	5.85476e-06
49700.0	7.24894e-06
49710.0	8.48734e-06
49720.00000000001	9.15952e-06
49730.0	9.5372e-06
49740.0	9.65286e-06
49750.0	9.25064e-06
49760.0	8.66815e-06
49770.0	7.84526e-06
49780.0	6.74522e-06
49790.0	5.39754e-06
49800.00000000001	4.14934e-06
49810.0	2.99499e-06
49820.0	1.94173e-06
49830.0	1.53518e-06
49840.0	1.32884e-06
49850.0	1.26894e-06
49860.0	1.30504e-06
49870.0	1.30799e-06
49880.00000000001	1.28886e-06
49890.0	1.19961e-06
49900.0	9.43142e-07
49910.0	7.20034e-07
49920.0	5.23286e-07
49930.0	3.52337e-07
49940.0	2.10943e-07
49950.0	1.13192e-07
49960.00000000001	5.54486e-08
49970.0	8.27475e-08
49980.0	4.16208e-07
49990.0	6.7319e-07
50000.0	8.83732e-07
50010.0	1.06587e-06
50020.0	1.29788e-06
50030.0	1.7142e-06
50039.99999999999	2.17975e-06
50050.0	2.60466e-06
50060.0	2.62138e-06
50070.0	2.61575e-06
50080.0	2.49802e-06
50090.0	2.17904e-06
50100.0	2.23728e-06
50110.0	2.46095e-06
50119.99999999999	2.64642e-06
50130.0	2.50104e-06
50140.0	2.04439e-06
50150.0	1.5868e-06
50160.0	1.24244e-06
50170.0	1.22572e-06
50180.0	1.22361e-06
50190.0	1.21498e-06
50199.99999999999	1.14868e-06
50210.0	8.47557e-07
50220.0	3.88681e-07
50230.0	9.75998e-08
50240.0	4.24933e-08
50250.0	6.70223e-08
50260.0	7.31376e-08
50270.0	7.35065e-08
50279.99999999999	7.35065e-08
50290.0	7.35065e-08
50300.0	7.35065e-08
50310.0	7.35065e-08
50320.0	7.35001e-08
50330.0	7.30508e-08
50340.0	5.93394e-08
50350.0	3.73249e-08
50359.99999999999	1.18656e-08
50370.0	1.12145e-08
50380.0	3.6119e-08
50390.0	7.12483e-08
50400.0	9.05669e-08
50410.00000000001	9.26665e-08
50420.0	9.28106e-08
50430.0	9.28106e-08
50439.99999999999	9.28106e-08
50450.0	9.28106e-08
50460.0	9.28106e-08
50470.0	9.26594e-08
50480.0	9.16531e-08
50490.00000000001	5.89809e-08
50500.0	2.78866e-08
50510.0	1.04067e-08
50519.99999999999	1.00824e-08
50530.0	0.0
50540.0	0.0
50550.0	0.0
50560.0	0.0
50570.00000000001	0.0
50580.0	0.0
50590.0	0.0
50599.99999999999	0.0
50610.0	0.0
50620.0	0.0
50630.0	0.0
50640.0	0.0
50650.00000000001	0.0
50660.0	0.0
50670.0	0.0
50679.99999999999	0.0
50690.0	0.0
50700.0	0.0
50710.0	0.0
50720.0	0.0
50730.00000000001	0.0
50740.0	0.0
50750.0	0.0
50759.99999999999	0.0
50770.0	0.0
50780.0	0.0
50790.0	0.0
50800.0	0.0
50810.00000000001	0.0
50820.0	0.0
50830.0	0.0
50839.99999999999	0.0
50850.0	0.0
50860.0	0.0
50870.0	0.0
50880.0	0.0
50890.00000000001	0.0
50900.0	0.0
50910.0	0.0
50920.0	0.0
50930.0	0.0
50940.0	0.0
50950.0	0.0
50960.0	0.0
50970.00000000001	0.0
50980.0	0.0
50990.0	0.0
51000.0	0.0
51010.0	0.0
51020.0	0.0
51030.0	0.0
51040.0	0.0
51050.00000000001	0.0
51060.0	0.0
51070.0	0.0
51080.0	0.0
51090.0	0.0
51100.0	0.0
51110.0	0.0
51120.0	0.0
51130.00000000001	0.0
51140.0	0.0
51150.0	0.0
51160.0	0.0
51170.0	0.0
51180.0	0.0
51190.0	0.0
51200.0	0.0
51210.00000000001	0.0
51220.0	0.0
51230.0	0.0
51240.0	0.0
51250.0	0.0
51260.0	0.0
51270.0	0.0
51280.0	0.0
51289.99999999999	0.0
51300.0	0.0
51310.0	0.0
51320.0	0.0
51330.0	0.0
51340.0	0.0
51350.0	0.0
51360.0	0.0
51369.99999999999	0.0
51380.0	0.0
51390.0	0.0
51400.0	0.0
51410.0	0.0
51420.0	0.0
51430.0	0.0
51440.0	0.0
51449.99999999999	0.0
51460.0	0.0
51470.0	0.0
51480.0	0.0
51490.0	0.0
51500.0	0.0
51510.0	0.0
51520.0	0.0
51529.99999999999	0.0
51540.0	0.0
51550.0	0.0
51560.0	0.0
51570.0	1.02828e-08
51580.0	1.49471e-08
51590.0	2.75398e-08
51600.0	1.25935e-07
51609.99999999999	2.85863e-07
51620.0	4.84429e-07
51630.0	6.94756e-07
51640.0	8.20914e-07
51650.0	8.80145e-07
51660.00000000001	8.92918e-07
51670.0	8.93446e-07
51680.0	8.93145e-07
51689.99999999999	8.86163e-07
51700.0	8.57376e-07
51710.0	7.58789e-07
51720.0	5.8079e-07
51730.0	3.79192e-07
51740.00000000001	1.80894e-07
51750.0	5.94753e-08
51760.0	2.54725e-08
51769.99999999999	9.70107e-08
51780.0	2.6165e-07
51790.0	2.67628e-07
51800.0	2.69242e-07
51810.0	2.69242e-07
51820.00000000001	2.69242e-07
51830.0	2.69242e-07
51840.0	2.69242e-07
51849.99999999999	2.69242e-07
51860.0	2.69242e-07
51870.0	2.62673e-07
51880.0	1.48542e-07
51890.0	1.64534e-08
51900.00000000001	1.04787e-08
51910.0	0.0
51920.0	0.0
51929.99999999999	0.0
51940.0	0.0
51950.0	0.0
51960.0	0.0
51970.0	0.0
51980.00000000001	0.0
51990.0	0.0
52000.0	0.0
52009.99999999999	0.0
52020.0	0.0
52030.0	0.0
52040.0	0.0
52050.0	0.0
52060.00000000001	0.0
52070.0	0.0
52080.0	0.0
52089.99999999999	0.0
52100.0	0.0
52110.0	0.0
52120.0	0.0
52130.0	0.0
52140.00000000001	0.0
52150.0	0.0
52160.0	0.0
52170.0	0.0
52180.0	0.0
52190.0	0.0
52200.0	0.0
52210.0	0.0
52220.00000000001	0.0
52230.0	0.0
52240.0	0.0
52250.0	0.0
52260.0	0.0
52270.0	0.0
52280.0	0.0
52290.0	0.0
52300.00000000001	0.0
52310.0	0.0
52320.0	0.0
52330.0	0.0
52340.0	0.0
52350.0	0.0
52360.0	0.0
52370.0	0.0
52380.00000000001	0.0
52390.0	0.0
52400.0	0.0
52410.0	0.0
52420.0	0.0
52430.0	0.0
52440.0	0.0
52450.0	0.0
52460.00000000001	0.0
52470.0	0.0
52480.0	0.0
52490.0	0.0
52500.0	0.0
52510.0	0.0
52520.0	0.0
52530.0	0.0
52539.99999999999	0.0
52550.0	0.0
52560.0	0.0
52570.0	0.0
52580.0	0.0
52590.0	0.0
52600.0	0.0
52610.0	0.0
52619.99999999999	0.0
52630.0	0.0
52640.0	0.0
52650.0	0.0
52660.0	0.0
52670.0	0.0
52680.0	0.0
52690.0	0.0
52699.99999999999	0.0
52710.0	0.0
52720.0	0.0
52730.0	0.0
52740.0	0.0
52750.0	0.0
52760.0	0.0
52770.0	0.0
52779.99999999999	0.0
52790.0	0.0
52800.0	0.0
52810.0	0.0
52820.0	0.0
52830.0	0.0
52840.0	0.0
52850.0	0.0
52859.99999999999	0.0
52870.0	0.0
52880.0	0.0
52890.0	0.0
52900.0	0.0
52910.00000000001	0.0
52920.0	0.0
52930.0	0.0
52939.99999999999	0.0
52950.0	0.0
52960.0	0.0
52970.0	0.0
52980.0	0.0
52990.00000000001	0.0
53000.0	0.0
53010.0	0.0
53019.99999999999	0.0
53030.0	0.0
53040.0	0.0
53050.0	0.0
53060.0	0.0
53070.00000000001	0.0
53080.0	0.0
53090.0	0.0
53099.99999999999	0.0
53110.0	0.0
53120.0	0.0
53130.0	0.0
53140.0	0.0
53150.00000000001	0.0
53160.0	0.0
53170.0	0.0
53179.99999999999	0.0
53190.0	0.0
53200.0	0.0
53210.0	0.0
53220.0	0.0
53230.00000000001	0.0
53240.0	0.0
53250.0	0.0
53259.99999999999	0.0
53270.0	0.0
53280.0	0.0
53290.0	0.0
53300.0	0.0
53310.00000000001	0.0
53320.0	0.0
53330.0	0.0
53339.99999999999	0.0
53350.0	0.0
53360.0	0.0
53370.0	0.0
53380.0	0.0
53390.00000000001	0.0
53400.0	0.0
53410.0	0.0
53420.0	0.0
53430.0	0.0
53440.0	0.0
53450.0	0.0
53460.0	0.0
53470.00000000001	0.0
53480.0	0.0
53490.0	0.0
53500.0	0.0
53510.0	0.0
53520.0	0.0
53530.0	0.0
53540.0	0.0
53550.00000000001	0.0
53560.0	0.0
53570.0	0.0
53580.0	0.0
53590.0	0.0
53600.0	0.0
53610.0	0.0
53620.0	0.0
53630.00000000001	0.0
53640.0	0.0
53650.0	0.0
53660.0	0.0
53670.0	0.0
53680.0	0.0
53690.0	0.0
53700.0	0.0
53710.00000000001	0.0
53720.0	0.0
53730.0	0.0
53740.0	0.0
53750.0	0.0
53760.0	0.0
53770.0	0.0
53780.0	0.0
53789.99999999999	0.0
53800.0	0.0
53810.0	0.0
53820.0	0.0
53830.0	0.0
53840.0	0.0
53850.0	0.0
53860.0	0.0
53869.99999999999	0.0
53880.0	0.0
53890.0	0.0
53900.0	0.0
53910.0	0.0
53920.0	0.0
53930.0	0.0
53940.0	0.0
53949.99999999999	0.0
53960.0	0.0
53970.0	0.0
53980.0	0.0
53990.0	0.0
54000.0	0.0
54010.0	0.0
54020.0	0.0
54029.99999999999	0.0
54040.0	0.0
54050.0	0.0
54060.0	0.0
54070.0	0.0
54080.0	0.0
54090.0	0.0
54100.0	0.0
54109.99999999999	0.0
54120.0	0.0
54130.0	0.0
54140.0	1.13903e-08
54150.0	2.45331e-08
54160.00000000001	6.9165e-08
54170.0	1.81147e-07
54180.0	5.21973e-07
54189.99999999999	7.3802e-07
54200.0	8.18975e-07
54210.0	8.21345e-07
54220.0	8.21678e-07
54230.0	8.21678e-07
54240.00000000001	8.2149e-07
54250.0	8.20289e-07
54260.0	8.06201e-07
54269.99999999999	7.50795e-07
54280.0	6.22639e-07
54290.0	2.61634e-07
54300.0	9.54326e-08
54310.0	3.33598e-08
54320.00000000001	3.11066e-08
54330.0	3.11066e-08
54340.0	3.11066e-08
54349.99999999999	3.10242e-08
54360.0	3.0787e-08
54370.0	2.75399e-08
54380.0	1.94555e-08
54390.0	1.14632e-08
54400.00000000001	1.00798e-08
54410.0	0.0
54420.0	1.12806e-08
54429.99999999999	2.79823e-08
54440.0	9.08633e-08
54450.0	1.45394e-07
54460.0	1.7109e-07
54470.0	1.7256e-07
54480.00000000001	1.7256e-07
54490.0	1.7256e-07
54500.0	1.7256e-07
54509.99999999999	1.7256e-07
54520.0	1.7256e-07
54530.0	1.70867e-07
54540.0	1.42613e-07
54550.0	8.04738e-08
54560.00000000001	2.70206e-08
54570.0	1.11271e-08
54580.0	0.0
54589.99999999999	1.01048e-08
54600.0	1.43293e-08
54610.0	7.55294e-08
54620.0	1.41286e-07
54630.0	1.58749e-07
54640.00000000001	1.59839e-07
54650.0	1.60067e-07
54660.0	1.60067e-07
54670.0	1.60067e-07
54680.0	1.60067e-07
54690.0	1.60067e-07
54700.0	1.59159e-07
54710.0	1.54934e-07
54720.00000000001	7.76722e-08
54730.0	2.54601e-08
54740.0	1.07126e-08
54750.0	1.01139e-08
54760.0	0.0
54770.0	0.0
54780.0	0.0
54790.0	0.0
54800.00000000001	0.0
54810.0	0.0
54820.0	0.0
54830.0	0.0
54840.0	0.0
54850.0	0.0
54860.0	0.0
54870.0	0.0
54880.00000000001	0.0
54890.0	0.0
54900.0	0.0
54910.0	0.0
54920.0	0.0
54930.0	1.00519e-08
54940.0	1.02644e-08
54950.0	1.89716e-08
54960.00000000001	1.16949e-07
54970.0	2.58512e-07
54980.0	2.67208e-07
54990.0	0.0
55000.0	0.0
