5000.0	0.0
5010.0	0.0
5020.0	0.0
5030.0	0.0
5040.0	0.0
5050.0	0.0
5060.0	0.0
5070.0	0.0
5080.0	0.0
5090.0	0.0
5100.0	0.0
5110.0	0.0
5120.0	0.0
5130.0	0.0
5140.0	0.0
5150.0	0.0
5160.0	0.0
5170.0	0.0
5180.0	0.0
5190.0	0.0
5200.0	0.0
5210.0	0.0
5220.0	0.0
5230.0	0.0
5240.0	0.0
5250.0	0.0
5260.0	0.0
5270.0	0.0
5280.0	0.0
5290.0	0.0
5300.0	0.0
5310.0	0.0
5320.0	0.0
5330.0	0.0
5340.0	0.0
5350.0	0.0
5360.0	0.0
5370.0	0.0
5380.0	0.0
5390.0	0.0
5400.0	0.0
5410.0	0.0
5420.0	0.0
5430.0	0.0
5440.0	0.0
5450.0	0.0
5460.0	0.0
5470.0	0.0
5480.0	0.0
5490.0	0.0
5500.0	0.0
5510.0	0.0
5520.000000000001	0.0
5530.000000000001	0.0
5540.000000000001	0.0
5550.000000000001	0.0
5560.000000000001	0.0
5570.000000000001	0.0
5580.000000000001	0.0
5590.000000000001	0.0
5600.000000000001	0.0
5610.000000000001	0.0
5620.000000000001	0.0
5629.999999999999	0.0
5639.999999999999	0.0
5649.999999999999	0.0
5659.999999999999	0.0
5669.999999999999	0.0
5679.999999999999	0.0
5689.999999999999	0.0
5699.999999999999	0.0
5709.999999999999	0.0
5719.999999999999	0.0
5729.999999999999	0.0
5740.0	0.0
5750.0	0.0
5760.0	0.0
5770.0	0.0
5780.0	0.0
5790.0	0.0
5800.0	0.0
5810.0	0.0
5820.0	0.0
5830.0	0.0
5840.0	0.0
5850.0	0.0
5860.0	0.0
5870.0	0.0
5880.0	0.0
5890.0	0.0
5900.0	0.0
5910.0	0.0
5920.0	0.0
5930.0	0.0
5940.0	0.0
5950.0	0.0
5960.0	0.0
5970.0	0.0
5980.0	0.0
5990.0	0.0
6000.0	0.0
6010.0	0.0
6020.0	0.0
6030.0	0.0
6040.0	0.0
6050.0	0.0
6060.0	0.0
6070.0	0.0
6080.0	0.0
6090.0	0.0
6100.0	0.0
6110.0	0.0
6120.0	0.0
6130.0	0.0
6140.0	0.0
6150.0	0.0
6160.0	0.0
6170.0	0.0
6180.0	0.0
6190.0	0.0
6200.0	0.0
6210.0	0.0
6220.0	0.0
6230.0	0.0
6240.0	0.0
6250.0	0.0
6260.0	0.0
6270.0	0.0
6280.0	0.0
6290.0	0.0
6300.0	0.0
6310.0	0.0
6320.0	0.0
6330.0	0.0
6340.0	0.0
6350.0	0.0
6360.0	0.0
6370.0	0.0
6380.0	0.0
6390.0	0.0
6400.0	0.0
6410.0	0.0
6420.0	0.0
6430.0	0.0
6440.0	0.0
6450.0	0.0
6460.0	0.0
6470.0	0.0
6480.0	0.0
6490.0	0.0
6500.0	0.0
6510.0	0.0
6520.0	0.0
6530.0	0.0
6540.0	0.0
6550.0	0.0
6560.0	0.0
6570.0	0.0
6580.0	0.0
6590.0	0.0
6600.0	0.0
6610.0	0.0
6620.0	0.0
6630.0	0.0
6640.0	0.0
6650.0	0.0
6660.0	0.0
6670.0	0.0
6680.0	0.0
6690.0	0.0
6700.0	0.0
6710.0	0.0
6720.0	0.0
6730.0	0.0
6740.0	0.0
6750.0	0.0
6760.0	0.0
6770.000000000001	0.0
6780.000000000001	0.0
6790.000000000001	0.0
6800.000000000001	0.0
6810.000000000001	0.0
6820.000000000001	0.0
6830.000000000001	0.0
6840.000000000001	0.0
6850.000000000001	0.0
6860.000000000001	0.0
6870.000000000001	0.0
6879.999999999999	0.0
6889.999999999999	0.0
6899.999999999999	0.0
6909.999999999999	0.0
6919.999999999999	0.0
6929.999999999999	0.0
6939.999999999999	0.0
6949.999999999999	0.0
6959.999999999999	0.0
6969.999999999999	0.0
6979.999999999999	0.0
6990.0	0.0
7000.0	0.0
7010.0	0.0
7020.0	0.0
7030.0	0.0
7040.0	0.0
7050.0	0.0
7060.0	0.0
7070.0	0.0
7080.0	0.0
7090.0	0.0
7100.0	0.0
7110.0	0.0
7120.0	0.0
7130.0	0.0
7140.0	0.0
7150.0	0.0
7160.0	0.0
7170.0	0.0
7180.0	0.0
7190.0	0.0
7200.0	0.0
7210.0	0.0
7220.0	0.0
7230.0	0.0
7240.0	0.0
7250.0	0.0
7260.0	0.0
7270.0	0.0
7280.0	0.0
7290.0	0.0
7300.0	0.0
7310.0	0.0
7320.0	0.0
7330.0	0.0
7340.0	0.0
7350.0	0.0
7360.0	0.0
7370.0	0.0
7380.0	0.0
7390.0	0.0
7400.0	0.0
7410.0	0.0
7420.0	0.0
7430.0	0.0
7440.0	0.0
7450.0	0.0
7460.0	0.0
7470.0	0.0
7480.0	0.0
7490.0	0.0
7500.0	0.0
7510.0	0.0
7520.0	0.0
7530.0	0.0
7540.0	0.0
7550.0	0.0
7560.0	0.0
7570.0	0.0
7580.0	0.0
7590.0	0.0
7600.0	0.0
7610.0	0.0
7620.0	0.0
7630.0	0.0
7640.0	0.0
7650.0	0.0
7660.0	0.0
7670.0	0.0
7680.0	0.0
7690.0	0.0
7700.0	0.0
7710.0	0.0
7720.0	0.0
7730.0	0.0
7740.0	0.0
7750.0	0.0
7760.0	0.0
7770.0	0.0
7780.0	1.05255e-08
7790.0	0.0
7800.0	0.0
7810.0	0.0
7820.0	0.0
7830.0	0.0
7840.0	0.0
7850.0	0.0
7860.0	0.0
7870.0	0.0
7880.0	0.0
7890.0	0.0
7900.0	0.0
7910.0	0.0
7920.0	0.0
7930.0	0.0
7940.0	0.0
7950.0	0.0
7960.0	1.02882e-08
7970.0	1.47005e-08
7980.0	1.83568e-08
7990.0	1.97974e-08
8000.0	2.12074e-08
8010.0	2.27463e-08
8020.000000000001	2.36588e-08
8030.000000000001	2.56709e-08
8040.000000000001	2.81289e-08
8050.000000000001	3.11666e-08
8060.000000000001	3.19579e-08
8070.000000000001	2.91252e-08
8080.000000000001	2.46174e-08
8090.000000000001	2.06219e-08
8100.000000000001	1.65467e-08
8110.000000000001	1.17464e-08
8120.000000000001	0.0
8129.999999999999	0.0
8139.999999999999	0.0
8149.999999999999	0.0
8159.999999999999	0.0
8169.999999999999	0.0
8179.999999999999	0.0
8189.999999999999	0.0
8200.0	0.0
8210.0	0.0
8220.0	0.0
8230.0	0.0
8240.0	0.0
8250.0	0.0
8260.0	0.0
8270.0	0.0
8280.0	0.0
8290.0	0.0
8300.0	0.0
8310.0	0.0
8320.0	0.0
8330.0	0.0
8340.0	0.0
8350.0	0.0
8360.0	0.0
8370.0	0.0
8380.0	0.0
8390.0	0.0
8400.0	0.0
8410.0	0.0
8420.0	0.0
8430.0	0.0
8440.0	0.0
8450.0	0.0
8460.0	0.0
8470.0	0.0
8480.0	0.0
8490.0	0.0
8500.0	0.0
8510.0	0.0
8520.0	0.0
8530.0	0.0
8540.0	0.0
8550.0	0.0
8560.0	0.0
8570.0	0.0
8580.0	0.0
8590.0	0.0
8600.0	0.0
8610.0	0.0
8620.0	0.0
8630.0	0.0
8640.0	0.0
8650.0	0.0
8660.0	0.0
8670.0	0.0
8680.0	0.0
8690.0	0.0
8700.0	0.0
8710.0	0.0
8720.0	0.0
8730.0	0.0
8740.0	0.0
8750.0	0.0
8760.0	0.0
8770.0	0.0
8780.0	0.0
8790.0	0.0
8800.0	0.0
8810.0	0.0
8820.0	0.0
8830.0	0.0
8840.0	0.0
8850.0	0.0
8860.0	0.0
8870.0	0.0
8880.0	0.0
8890.0	0.0
8900.0	0.0
8910.0	0.0
8920.0	0.0
8930.0	0.0
8940.0	0.0
8950.0	1.07576e-08
8960.0	1.72932e-08
8970.0	2.01506e-08
8980.0	1.5782e-08
8990.0	1.21511e-08
9000.0	1.42819e-08
9010.0	1.43932e-08
9020.0	1.43558e-08
9030.0	1.56442e-08
9040.0	1.7936e-08
9050.0	2.13249e-08
9060.0	2.50048e-08
9070.0	2.92183e-08
9080.0	3.61694e-08
9090.0	4.64002e-08
9100.0	6.32378e-08
9110.0	7.28997e-08
9120.0	7.79911e-08
9130.0	8.2228e-08
9140.0	8.5475e-08
9150.0	8.70625e-08
9160.0	7.8403e-08
9170.0	7.4028e-08
9180.0	6.46835e-08
9190.0	5.35688e-08
9200.0	5.00031e-08
9210.0	5.64502e-08
9220.0	6.31838e-08
9230.0	6.61177e-08
9240.0	7.02449e-08
9250.0	8.05465e-08
9260.0	9.27776e-08
9270.0	1.0166e-07
9280.0	1.06497e-07
9290.0	1.1608e-07
9300.0	1.35033e-07
9310.0	1.70007e-07
9320.0	2.0565e-07
9330.0	2.32569e-07
9340.0	2.45523e-07
9350.0	2.55175e-07
9360.0	2.43611e-07
9370.0	2.22235e-07
9380.0	1.97438e-07
9390.0	1.72609e-07
9400.0	1.50428e-07
9410.0	1.34982e-07
9420.0	1.29036e-07
9430.0	1.26046e-07
9440.0	1.22158e-07
9450.0	1.17235e-07
9460.0	1.2373e-07
9470.0	1.48353e-07
9480.0	1.77148e-07
9490.0	1.97843e-07
9500.0	2.12962e-07
9510.0	2.38445e-07
9520.0	2.57847e-07
9530.0	2.57721e-07
9540.0	2.29649e-07
9550.0	1.90959e-07
9560.0	1.47827e-07
9570.0	1.11899e-07
9580.0	8.49812e-08
9590.0	6.60157e-08
9600.0	5.69554e-08
9610.0	4.75404e-08
9620.0	3.86554e-08
9630.0	3.32997e-08
9640.0	3.26688e-08
9650.0	3.4285e-08
9660.0	3.51894e-08
9670.0	3.75679e-08
9680.0	4.2112e-08
9690.0	4.79775e-08
9700.0	5.94854e-08
9710.0	7.74179e-08
9720.0	1.0189e-07
9730.0	1.32494e-07
9740.0	1.59148e-07
9750.0	1.56867e-07
9760.0	1.17428e-07
9770.0	7.60345e-08
9780.0	4.8872e-08
9790.0	3.31146e-08
9800.0	2.08641e-08
9810.0	1.33265e-08
9820.0	0.0
9830.0	0.0
9840.0	0.0
9850.0	0.0
9860.0	0.0
9870.0	0.0
9880.0	0.0
9890.0	0.0
9900.0	0.0
9910.0	0.0
9920.0	0.0
9930.0	0.0
9940.0	0.0
9950.0	0.0
9960.0	0.0
9970.0	0.0
9980.0	0.0
9990.0	0.0
10000.0	0.0
10009.999999999998	0.0
10020.0	0.0
10029.999999999998	0.0
10040.0	0.0
10049.999999999998	0.0
10060.0	0.0
10069.999999999998	0.0
10080.0	0.0
10089.999999999998	0.0
10100.0	0.0
10109.999999999998	0.0
10120.0	0.0
10129.999999999998	0.0
10140.0	0.0
10149.999999999998	0.0
10160.0	0.0
10169.999999999998	0.0
10180.0	0.0
10189.999999999998	0.0
10200.0	0.0
10209.999999999998	0.0
10220.0	0.0
10230.0	0.0
10240.0	0.0
10250.0	0.0
10260.0	0.0
10270.0	0.0
10280.0	0.0
10290.0	0.0
10300.0	0.0
10310.0	0.0
10320.0	0.0
10330.0	0.0
10340.0	0.0
10350.0	0.0
10360.0	0.0
10370.0	0.0
10380.0	0.0
10390.0	0.0
10400.0	0.0
10410.0	0.0
10420.0	0.0
10430.0	0.0
10440.0	0.0
10450.0	0.0
10460.0	0.0
10470.0	0.0
10480.0	0.0
10490.0	0.0
10500.0	0.0
10510.0	0.0
10520.0	0.0
10530.0	0.0
10540.0	0.0
10550.0	0.0
10560.0	0.0
10570.0	0.0
10580.0	0.0
10590.0	0.0
10600.0	0.0
10610.0	0.0
10620.0	0.0
10630.0	0.0
10640.0	0.0
10650.0	0.0
10660.0	0.0
10670.0	0.0
10680.0	0.0
10690.0	0.0
10700.0	0.0
10710.0	0.0
10720.0	0.0
10730.0	0.0
10740.0	0.0
10750.0	0.0
10760.0	0.0
10770.0	0.0
10780.0	0.0
10790.0	0.0
10800.0	0.0
10810.0	0.0
10820.0	0.0
10830.0	0.0
10840.0	0.0
10850.0	0.0
10860.0	0.0
10870.0	0.0
10880.0	0.0
10890.0	0.0
10900.0	0.0
10910.0	0.0
10920.0	0.0
10930.0	0.0
10940.0	0.0
10950.0	0.0
10960.0	0.0
10970.0	0.0
10980.0	0.0
10990.0	0.0
11000.0	0.0
11010.0	0.0
11020.0	0.0
11030.0	0.0
11040.000000000002	0.0
11050.0	0.0
11060.000000000002	0.0
11070.0	0.0
11080.000000000002	0.0
11090.0	0.0
11100.000000000002	0.0
11110.0	0.0
11120.000000000002	0.0
11130.0	0.0
11140.000000000002	0.0
11150.0	0.0
11160.000000000002	0.0
11170.0	0.0
11180.000000000002	0.0
11190.0	0.0
11200.000000000002	0.0
11210.0	0.0
11220.000000000002	0.0
11230.0	0.0
11240.000000000002	0.0
11250.0	0.0
11259.999999999998	0.0
11270.0	0.0
11279.999999999998	0.0
11290.0	0.0
11299.999999999998	0.0
11310.0	0.0
11319.999999999998	0.0
11330.0	0.0
11339.999999999998	0.0
11350.0	0.0
11359.999999999998	0.0
11370.0	0.0
11379.999999999998	0.0
11390.0	0.0
11399.999999999998	0.0
11410.0	0.0
11419.999999999998	0.0
11430.0	0.0
11439.999999999998	0.0
11450.0	0.0
11459.999999999998	0.0
11470.0	0.0
11480.0	0.0
11490.0	0.0
11500.0	0.0
11510.0	0.0
11520.0	1.47708e-08
11530.0	2.45525e-08
11540.0	4.70679e-08
11550.0	1.14456e-07
11560.0	2.75173e-07
11570.0	3.61802e-07
11580.0	2.08333e-07
11590.0	9.40258e-08
11600.0	5.28956e-08
11610.0	3.71952e-08
11620.0	2.82673e-08
11630.0	2.27587e-08
11640.0	1.88018e-08
11650.0	1.64386e-08
11660.0	1.50814e-08
11670.0	1.41639e-08
11680.0	1.40318e-08
11690.0	1.43486e-08
11700.0	1.39628e-08
11710.0	1.43588e-08
11720.0	1.50784e-08
11730.0	1.60459e-08
11740.0	1.69024e-08
11750.0	1.95601e-08
11760.0	2.2527e-08
11770.0	2.43662e-08
11780.0	2.40282e-08
11790.0	2.38996e-08
11800.0	2.59581e-08
11810.0	3.02312e-08
11820.0	3.70569e-08
11830.0	4.28241e-08
11840.0	5.08492e-08
11850.0	6.57948e-08
11860.0	9.13185e-08
11870.0	1.30839e-07
11880.0	1.86864e-07
11890.0	2.70667e-07
11900.0	4.07026e-07
11910.0	5.88996e-07
11920.0	7.76004e-07
11930.0	8.32293e-07
11940.0	7.15031e-07
11950.0	5.42001e-07
11960.0	3.92343e-07
11970.0	2.88123e-07
11980.0	2.2143e-07
11990.0	1.87616e-07
12000.0	1.5935e-07
12010.0	1.33087e-07
12020.0	1.09207e-07
12030.0	9.74731e-08
12040.0	9.0831e-08
12050.0	9.0661e-08
12060.0	8.80615e-08
12070.0	8.57237e-08
12080.0	8.3841e-08
12090.0	8.24693e-08
12100.0	8.18302e-08
12110.0	8.32754e-08
12120.0	8.60682e-08
12130.0	9.11858e-08
12140.0	9.42974e-08
12150.0	1.01436e-07
12160.0	1.10399e-07
12170.0	1.23523e-07
12180.0	1.34527e-07
12190.0	1.41855e-07
12200.0	1.51638e-07
12210.0	1.67806e-07
12220.0	1.93856e-07
12230.0	2.1376e-07
12240.0	2.23144e-07
12250.0	2.35917e-07
12260.0	2.51815e-07
12270.0	2.71359e-07
12280.0	2.83411e-07
12290.000000000002	3.20562e-07
12300.0	3.61145e-07
12310.000000000002	3.73793e-07
12320.0	3.69993e-07
12330.000000000002	3.85226e-07
12340.0	4.28145e-07
12350.000000000002	4.6633e-07
12360.0	4.84416e-07
12370.000000000002	4.78624e-07
12380.0	4.46623e-07
12390.000000000002	4.03093e-07
12400.0	3.94957e-07
12410.000000000002	4.15316e-07
12420.0	4.16652e-07
12430.000000000002	4.074e-07
12440.0	3.76853e-07
12450.000000000002	3.62849e-07
12460.0	3.48137e-07
12470.000000000002	3.43982e-07
12480.0	3.42775e-07
12490.000000000002	3.35491e-07
12500.0	3.23738e-07
12509.999999999998	3.1925e-07
12520.0	2.96548e-07
12529.999999999998	2.73133e-07
12540.0	2.60268e-07
12549.999999999998	2.69568e-07
12560.0	2.7579e-07
12569.999999999998	2.6841e-07
12580.0	2.51327e-07
12589.999999999998	2.50618e-07
12600.0	2.72966e-07
12609.999999999998	3.07326e-07
12620.0	3.47981e-07
12629.999999999998	3.87374e-07
12640.0	4.58878e-07
12649.999999999998	5.51987e-07
12660.0	6.58719e-07
12669.999999999998	7.22676e-07
12680.0	6.41365e-07
12689.999999999998	4.8529e-07
12700.0	3.23328e-07
12709.999999999998	2.11831e-07
12720.0	1.37577e-07
12730.0	9.14618e-08
12740.0	6.4549e-08
12750.0	4.6247e-08
12760.0	3.18324e-08
12770.0	2.33646e-08
12780.0	1.8426e-08
12790.0	1.51121e-08
12800.0	1.2208e-08
12810.0	1.01312e-08
12820.0	0.0
12830.0	0.0
12840.0	0.0
12850.0	0.0
12860.0	0.0
12870.0	0.0
12880.0	0.0
12890.0	0.0
12900.0	0.0
12910.0	0.0
12920.0	0.0
12930.0	0.0
12940.0	0.0
12950.0	0.0
12960.0	0.0
12970.0	0.0
12980.0	0.0
12990.0	0.0
13000.0	0.0
13010.0	0.0
13020.0	0.0
13030.0	0.0
13040.0	0.0
13050.0	0.0
13060.0	0.0
13070.0	0.0
13080.0	0.0
13090.0	0.0
13100.0	0.0
13110.0	0.0
13120.0	0.0
13130.0	0.0
13140.0	0.0
13150.0	0.0
13160.0	0.0
13170.0	0.0
13180.0	0.0
13190.0	0.0
13200.0	0.0
13210.0	0.0
13220.0	0.0
13230.0	0.0
13240.0	0.0
13250.0	0.0
13260.0	0.0
13270.0	0.0
13280.0	0.0
13290.0	0.0
13300.0	0.0
13310.0	0.0
13320.0	0.0
13330.0	0.0
13340.0	0.0
13350.0	0.0
13360.0	0.0
13370.0	0.0
13380.0	0.0
13390.0	0.0
13400.0	0.0
13410.0	0.0
13420.0	0.0
13430.0	0.0
13440.0	0.0
13450.0	0.0
13460.0	0.0
13470.0	0.0
13480.0	0.0
13490.0	0.0
13500.0	0.0
13510.0	0.0
13520.0	0.0
13530.0	0.0
13540.000000000002	0.0
13550.0	0.0
13560.000000000002	0.0
13570.0	0.0
13580.000000000002	0.0
13590.0	0.0
13600.000000000002	0.0
13610.0	0.0
13620.000000000002	0.0
13630.0	0.0
13640.000000000002	0.0
13650.0	0.0
13660.000000000002	0.0
13670.0	0.0
13680.000000000002	0.0
13690.0	0.0
13700.000000000002	0.0
13710.0	0.0
13720.000000000002	0.0
13730.0	0.0
13740.000000000002	0.0
13750.0	0.0
13759.999999999998	0.0
13770.0	0.0
13779.999999999998	0.0
13790.0	0.0
13799.999999999998	0.0
13810.0	0.0
13819.999999999998	0.0
13830.0	0.0
13839.999999999998	0.0
13850.0	0.0
13859.999999999998	0.0
13870.0	0.0
13879.999999999998	0.0
13890.0	0.0
13899.999999999998	0.0
13910.0	0.0
13919.999999999998	0.0
13930.0	0.0
13939.999999999998	0.0
13950.0	0.0
13959.999999999998	0.0
13970.0	0.0
13980.0	0.0
13990.0	0.0
14000.0	0.0
14010.0	0.0
14020.0	0.0
14030.0	0.0
14040.0	0.0
14050.0	0.0
14060.0	0.0
14070.0	0.0
14080.0	0.0
14090.0	0.0
14100.0	0.0
14110.0	0.0
14120.0	0.0
14130.0	0.0
14140.0	0.0
14150.0	0.0
14160.0	0.0
14170.0	0.0
14180.0	0.0
14190.0	0.0
14200.0	0.0
14210.0	0.0
14220.0	0.0
14230.0	0.0
14240.0	0.0
14250.0	0.0
14260.0	0.0
14270.0	0.0
14280.0	0.0
14290.0	0.0
14300.0	0.0
14310.0	0.0
14320.0	0.0
14330.0	0.0
14340.0	0.0
14350.0	0.0
14360.0	0.0
14370.0	0.0
14380.0	0.0
14390.0	0.0
14400.0	0.0
14410.0	0.0
14420.0	0.0
14430.0	0.0
14440.0	0.0
14450.0	0.0
14460.0	0.0
14470.0	0.0
14480.0	0.0
14490.0	0.0
14500.0	0.0
14510.0	0.0
14520.0	0.0
14530.0	0.0
14540.0	0.0
14550.0	0.0
14560.0	0.0
14570.0	0.0
14580.0	0.0
14590.0	0.0
14600.0	0.0
14610.0	0.0
14620.0	0.0
14630.0	0.0
14640.0	0.0
14650.0	0.0
14660.0	0.0
14670.0	0.0
14680.0	0.0
14690.0	0.0
14700.0	0.0
14710.0	0.0
14720.0	0.0
14730.0	0.0
14740.0	0.0
14750.0	0.0
14760.0	0.0
14770.0	0.0
14780.0	0.0
14790.000000000002	0.0
14800.0	0.0
14810.000000000002	1.07149e-08
14820.0	1.25571e-08
14830.000000000002	1.35471e-08
14840.0	1.49057e-08
14850.000000000002	1.6323e-08
14860.0	1.7558e-08
14870.000000000002	1.9425e-08
14880.0	2.2084e-08
14890.000000000002	2.59658e-08
14900.0	3.17333e-08
14910.000000000002	3.90995e-08
14920.0	4.68486e-08
14930.000000000002	5.34378e-08
14940.0	6.14657e-08
14950.000000000002	7.05749e-08
14960.0	8.60218e-08
14970.000000000002	1.08466e-07
14980.0	1.30853e-07
14990.000000000002	1.5315e-07
15000.0	1.80518e-07
15009.999999999998	2.29055e-07
15020.0	3.10253e-07
15029.999999999998	4.15131e-07
15040.0	5.49834e-07
15049.999999999998	7.2311e-07
15060.0	9.69221e-07
15069.999999999998	1.29088e-06
15080.0	1.7446e-06
15089.999999999998	2.37385e-06
15100.0	3.329e-06
15109.999999999998	4.30811e-06
15120.0	5.05247e-06
15129.999999999998	5.51955e-06
15140.0	5.86484e-06
15149.999999999998	6.03905e-06
15160.0	5.7606e-06
15169.999999999998	5.10248e-06
15180.0	4.60224e-06
15189.999999999998	4.26367e-06
15200.0	4.11959e-06
15209.999999999998	3.83671e-06
15220.0	3.64299e-06
15230.0	3.45951e-06
15240.0	3.33805e-06
15250.0	3.16103e-06
15260.0	3.07133e-06
15270.0	3.01722e-06
15280.0	3.06872e-06
15290.0	3.24606e-06
15300.0	3.32638e-06
15310.0	3.34083e-06
15320.0	3.16404e-06
15330.0	3.08631e-06
15340.0	3.10634e-06
15350.0	3.22488e-06
15360.0	3.4182e-06
15370.0	3.55467e-06
15380.0	3.74023e-06
15390.0	3.97926e-06
15400.0	4.29533e-06
15410.0	4.43676e-06
15420.0	4.51715e-06
15430.0	4.5878e-06
15440.0	4.74499e-06
15450.0	4.90575e-06
15460.0	5.00168e-06
15470.0	4.95241e-06
15480.0	5.11253e-06
15490.0	5.39721e-06
15500.0	5.81825e-06
15510.0	6.17829e-06
15520.0	6.3677e-06
15530.0	6.58416e-06
15540.0	6.72971e-06
15550.0	6.93329e-06
15560.0	7.22923e-06
15570.0	7.29626e-06
15580.0	7.57167e-06
15590.0	7.63379e-06
15600.0	7.40731e-06
15610.0	7.06639e-06
15620.0	7.03273e-06
15630.0	7.34991e-06
15640.0	7.47951e-06
15650.0	7.51455e-06
15660.0	7.65504e-06
15670.0	7.81966e-06
15680.0	7.99092e-06
15690.0	8.17371e-06
15700.0	8.39663e-06
15710.0	8.28646e-06
15720.0	8.27976e-06
15730.0	8.27303e-06
15740.0	8.26496e-06
15750.0	8.02153e-06
15760.0	7.62978e-06
15770.0	7.6187e-06
15780.0	7.52213e-06
15790.0	7.60972e-06
15800.0	7.57643e-06
15810.0	7.61303e-06
15820.0	7.54583e-06
15830.0	7.4354e-06
15840.0	7.72639e-06
15850.0	8.0862e-06
15860.0	8.48712e-06
15870.0	8.40658e-06
15880.0	8.24225e-06
15890.0	8.5393e-06
15900.0	8.94678e-06
15910.0	9.21211e-06
15920.0	9.04354e-06
15930.0	8.53685e-06
15940.0	8.30356e-06
15950.0	8.34007e-06
15960.0	8.82197e-06
15970.0	9.15593e-06
15980.0	8.98536e-06
15990.0	9.07359e-06
16000.0	9.13297e-06
16010.0	9.03461e-06
16020.0	8.81202e-06
16030.0	8.84455e-06
16040.000000000002	9.0734e-06
16050.0	9.0977e-06
16060.000000000002	8.68949e-06
16070.0	8.37272e-06
16080.000000000002	8.19741e-06
16090.0	8.4264e-06
16100.000000000002	8.99341e-06
16110.0	9.51401e-06
16120.000000000002	9.52163e-06
16130.0	9.26713e-06
16140.000000000002	9.18177e-06
16150.0	9.18909e-06
16160.000000000002	9.49367e-06
16170.0	9.69352e-06
16180.000000000002	9.85306e-06
16190.0	9.86036e-06
16200.000000000002	9.76168e-06
16210.0	1.00156e-05
16220.000000000002	1.02643e-05
16230.0	1.05666e-05
16240.000000000002	1.0612e-05
16250.0	1.03169e-05
16259.999999999998	9.81534e-06
16270.0	9.39264e-06
16279.999999999998	9.62107e-06
16290.0	1.02408e-05
16299.999999999998	1.10908e-05
16310.0	1.14988e-05
16319.999999999998	1.15407e-05
16330.0	1.15025e-05
16339.999999999998	1.20471e-05
16350.0	1.25795e-05
16359.999999999998	1.24848e-05
16370.0	1.24452e-05
16379.999999999998	1.2856e-05
16390.0	1.37764e-05
16400.0	1.40979e-05
16410.0	1.40936e-05
16420.0	1.41568e-05
16430.0	1.442e-05
16440.0	1.50437e-05
16450.0	1.609e-05
16460.0	1.67825e-05
16470.0	1.75722e-05
16480.0	1.85e-05
16490.0	1.95591e-05
16500.0	2.03992e-05
16510.0	2.08086e-05
16520.0	2.15201e-05
16530.0	2.18808e-05
16540.0	2.25667e-05
16550.0	2.33288e-05
16560.0	2.46714e-05
16570.0	2.63649e-05
16580.0	2.7557e-05
16590.0	2.86555e-05
16600.0	3.00638e-05
16610.0	3.22831e-05
16620.0	3.46576e-05
16630.0	3.65945e-05
16640.0	3.88156e-05
16650.0	4.13332e-05
16660.0	4.42182e-05
16670.0	4.77215e-05
16680.0	5.17147e-05
16690.0	5.57191e-05
16700.0	5.90355e-05
16710.0	6.27724e-05
16720.0	6.75487e-05
16730.0	7.30562e-05
16740.0	7.92384e-05
16750.0	8.59601e-05
16760.0	9.36529e-05
16770.0	0.000101659
16780.0	0.000109646
16790.0	0.000117983
16800.0	0.000126635
16810.0	0.000136444
16820.0	0.000146798
16830.0	0.000158224
16840.0	0.000170614
16850.0	0.000184275
16860.0	0.000199136
16870.0	0.000215562
16880.0	0.0002347
16890.0	0.000255883
16900.0	0.000279355
16910.0	0.000304913
16920.0	0.000333865
16930.0	0.000366586
16940.0	0.000403409
16950.0	0.000446229
16960.0	0.000494853
16970.0	0.000551162
16980.0	0.000615466
16990.0	0.000690025
17000.0	0.000775931
17010.0	0.000874573
17020.0	0.000987957
17030.0	0.00111802
17040.0	0.00126655
17050.0	0.00143674
17060.0	0.00163091
17070.0	0.00185311
17080.0	0.00210546
17090.0	0.00239045
17100.0	0.0027133
17110.0	0.00307916
17120.0	0.00349271
17130.0	0.00396323
17140.0	0.00450134
17150.0	0.00511105
17160.0	0.00580208
17170.0	0.00659887
17180.0	0.00751153
17190.0	0.00856122
17200.0	0.00977127
17210.0	0.0111718
17220.0	0.0128015
17230.0	0.0147271
17240.0	0.0170096
17250.0	0.0197114
17260.0	0.0229133
17270.0	0.0267077
17280.0	0.031224
17290.0	0.0366063
17300.0	0.0428415
17310.0	0.0495025
17320.0	0.0560319
17330.0	0.0621286
17340.0	0.0681502
17350.0	0.0746267
17360.0	0.0819963
17370.0	0.0906187
17380.0	0.100757
17390.0	0.112948
17400.0	0.126513
17410.0	0.142057
17420.0	0.159276
17430.0	0.179772
17440.0	0.204411
17450.0	0.234536
17460.0	0.269898
17470.0	0.309897
17480.0	0.354033
17490.0	0.401532
17500.0	0.451298
17510.0	0.502064
17520.0	0.552019
17530.0	0.598762
17540.0	0.640929
17550.0	0.678493
17560.0	0.71128
17570.0	0.740058
17580.0	0.765238
17590.0	0.786912
17600.0	0.80663
17610.0	0.824904
17620.0	0.841703
17630.0	0.857437
17640.0	0.87252
17650.0	0.887293
17660.0	0.901867
17670.0	0.914783
17680.0	0.927631
17690.0	0.938144
17700.0	0.946758
17710.0	0.953237
17720.0	0.958752
17730.0	0.962531
17740.0	0.964254
17750.0	0.965117
17760.0	0.965904
17770.0	0.965904
17780.0	0.96467
17790.0	0.963813
17800.0	0.962787
17810.0	0.962111
17820.0	0.961666
17830.0	0.962899
17840.0	0.964683
17850.0	0.965227
17860.0	0.964718
17870.0	0.964445
17880.0	0.965008
17890.0	0.965367
17900.0	0.96462
17910.0	0.962647
17920.0	0.960669
17930.0	0.959244
17940.0	0.957878
17950.0	0.956445
17960.0	0.954399
17970.0	0.951172
17980.0	0.947698
17990.0	0.944682
18000.0	0.941773
18010.0	0.93902
18020.0	0.936917
18030.0	0.934885
18040.0	0.93262
18050.0	0.930776
18060.0	0.929847
18070.0	0.929675
18080.0	0.929496
18090.0	0.929046
18100.0	0.929327
18110.0	0.930437
18120.0	0.931853
18130.0	0.934395
18140.0	0.936808
18150.0	0.939714
18160.0	0.941888
18170.0	0.944314
18180.0	0.946509
18190.0	0.948096
18200.0	0.949821
18210.0	0.951239
18220.0	0.952628
18230.0	0.955385
18240.0	0.958545
18250.0	0.96114
18260.0	0.962677
18270.0	0.964365
18280.0	0.966269
18290.0	0.967329
18300.0	0.968342
18310.0	0.969084
18320.0	0.969054
18330.0	0.969469
18340.0	0.970724
18350.0	0.971519
18360.0	0.972673
18370.0	0.973298
18380.0	0.973284
18390.0	0.973678
18400.0	0.973657
18410.0	0.974109
18420.0	0.972875
18430.0	0.971164
18440.0	0.969866
18450.0	0.970043
18460.0	0.970398
18470.0	0.969477
18480.0	0.966595
18490.0	0.964458
18500.0	0.963496
18510.0	0.963064
18520.0	0.963209
18530.0	0.962659
18540.0	0.960641
18550.0	0.958406
18560.0	0.956209
18570.0	0.954883
18580.0	0.954348
18590.0	0.95433
18600.0	0.953693
18610.0	0.953227
18620.0	0.95192
18630.0	0.950863
18640.0	0.950099
18650.0	0.949901
18660.0	0.950271
18670.0	0.950761
18680.0	0.951164
18690.0	0.951073
18700.0	0.951463
18710.0	0.952427
18720.0	0.953982
18730.0	0.955386
18740.0	0.956446
18750.0	0.958174
18760.0	0.960267
18770.0	0.961518
18780.0	0.962419
18790.0	0.963342
18800.0	0.964131
18810.0	0.964997
18820.0	0.965783
18830.0	0.967315
18840.0	0.969775
18850.0	0.971468
18860.0	0.971649
18870.0	0.971356
18880.0	0.971325
18890.0	0.971462
18900.0	0.971265
18910.0	0.971171
18920.0	0.971243
18930.0	0.971704
18940.0	0.971471
18950.0	0.971991
18960.0	0.971603
18970.0	0.972
18980.0	0.972418
18990.0	0.973907
19000.0	0.975036
19010.0	0.97527
19020.0	0.975136
19030.0	0.976062
19040.0	0.97751
19050.0	0.978905
19060.0	0.978513
19070.0	0.978647
19080.0	0.979139
19090.0	0.979932
19100.0	0.98074
19110.0	0.98201
19120.0	0.98257
19130.0	0.982643
19140.0	0.9828
19150.0	0.982961
19160.0	0.982839
19170.0	0.983876
19180.0	0.984018
19190.0	0.984842
19200.0	0.984946
19210.0	0.985694
19220.0	0.98494
19230.0	0.982717
19240.0	0.980098
19250.0	0.978015
19260.0	0.976858
19270.0	0.975219
19280.0	0.974836
19290.0	0.974161
19300.0	0.974189
19310.0	0.973493
19320.0	0.97321
19330.0	0.972186
19340.0	0.971527
19350.0	0.971048
19360.0	0.970433
19370.0	0.969884
19380.0	0.969728
19390.0	0.969761
19400.0	0.970429
19410.0	0.970479
19420.0	0.970875
19430.0	0.97137
19440.0	0.971912
19450.0	0.972916
19460.0	0.973855
19470.0	0.973402
19480.0	0.973905
19490.0	0.974065
19500.0	0.973886
19510.0	0.973657
19520.0	0.973878
19530.0	0.974677
19540.0	0.975346
19550.0	0.975076
19560.0	0.974432
19570.0	0.973716
19580.0	0.974405
19590.0	0.975111
19600.0	0.975676
19610.0	0.975602
19620.0	0.97462
19630.0	0.973811
19640.0	0.972335
19650.0	0.972237
19660.0	0.970776
19670.0	0.968263
19680.0	0.966116
19690.0	0.965032
19700.0	0.965321
19710.0	0.964378
19720.0	0.962756
19730.0	0.960985
19740.0	0.960436
19750.0	0.958862
19760.0	0.957027
19770.0	0.955523
19780.0	0.95514
19790.0	0.954306
19800.0	0.952025
19810.0	0.950434
19820.0	0.949824
19830.0	0.950193
19840.0	0.951044
19850.0	0.951194
19860.0	0.95034
19870.0	0.949121
19880.0	0.947488
19890.0	0.946595
19900.0	0.946143
19910.0	0.945388
19920.0	0.944583
19930.0	0.942715
19940.0	0.94138
19950.0	0.940133
19960.0	0.93853
19970.0	0.937569
19980.0	0.93665
19990.0	0.934924
20000.0	0.932815
20010.0	0.931954
20019.999999999996	0.931705
20030.0	0.930471
20040.0	0.928049
20050.0	0.92529
20059.999999999996	0.922638
20070.0	0.92029
20080.0	0.916951
20090.0	0.914596
20099.999999999996	0.913359
20110.0	0.912632
20120.0	0.911178
20130.0	0.909546
20139.999999999996	0.908733
20150.0	0.90884
20160.0	0.908398
20170.0	0.907561
20179.999999999996	0.907758
20190.0	0.907819
20200.0	0.908136
20210.0	0.907746
20219.999999999996	0.906988
20230.0	0.906207
20240.0	0.906119
20250.0	0.906979
20259.999999999996	0.907465
20270.0	0.907244
20280.0	0.905836
20290.0	0.905188
20299.999999999996	0.904662
20310.0	0.904605
20320.0	0.903331
20330.0	0.902453
20339.999999999996	0.902271
20350.0	0.902092
20360.0	0.900746
20370.0	0.899157
20379.999999999996	0.897796
20390.0	0.897047
20400.0	0.896554
20410.0	0.895303
20419.999999999996	0.894003
20430.0	0.892399
20440.0	0.891367
20450.0	0.889893
20460.0	0.887936
20470.0	0.886428
20480.0	0.885273
20490.0	0.884634
20500.0	0.884573
20510.0	0.884546
20520.0	0.885159
20530.0	0.886118
20540.0	0.885828
20550.0	0.88586
20560.0	0.885365
20570.0	0.885771
20580.0	0.885378
20590.0	0.886741
20600.0	0.888962
20610.0	0.891586
20620.0	0.893681
20630.0	0.894922
20640.0	0.896415
20650.0	0.898165
20660.0	0.900596
20670.0	0.903058
20680.0	0.905533
20690.0	0.907758
20700.0	0.909893
20710.0	0.911976
20720.0	0.914663
20730.0	0.91732
20740.0	0.919483
20750.0	0.921482
20760.0	0.922586
20770.0	0.92377
20780.0	0.924108
20790.0	0.926284
20800.0	0.928381
20810.0	0.931047
20820.0	0.93308
20830.000000000004	0.934681
20840.0	0.934218
20850.0	0.93452
20860.0	0.935465
20870.000000000004	0.935909
20880.0	0.936163
20890.0	0.936419
20900.0	0.937283
20910.000000000004	0.938753
20920.0	0.939796
20930.0	0.940398
20940.0	0.940522
20950.000000000004	0.941222
20960.0	0.94319
20970.0	0.944588
20980.0	0.944425
20990.000000000004	0.944588
21000.0	0.945295
21010.0	0.947001
21020.0	0.948537
21030.000000000004	0.948959
21040.0	0.949552
21050.0	0.950139
21060.0	0.952097
21070.000000000004	0.952515
21080.0	0.952033
21090.0	0.952517
21100.0	0.953995
21110.000000000004	0.957045
21120.0	0.957997
21130.0	0.958168
21140.0	0.957642
21150.000000000004	0.957961
21160.0	0.957702
21170.0	0.957487
21180.0	0.956883
21190.000000000004	0.956547
21200.0	0.956823
21210.0	0.958099
21220.0	0.958392
21230.000000000004	0.958761
21240.0	0.957047
21250.0	0.957027
21260.0	0.957238
21269.999999999996	0.956791
21280.0	0.95699
21290.0	0.956934
21300.0	0.958921
21309.999999999996	0.95991
21320.0	0.960133
21330.0	0.960828
21340.0	0.961064
21349.999999999996	0.96149
21360.0	0.961741
21370.0	0.962574
21380.0	0.963399
21389.999999999996	0.964236
21400.0	0.96613
21410.0	0.968594
21420.0	0.970564
21429.999999999996	0.970593
21440.0	0.971241
21450.0	0.97209
21460.0	0.973363
21469.999999999996	0.973569
21480.0	0.974173
21490.0	0.975532
21500.0	0.97568
21509.999999999996	0.975107
21520.0	0.974644
21530.0	0.975762
21540.0	0.976733
21549.999999999996	0.975916
21560.0	0.974198
21570.0	0.972045
21580.0	0.970548
21589.999999999996	0.96924
21600.0	0.968302
21610.0	0.966885
21620.0	0.965064
21629.999999999996	0.963474
21640.0	0.961362
21650.0	0.959219
21660.0	0.956702
21669.999999999996	0.954103
21680.0	0.952095
21690.0	0.950609
21700.0	0.949027
21710.0	0.94754
21720.0	0.945977
21730.0	0.945536
21740.0	0.945604
21750.0	0.945519
21760.0	0.944745
21770.0	0.943907
21780.0	0.944261
21790.0	0.944971
21800.0	0.94483
21810.0	0.945149
21820.0	0.945682
21830.0	0.946588
21840.0	0.946434
21850.0	0.946164
21860.0	0.947246
21870.0	0.947575
21880.0	0.947306
21890.0	0.946253
21900.0	0.946796
21910.0	0.948132
21920.0	0.949184
21930.0	0.949726
21940.0	0.950452
21950.0	0.951001
21960.0	0.95215
21970.0	0.95354
21980.0	0.954572
21990.0	0.95601
22000.0	0.956837
22010.0	0.95803
22020.0	0.958796
22030.0	0.960074
22040.0	0.96169
22050.0	0.961746
22060.0	0.960978
22070.0	0.959099
22080.000000000004	0.957229
22090.0	0.954203
22100.0	0.950188
22110.0	0.944972
22120.000000000004	0.93652
22130.0	0.924728
22140.0	0.910481
22150.0	0.893217
22160.000000000004	0.873101
22170.0	0.850282
22180.0	0.823709
22190.0	0.79358
22200.000000000004	0.759849
22210.0	0.723843
22220.0	0.685232
22230.0	0.644153
22240.000000000004	0.599521
22250.0	0.554273
22260.0	0.510364
22270.0	0.469115
22280.000000000004	0.4304
22290.0	0.394334
22300.0	0.360814
22310.0	0.330052
22320.000000000004	0.301474
22330.0	0.275072
22340.0	0.25019
22350.0	0.226851
22360.000000000004	0.205118
22370.0	0.184742
22380.0	0.165602
22390.0	0.147806
22400.000000000004	0.131512
22410.0	0.116603
22420.0	0.103131
22430.0	0.0909174
22440.000000000004	0.0798361
22450.0	0.0699579
22460.0	0.0611935
22470.0	0.0534495
22480.000000000004	0.0466501
22490.0	0.0406929
22500.0	0.0354769
22510.0	0.0309411
22519.999999999996	0.026988
22530.0	0.02354
22540.0	0.0205515
22550.0	0.0179541
22559.999999999996	0.0156925
22570.0	0.0137094
22580.0	0.0119976
22590.0	0.0105029
22599.999999999996	0.00920176
22610.0	0.00807446
22620.0	0.00709316
22630.0	0.00624099
22639.999999999996	0.00549952
22650.0	0.00485384
22660.0	0.00428761
22670.0	0.003797
22679.999999999996	0.00336361
22690.0	0.00298221
22700.0	0.00264892
22710.0	0.0023622
22719.999999999996	0.00211204
22730.0	0.00189091
22740.0	0.0016998
22750.0	0.00153184
22759.999999999996	0.00138349
22770.0	0.00125256
22780.0	0.00113736
22790.0	0.00103782
22799.999999999996	0.000948155
22810.0	0.000865308
22820.0	0.000788279
22830.0	0.000719373
22839.999999999996	0.000658432
22850.0	0.000603524
22860.0	0.000553947
22870.0	0.000510369
22879.999999999996	0.000470498
22890.0	0.000435132
22900.0	0.000402528
22910.0	0.000371676
22919.999999999996	0.000343998
22930.0	0.000317709
22940.0	0.000293717
22950.0	0.000271408
22960.0	0.000250506
22970.0	0.000234211
22980.0	0.000218879
22990.0	0.000205355
23000.0	0.000191862
23010.0	0.000179113
23020.0	0.000167944
23030.0	0.000157374
23040.0	0.000147408
23050.0	0.000136932
23060.0	0.000126984
23070.0	0.000118539
23080.0	0.000110961
23090.0	0.000104781
23100.0	0.000100111
23110.0	9.61812e-05
23120.0	9.09969e-05
23130.0	8.47209e-05
23140.0	8.01332e-05
23150.0	7.73887e-05
23160.0	7.34326e-05
23170.0	6.86103e-05
23180.0	6.39133e-05
23190.0	6.07626e-05
23200.0	5.84665e-05
23210.0	5.66235e-05
23220.0	5.45594e-05
23230.0	5.18349e-05
23240.0	4.86409e-05
23250.0	4.58713e-05
23260.0	4.38329e-05
23270.0	4.20102e-05
23280.0	4.12835e-05
23290.0	3.96116e-05
23300.0	3.81515e-05
23310.0	3.63904e-05
23320.0	3.60986e-05
23330.000000000004	3.55933e-05
23340.0	3.46757e-05
23350.0	3.31517e-05
23360.0	3.20128e-05
23370.000000000004	3.09199e-05
23380.0	3.005e-05
23390.0	2.87128e-05
23400.0	2.80365e-05
23410.000000000004	2.80054e-05
23420.0	2.78005e-05
23430.0	2.74902e-05
23440.0	2.70785e-05
23450.000000000004	2.72898e-05
23460.0	2.69516e-05
23470.0	2.59874e-05
23480.0	2.48658e-05
23490.000000000004	2.42948e-05
23500.0	2.38384e-05
23510.0	2.34331e-05
23520.0	2.38272e-05
23530.000000000004	2.40801e-05
23540.0	2.34069e-05
23550.0	2.24645e-05
23560.0	2.2356e-05
23570.000000000004	2.25052e-05
23580.0	2.26582e-05
23590.0	2.28545e-05
23600.0	2.24829e-05
23610.000000000004	2.1834e-05
23620.0	2.13328e-05
23630.0	2.15751e-05
23640.0	2.14738e-05
23650.000000000004	2.0851e-05
23660.0	2.03587e-05
23670.0	2.01589e-05
23680.0	2.02786e-05
23690.000000000004	2.05541e-05
23700.0	1.9981e-05
23710.0	1.99386e-05
23720.0	1.9772e-05
23730.000000000004	2.00514e-05
23740.0	2.03596e-05
23750.0	2.04981e-05
23760.0	2.04521e-05
23769.999999999996	2.02356e-05
23780.0	2.09401e-05
23790.0	2.16139e-05
23800.0	2.15452e-05
23809.999999999996	2.13206e-05
23820.0	2.10477e-05
23830.0	2.09942e-05
23840.0	2.12137e-05
23849.999999999996	2.18408e-05
23860.0	2.14649e-05
23870.0	2.05819e-05
23880.0	1.93447e-05
23889.999999999996	1.89002e-05
23900.0	2.03224e-05
23910.0	2.19112e-05
23920.0	2.27925e-05
23929.999999999996	2.17488e-05
23940.0	2.09623e-05
23950.0	2.06914e-05
23960.0	1.96835e-05
23969.999999999996	1.82095e-05
23980.0	1.78761e-05
23990.0	1.96315e-05
24000.0	2.13428e-05
24009.999999999996	2.20991e-05
24020.0	2.10512e-05
24030.0	2.03581e-05
24040.0	2.10135e-05
24049.999999999996	2.22335e-05
24060.0	2.24627e-05
24070.0	2.09173e-05
24080.0	2.00658e-05
24089.999999999996	1.8745e-05
24100.0	1.85304e-05
24110.0	1.77013e-05
24120.0	1.87152e-05
24129.999999999996	1.88653e-05
24140.0	1.85152e-05
24150.0	1.85176e-05
24160.0	1.83912e-05
24169.999999999996	1.92181e-05
24180.0	1.94523e-05
24190.0	1.95984e-05
24200.0	1.88875e-05
24210.0	1.79014e-05
24220.0	1.71258e-05
24230.0	1.67637e-05
24240.0	1.63684e-05
24250.0	1.58381e-05
24260.0	1.55941e-05
24270.0	1.52923e-05
24280.0	1.48333e-05
24290.0	1.40678e-05
24300.0	1.38682e-05
24310.0	1.3568e-05
24320.0	1.317e-05
24330.0	1.27388e-05
24340.0	1.2038e-05
24350.0	1.20459e-05
24360.0	1.20925e-05
24370.0	1.23082e-05
24380.0	1.20627e-05
24390.0	1.10739e-05
24400.0	1.02509e-05
24410.0	9.72295e-06
24420.0	9.63766e-06
24430.0	8.94308e-06
24440.0	8.15356e-06
24450.0	7.77466e-06
24460.0	8.18989e-06
24470.0	7.97859e-06
24480.0	7.7298e-06
24490.0	7.57395e-06
24500.0	7.46165e-06
24510.0	7.17653e-06
24520.0	6.78767e-06
24530.0	6.63101e-06
24540.0	6.31207e-06
24550.0	5.7562e-06
24560.0	5.27591e-06
24570.0	4.83862e-06
24580.000000000004	4.69451e-06
24590.0	4.46791e-06
24600.0	4.26272e-06
24610.0	4.35736e-06
24620.000000000004	4.36885e-06
24630.0	4.12519e-06
24640.0	3.8582e-06
24650.0	3.77328e-06
24660.000000000004	3.9356e-06
24670.0	3.69967e-06
24680.0	3.28076e-06
24690.0	2.94478e-06
24700.000000000004	2.84161e-06
24710.0	2.8667e-06
24720.0	2.77406e-06
24730.0	2.58791e-06
24740.000000000004	2.39415e-06
24750.0	2.33608e-06
24760.0	2.21333e-06
24770.0	2.05705e-06
24780.000000000004	1.87437e-06
24790.0	1.77548e-06
24800.0	1.80677e-06
24810.0	1.82483e-06
24820.000000000004	1.78911e-06
24830.0	1.75789e-06
24840.0	1.69989e-06
24850.0	1.62008e-06
24860.000000000004	1.45493e-06
24870.0	1.33384e-06
24880.0	1.3027e-06
24890.0	1.28761e-06
24900.000000000004	1.23541e-06
24910.0	1.12014e-06
24920.0	1.06638e-06
24930.0	1.04275e-06
24940.000000000004	1.03781e-06
24950.0	9.82831e-07
24960.0	9.38948e-07
24970.0	9.19997e-07
24980.000000000004	8.92481e-07
24990.0	8.57581e-07
25000.0	9.38817e-07
25010.0	9.06519e-07
25019.999999999996	8.72427e-07
25030.0	8.61687e-07
25040.0	8.19394e-07
25050.0	7.87529e-07
25059.999999999996	7.69566e-07
25070.0	7.61418e-07
25080.0	7.54977e-07
25090.0	7.27926e-07
25099.999999999996	6.81465e-07
25110.0	6.32236e-07
25120.0	6.0264e-07
25130.0	6.26628e-07
25139.999999999996	6.39324e-07
25150.0	5.99121e-07
25160.0	5.51687e-07
25170.0	5.32066e-07
25179.999999999996	5.49169e-07
25190.0	5.45993e-07
25200.0	5.12344e-07
25210.0	4.71526e-07
25219.999999999996	4.60848e-07
25230.0	4.63592e-07
25240.0	4.62203e-07
25250.0	4.40039e-07
25259.999999999996	4.15419e-07
25270.0	4.01123e-07
25280.0	4.04361e-07
25290.0	4.01817e-07
25299.999999999996	3.92557e-07
25310.0	3.70456e-07
25320.0	3.60634e-07
25330.0	3.50555e-07
25339.999999999996	3.39037e-07
25350.0	3.32592e-07
25360.0	3.2814e-07
25370.0	3.14403e-07
25379.999999999996	3.04399e-07
25390.0	3.17483e-07
25400.0	3.23757e-07
25410.0	3.05606e-07
25419.999999999996	2.63821e-07
25430.0	2.48238e-07
25440.0	2.63622e-07
25450.0	2.84901e-07
25460.0	2.90729e-07
25470.0	2.73697e-07
25480.0	2.59563e-07
25490.0	2.39907e-07
25500.0	2.2714e-07
25510.0	2.18136e-07
25520.0	2.24231e-07
25530.0	2.27702e-07
25540.0	2.23859e-07
25550.0	2.18361e-07
25560.0	2.15232e-07
25570.0	2.13386e-07
25580.0	2.02939e-07
25590.0	1.82449e-07
25600.0	1.71406e-07
25610.0	1.80687e-07
25620.0	2.0044e-07
25630.0	2.02812e-07
25640.0	1.884e-07
25650.0	1.81135e-07
25660.0	1.74687e-07
25670.0	1.68082e-07
25680.0	1.68584e-07
25690.0	1.66684e-07
25700.0	1.62654e-07
25710.0	1.48582e-07
25720.0	1.41661e-07
25730.0	1.384e-07
25740.0	1.34114e-07
25750.0	1.35748e-07
25760.0	1.37632e-07
25770.0	1.3438e-07
25780.0	1.24452e-07
25790.0	1.18152e-07
25800.0	1.12535e-07
25810.0	1.10796e-07
25820.0	1.05593e-07
25830.000000000004	1.08607e-07
25840.0	1.08538e-07
25850.0	1.09373e-07
25860.0	1.02838e-07
25870.000000000004	1.03036e-07
25880.0	1.03659e-07
25890.0	1.06825e-07
25900.0	1.02935e-07
25910.000000000004	9.86066e-08
25920.0	9.70952e-08
25930.0	9.88409e-08
25940.0	9.72384e-08
25950.000000000004	9.0755e-08
25960.0	7.98034e-08
25970.0	6.98851e-08
25980.0	0.000214926
25990.000000000004	0.000207043
26000.0	0.000199163
26010.0	0.000191231
26020.0	0.000183225
26030.000000000004	0.000175223
26040.0	0.000162069
26050.0	0.000146714
26060.0	0.000133283
26070.000000000004	0.000137077
26080.0	0.000140869
26090.0	0.000139088
26100.0	0.000128945
26110.000000000004	0.000118803
26120.0	0.000109811
26130.0	0.000101107
26140.0	9.27176e-05
26150.000000000004	8.71435e-05
26160.0	8.15715e-05
26170.0	7.70797e-05
26180.0	7.36692e-05
26190.000000000004	7.02599e-05
26200.0	6.70852e-05
26210.0	6.3963e-05
26220.0	5.9845e-05
26230.000000000004	5.1738e-05
26240.0	4.36336e-05
26250.0	3.83392e-05
26260.0	3.58506e-05
26269.999999999996	3.33628e-05
26280.0	3.59452e-05
26290.0	3.97914e-05
26300.0	4.35935e-05
26309.999999999996	4.7221e-05
26320.0	5.08465e-05
26330.0	4.86583e-05
26340.0	4.06595e-05
26349.999999999996	3.26671e-05
26360.0	3.07966e-05
26370.0	2.96074e-05
26380.0	2.64513e-05
26389.999999999996	1.54299e-05
26400.0	4.41206e-06
26410.0	0.0
26420.0	0.0
26429.999999999996	0.0
26440.0	0.0
26450.0	0.0
26460.0	0.0
26469.999999999996	0.0
26480.0	0.0
26490.0	0.0
26500.0	0.0
26509.999999999996	0.0
26520.0	0.0
26530.0	0.0
26540.0	0.0
26549.999999999996	0.0
26560.0	0.0
26570.0	0.0
26580.0	0.0
26589.999999999996	0.0
26600.0	0.0
26610.0	0.0
26620.0	0.0
26629.999999999996	0.0
26640.0	0.0
26650.0	0.0
26660.0	0.0
26669.999999999996	0.0
26680.0	0.0
26690.0	0.0
26700.0	0.0
26710.0	0.0
26720.0	0.0
26730.0	0.0
26740.0	0.0
26750.0	0.0
26760.0	0.0
26770.0	0.0
26780.0	0.0
26790.0	0.0
26800.0	0.0
26810.0	0.0
26820.0	0.0
26830.0	0.0
26840.0	0.0
26850.0	0.0
26860.0	0.0
26870.0	0.0
26880.0	0.0
26890.0	0.0
26900.0	0.0
26910.0	0.0
26920.0	0.0
26930.0	0.0
26940.0	0.0
26950.0	0.0
26960.0	0.0
26970.0	0.0
26980.0	0.0
26990.0	0.0
27000.0	0.0
27010.0	0.0
27020.0	0.0
27030.0	0.0
27040.0	0.0
27050.0	0.0
27060.0	0.0
27070.0	0.0
27080.000000000004	0.0
27090.0	0.0
27100.0	0.0
27110.0	0.0
27120.000000000004	0.0
27130.0	0.0
27140.0	0.0
27150.0	0.0
27160.000000000004	0.0
27170.0	0.0
27180.0	0.0
27190.0	0.0
27200.000000000004	0.0
27210.0	0.0
27220.0	0.0
27230.0	6.29371e-08
27240.000000000004	2.43844e-07
27250.0	4.23764e-07
27260.0	3.92109e-07
27270.0	2.70575e-07
27280.000000000004	1.49702e-07
27290.0	2.7371e-07
27300.0	3.97001e-07
27310.0	4.02854e-07
27320.000000000004	2.3127e-07
27330.0	5.97259e-08
27340.0	0.0
27350.0	0.0
27360.000000000004	0.0
27370.0	0.0
27380.0	0.0
27390.0	0.0
27400.000000000004	0.0
27410.0	0.0
27420.0	0.0
27430.0	0.0
27440.000000000004	0.0
27450.0	0.0
27460.0	0.0
27470.0	0.0
27480.000000000004	0.0
27490.0	0.0
27500.0	0.0
27510.0	0.0
27519.999999999996	0.0
27530.0	0.0
27540.0	0.0
27550.0	5.45577e-08
27559.999999999996	1.47047e-07
27570.0	2.39609e-07
27580.0	1.81336e-07
27590.0	8.52416e-08
27599.999999999996	0.0
27610.0	0.0
27620.0	0.0
27630.0	0.0
27639.999999999996	0.0
27650.0	0.0
27660.0	0.0
27670.0	0.0
27679.999999999996	8.75691e-08
27690.0	4.84266e-07
27700.0	8.81176e-07
27710.0	3.65228e-06
27719.999999999996	8.80158e-06
27730.0	1.39536e-05
27740.0	1.03323e-05
27750.0	5.72992e-06
27759.999999999996	2.168e-06
27770.0	2.77556e-06
27780.0	3.38373e-06
27790.0	5.28894e-06
27799.999999999996	8.05991e-06
27810.0	1.08399e-05
27820.0	1.44801e-05
27830.0	1.8222e-05
27839.999999999996	1.98384e-05
27850.0	1.6474e-05
27860.0	1.31035e-05
27870.0	1.44461e-05
27879.999999999996	1.89404e-05
27890.0	2.34428e-05
27900.0	2.63961e-05
27910.0	2.93553e-05
27919.999999999996	3.02246e-05
27930.0	2.62024e-05
27940.0	2.2172e-05
27950.0	2.44497e-05
27960.0	2.94424e-05
27970.0	3.44452e-05
27980.0	3.78202e-05
27990.0	4.12012e-05
28000.0	4.17362e-05
28010.0	3.79666e-05
28020.0	3.41941e-05
28030.0	2.86661e-05
28040.0	2.23817e-05
28050.0	1.60894e-05
28060.0	2.47722e-05
28070.0	3.34638e-05
28080.0	3.99292e-05
28090.0	4.3043e-05
28100.0	4.616e-05
28110.0	4.04858e-05
28120.0	3.10347e-05
28130.0	2.25529e-05
28140.0	2.28616e-05
28150.0	2.31707e-05
28160.0	2.45865e-05
28170.0	2.76653e-05
28180.0	3.07479e-05
28190.0	3.58731e-05
28200.0	4.15132e-05
28210.0	4.62109e-05
28220.0	4.27368e-05
28230.0	3.92651e-05
28240.0	3.84524e-05
28250.0	4.02964e-05
28260.0	4.21387e-05
28270.0	4.2155e-05
28280.0	4.17152e-05
28290.0	4.12181e-05
28300.0	4.04911e-05
28310.0	3.97644e-05
28320.0	3.81059e-05
28330.000000000004	3.55164e-05
28340.0	3.29281e-05
28350.0	3.90432e-05
28360.0	4.61194e-05
28370.000000000004	5.0938e-05
28380.0	4.67343e-05
28390.0	4.25345e-05
28400.0	4.06882e-05
28410.000000000004	4.11924e-05
28420.0	4.1696e-05
28430.0	4.63104e-05
28440.0	5.138e-05
28450.000000000004	5.4402e-05
28460.0	4.92567e-05
28470.0	4.41152e-05
28480.0	4.4108e-05
28490.000000000004	4.75199e-05
28500.0	5.09292e-05
28510.0	5.05626e-05
28520.0	4.97766e-05
28530.000000000004	5.10743e-05
28540.0	5.72326e-05
28550.0	6.33848e-05
28560.0	6.51679e-05
28570.000000000004	6.40424e-05
28580.0	6.29181e-05
28590.0	5.81031e-05
28600.0	5.32916e-05
28610.000000000004	4.99722e-05
28620.0	5.01274e-05
28630.0	5.02826e-05
28640.0	4.91624e-05
28650.000000000004	4.74968e-05
28660.0	4.58324e-05
28670.0	5.49068e-05
28680.0	6.39722e-05
28690.000000000004	6.83773e-05
28700.0	6.57973e-05
28710.0	6.32185e-05
28720.0	6.23103e-05
28730.000000000004	6.21171e-05
28740.0	6.18217e-05
28750.0	6.06071e-05
28760.0	5.93934e-05
28769.999999999996	5.98243e-05
28780.0	6.27191e-05
28790.0	6.56117e-05
28800.0	6.44181e-05
28809.999999999996	6.1484e-05
28820.0	5.9331e-05
28830.0	6.41836e-05
28840.0	6.90351e-05
28849.999999999996	7.37086e-05
28860.0	7.81178e-05
28870.0	8.25262e-05
28880.0	7.88123e-05
28889.999999999996	7.30733e-05
28900.0	6.79396e-05
28910.0	6.82361e-05
28920.0	6.85324e-05
28929.999999999996	6.94736e-05
28940.0	7.10595e-05
28950.0	7.26443e-05
28960.0	7.52906e-05
28969.999999999996	7.8202e-05
28980.0	7.98375e-05
28990.0	7.63794e-05
29000.0	7.29221e-05
29009.999999999996	6.67061e-05
29020.0	5.77323e-05
29030.0	4.87604e-05
29040.0	4.64334e-05
29049.999999999996	4.4844e-05
29060.0	4.4145e-05
29070.0	4.70084e-05
29080.0	4.98699e-05
29089.999999999996	5.19755e-05
29100.0	5.35781e-05
29110.0	5.51827e-05
29120.0	5.58394e-05
29129.999999999996	5.63906e-05
29140.0	5.67453e-05
29150.0	5.63151e-05
29160.0	5.58851e-05
29169.999999999996	5.58736e-05
29180.0	5.61409e-05
29190.0	5.64082e-05
29200.0	5.77522e-05
29210.0	5.92152e-05
29220.0	5.93796e-05
29230.0	5.6514e-05
29240.0	5.36501e-05
29250.0	5.15216e-05
29260.0	4.98826e-05
29270.0	4.82445e-05
29280.0	5.43289e-05
29290.0	6.04112e-05
29300.0	6.32017e-05
29310.0	5.83187e-05
29320.0	5.34375e-05
29330.0	4.96757e-05
29340.0	4.63958e-05
29350.0	4.3117e-05
29360.0	4.74726e-05
29370.0	5.18257e-05
29380.0	5.52931e-05
29390.0	5.74325e-05
29400.0	5.95717e-05
29410.0	6.14632e-05
29420.0	6.32485e-05
29430.0	6.43678e-05
29440.0	5.95051e-05
29450.0	5.4644e-05
29460.0	5.01912e-05
29470.0	4.63521e-05
29480.0	4.25144e-05
29490.0	4.45344e-05
29500.0	4.90664e-05
29510.0	5.32501e-05
29520.0	5.42796e-05
29530.0	5.53093e-05
29540.0	5.48306e-05
29550.0	5.20889e-05
29560.0	4.9347e-05
29570.0	4.96182e-05
29580.000000000004	5.06415e-05
29590.0	5.2314e-05
29600.0	5.98191e-05
29610.0	6.73231e-05
29620.000000000004	7.18945e-05
29630.0	7.35345e-05
29640.0	7.51739e-05
29650.0	7.14498e-05
29660.000000000004	6.63839e-05
29670.0	6.13056e-05
29680.0	5.61705e-05
29690.0	5.10348e-05
29700.000000000004	4.83762e-05
29710.0	4.8193e-05
29720.0	4.80097e-05
29730.0	5.03909e-05
29740.000000000004	5.30565e-05
29750.0	5.57621e-05
29760.0	5.863e-05
29770.0	6.14968e-05
29780.000000000004	5.94135e-05
29790.0	5.40317e-05
29800.0	4.86519e-05
29810.0	4.79989e-05
29820.000000000004	4.78718e-05
29830.0	4.88393e-05
29840.0	5.41834e-05
29850.0	5.95266e-05
29860.000000000004	6.18764e-05
29870.0	6.22298e-05
29880.0	6.25832e-05
29890.0	6.32664e-05
29900.000000000004	6.3986e-05
29910.0	6.41374e-05
29920.0	6.2963e-05
29930.0	6.1789e-05
29940.000000000004	6.10209e-05
29950.0	6.05231e-05
29960.0	6.00252e-05
29970.0	5.93176e-05
29980.000000000004	5.861e-05
29990.0	5.95053e-05
30000.0	6.41374e-05
30010.0	6.87687e-05
30019.999999999996	6.78673e-05
30030.0	6.45942e-05
30040.0	6.13216e-05
30050.0	5.85254e-05
30059.999999999996	5.57302e-05
30070.0	5.53601e-05
30080.0	5.86291e-05
30090.0	6.18983e-05
30099.999999999996	6.22727e-05
30110.0	6.14074e-05
30120.0	6.00856e-05
30130.0	5.46625e-05
30139.999999999996	4.92402e-05
30150.0	4.43278e-05
30160.0	4.01825e-05
30170.0	3.60378e-05
30179.999999999996	3.87764e-05
30190.0	4.32367e-05
30200.0	4.70579e-05
30210.0	4.51474e-05
30219.999999999996	4.32372e-05
30230.0	4.03107e-05
30240.0	3.58586e-05
30250.0	3.1407e-05
30259.999999999996	2.7671e-05
30270.0	2.41144e-05
30280.0	2.14906e-05
30290.0	2.72461e-05
30299.999999999996	3.29996e-05
30310.0	3.9242e-05
30320.0	4.59748e-05
30330.0	5.27035e-05
30339.999999999996	5.3437e-05
30350.0	5.26717e-05
30360.0	5.23104e-05
30370.0	5.35629e-05
30379.999999999996	5.48153e-05
30390.0	5.67398e-05
30400.0	5.93363e-05
30410.0	6.19319e-05
30419.999999999996	5.8513e-05
30430.0	5.44273e-05
30440.0	5.04172e-05
30450.0	4.67046e-05
30460.0	4.29943e-05
30470.0	3.9094e-05
30480.0	3.50667e-05
30490.0	3.10418e-05
30500.0	2.75653e-05
30510.0	2.41502e-05
30520.0	2.40342e-05
30530.0	3.16034e-05
30540.0	3.917e-05
30550.0	4.32059e-05
30560.0	4.48872e-05
30570.0	4.6568e-05
30580.0	4.48591e-05
30590.0	4.27742e-05
30600.0	4.01886e-05
30610.0	3.64389e-05
30620.0	3.26901e-05
30630.0	3.24354e-05
30640.0	3.45086e-05
30650.0	3.65823e-05
30660.0	3.87441e-05
30670.0	4.0906e-05
30680.0	4.30341e-05
30690.0	4.50819e-05
30700.0	4.71297e-05
30710.0	4.7053e-05
30720.0	4.60654e-05
30730.0	4.50778e-05
30740.0	4.98465e-05
30750.0	5.46164e-05
30760.0	5.6922e-05
30770.0	5.55307e-05
30780.0	5.41391e-05
30790.0	5.40708e-05
30800.0	5.45693e-05
30810.0	5.49693e-05
30820.0	5.44832e-05
30830.000000000004	5.3997e-05
30840.0	5.33356e-05
30850.0	5.24116e-05
30860.0	5.14876e-05
30870.000000000004	5.0273e-05
30880.0	4.89854e-05
30890.0	4.80958e-05
30900.0	5.078e-05
30910.000000000004	5.34649e-05
30920.0	5.56789e-05
30930.0	5.71873e-05
30940.0	5.8696e-05
30950.000000000004	6.01228e-05
30960.0	6.15292e-05
30970.0	6.20957e-05
30980.0	5.50927e-05
30990.000000000004	4.80913e-05
31000.0	4.49897e-05
31010.0	4.57878e-05
31020.0	4.65858e-05
31030.000000000004	4.94633e-05
31040.0	5.28616e-05
31050.0	5.47213e-05
31060.0	5.04317e-05
31070.000000000004	4.6141e-05
31080.0	4.23769e-05
31090.0	3.91382e-05
31100.0	3.58994e-05
31110.000000000004	4.20038e-05
31120.0	4.9146e-05
31130.0	5.45591e-05
31140.0	5.30472e-05
31150.000000000004	5.15357e-05
31160.0	5.27e-05
31170.0	5.56478e-05
31180.0	5.85949e-05
31190.000000000004	5.35751e-05
31200.0	4.76687e-05
31210.0	4.19194e-05
31220.0	3.65414e-05
31230.000000000004	3.11633e-05
31240.0	3.2575e-05
31250.0	3.85127e-05
31260.0	4.44503e-05
31269.999999999996	4.38173e-05
31280.0	4.31844e-05
31290.0	4.22057e-05
31300.0	4.04195e-05
31309.999999999996	3.86338e-05
31320.0	3.71767e-05
31330.0	3.59385e-05
31340.0	3.47e-05
31349.999999999996	3.82836e-05
31360.0	4.18673e-05
31370.0	4.40901e-05
31380.0	4.31376e-05
31389.999999999996	4.21851e-05
31400.0	4.00476e-05
31410.0	3.74027e-05
31420.0	3.47578e-05
31429.999999999996	3.89741e-05
31440.0	4.31913e-05
31450.0	4.23729e-05
31460.0	3.39978e-05
31469.999999999996	2.56207e-05
31480.0	1.98677e-05
31490.0	1.52382e-05
31500.0	1.18413e-05
31509.999999999996	1.95308e-05
31520.0	2.72203e-05
31530.0	3.19723e-05
31540.0	3.23153e-05
31549.999999999996	3.26582e-05
31560.0	2.87618e-05
31570.0	2.3804e-05
31580.0	1.93479e-05
31589.999999999996	1.93892e-05
31600.0	1.94305e-05
31610.0	1.93579e-05
31620.0	1.91714e-05
31629.999999999996	1.89848e-05
31640.0	1.41547e-05
31650.0	8.16518e-06
31660.0	2.77909e-06
31669.999999999996	2.82991e-06
31680.0	2.88071e-06
31690.0	2.57285e-06
31700.0	1.90617e-06
31710.0	1.23964e-06
31720.0	1.00216e-06
31730.0	8.71949e-07
31740.0	1.14029e-06
31750.0	3.00228e-06
31760.0	4.86472e-06
31770.0	5.16702e-06
31780.0	3.90964e-06
31790.0	2.65225e-06
31800.0	1.73101e-06
31810.0	8.47404e-07
31820.0	3.9986e-07
31830.0	1.69895e-06
31840.0	2.99773e-06
31850.0	5.9591e-06
31860.0	1.00292e-05
31870.0	1.40983e-05
31880.0	1.02481e-05
31890.0	5.51663e-06
31900.0	3.65634e-06
31910.0	8.49323e-06
31920.0	1.33301e-05
31930.0	1.56998e-05
31940.0	1.64238e-05
31950.0	1.71477e-05
31960.0	1.98542e-05
31970.0	2.256e-05
31980.0	2.49431e-05
31990.0	2.65729e-05
32000.0	2.8203e-05
32010.0	2.29289e-05
32020.0	1.30549e-05
32030.0	3.17856e-06
32040.0	3.4507e-06
32050.0	3.72283e-06
32060.0	4.61291e-06
32070.0	6.94329e-06
32080.000000000004	9.27369e-06
32090.0	1.12447e-05
32100.0	1.3061e-05
32110.0	1.48773e-05
32120.000000000004	1.5906e-05
32130.0	1.69349e-05
32140.0	1.79814e-05
32150.0	1.90547e-05
32160.000000000004	2.01282e-05
32170.0	2.04679e-05
32180.0	2.04933e-05
32190.0	1.97587e-05
32200.000000000004	1.21945e-05
32210.0	4.63038e-06
32220.0	6.71037e-07
32230.0	2.12245e-06
32240.000000000004	3.57352e-06
32250.0	6.46394e-06
32260.0	9.71508e-06
32270.0	1.28733e-05
32280.000000000004	1.52037e-05
32290.0	1.75346e-05
32300.0	2.05406e-05
32310.0	2.42233e-05
32320.000000000004	2.79073e-05
32330.0	2.75726e-05
32340.0	2.62346e-05
32350.0	2.46796e-05
32360.000000000004	2.11703e-05
32370.0	1.76616e-05
32380.0	1.48965e-05
32390.0	1.28749e-05
32400.000000000004	1.08536e-05
32410.0	8.79768e-06
32420.0	6.7325e-06
32430.0	4.70925e-06
32440.000000000004	2.8523e-06
32450.0	9.95176e-07
32460.0	4.74443e-07
32470.0	1.29119e-06
32480.000000000004	2.10802e-06
32490.0	4.67184e-06
32500.0	7.42961e-06
32510.0	8.92843e-06
32519.999999999996	5.38344e-06
32530.0	1.83894e-06
32540.0	3.29715e-07
32550.0	1.76644e-07
32559.999999999996	2.35945e-08
32570.0	0.0
32580.0	0.0
32590.0	0.0
32599.999999999996	0.0
32610.0	0.0
32620.0	0.0
32630.0	0.0
32639.999999999996	0.0
32650.0	0.0
32660.0	0.0
32670.0	1.11339e-08
32679.999999999996	2.06782e-08
32690.0	3.02258e-08
32700.0	2.4973e-06
32710.0	6.01767e-06
32719.999999999996	9.53923e-06
32730.0	9.97484e-06
32740.0	1.04105e-05
32750.0	1.10318e-05
32759.999999999996	1.20857e-05
32770.0	1.31397e-05
32780.0	1.33257e-05
32790.0	1.31394e-05
32800.0	1.29531e-05
32810.0	8.01681e-06
32820.0	3.07888e-06
32830.0	9.99546e-08
32840.0	6.01015e-08
32850.0	2.02349e-08
32860.0	0.0
32870.0	0.0
32880.0	0.0
32890.0	0.0
32900.0	0.0
32910.0	0.0
32920.0	0.0
32930.0	0.0
32940.0	0.0
32950.0	0.0
32960.0	0.0
32970.0	0.0
32980.0	0.0
32990.0	0.0
33000.0	0.0
33010.0	0.0
33020.0	0.0
33030.0	0.0
33040.0	2.85874e-07
33050.0	1.67528e-06
33060.0	3.064e-06
33070.0	3.15715e-06
33080.0	1.95497e-06
33090.0	7.53393e-07
33100.0	3.5772e-07
33110.0	1.63537e-07
33120.0	0.0
33130.0	0.0
33140.0	0.0
33150.0	0.0
33160.0	0.0
33170.0	0.0
33180.0	0.0
33190.0	0.0
33200.0	0.0
33210.0	0.0
33220.0	0.0
33230.0	0.0
33240.0	0.0
33250.0	0.0
33260.0	0.0
33270.0	0.0
33280.0	0.0
33290.0	0.0
33300.0	0.0
33310.0	0.0
33320.0	0.0
33330.0	0.0
33340.0	0.0
33350.0	0.0
33360.0	0.0
33370.0	0.0
33380.0	0.0
33390.0	0.0
33400.0	0.0
33410.0	0.0
33420.0	0.0
33430.0	0.0
33440.0	0.0
33450.0	0.0
33460.0	0.0
33470.0	7.59489e-07
33480.0	1.83302e-06
33490.0	2.90601e-06
33500.0	1.79141e-06
33510.0	6.76835e-07
33520.0	0.0
33530.0	0.0
33540.0	0.0
33550.0	0.0
33560.0	0.0
33570.0	0.0
33580.0	0.0
33590.0	0.0
33600.0	0.0
33610.0	0.0
33620.0	0.0
33630.0	0.0
33640.0	0.0
33650.0	0.0
33660.0	0.0
33670.0	0.0
33680.0	0.0
33690.0	0.0
33700.0	0.0
33710.0	1.06722e-07
33720.0	2.29804e-07
33730.0	3.04576e-07
33740.0	1.85987e-07
33750.0	6.74572e-08
33760.0	0.0
33770.0	0.0
33780.0	0.0
33790.0	0.0
33800.0	0.0
33810.0	0.0
33820.0	0.0
33830.0	0.0
33840.0	0.0
33850.0	0.0
33860.0	0.0
33870.0	0.0
33880.0	0.0
33890.0	0.0
33900.0	0.0
33910.0	0.0
33920.0	0.0
33930.0	0.0
33940.0	0.0
33950.0	0.0
33960.0	0.0
33970.0	0.0
33980.0	0.0
33990.0	0.0
34000.0	0.0
34010.0	0.0
34020.0	0.0
34030.0	0.0
34040.0	0.0
34050.0	0.0
34060.0	0.0
34070.0	0.0
34080.0	0.0
34090.0	0.0
34100.0	0.0
34110.0	0.0
34120.0	0.0
34130.0	0.0
34140.0	0.0
34150.0	0.0
34160.0	0.0
34170.0	0.0
34180.0	0.0
34190.0	0.0
34200.0	0.0
34210.0	0.0
34220.0	0.0
34230.0	0.0
34240.0	0.0
34250.0	0.0
34260.0	0.0
34270.0	0.0
34280.0	0.0
34290.0	0.0
34300.0	0.0
34310.0	0.0
34320.0	0.0
34330.0	0.0
34340.0	0.0
34350.0	0.0
34360.0	0.0
34370.0	0.0
34380.0	0.0
34390.0	0.0
34400.0	0.0
34410.0	0.0
34420.0	0.0
34430.0	0.0
34440.0	0.0
34450.0	0.0
34460.0	0.0
34470.0	0.0
34480.0	0.0
34490.0	0.0
34500.0	0.0
34510.0	0.0
34520.0	0.0
34530.0	0.0
34540.0	0.0
34550.0	0.0
34560.0	0.0
34570.0	0.0
34580.0	0.0
34590.0	0.0
34600.0	0.0
34610.0	0.0
34620.0	0.0
34630.0	0.0
34640.0	0.0
34650.0	0.0
34660.0	0.0
34670.0	0.0
34680.0	0.0
34690.0	0.0
34700.0	0.0
34710.0	0.0
34720.0	0.0
34730.0	0.0
34740.0	0.0
34750.0	0.0
34760.0	0.0
34770.0	0.0
34780.0	0.0
34790.0	0.0
34800.0	0.0
34810.0	0.0
34820.0	0.0
34830.0	0.0
34840.0	0.0
34850.0	0.0
34860.0	0.0
34870.0	0.0
34880.0	0.0
34890.0	0.0
34900.0	0.0
34910.0	0.0
34920.0	0.0
34930.0	0.0
34940.0	0.0
34950.0	0.0
34960.0	0.0
34970.0	0.0
34980.0	0.0
34990.0	0.0
35000.0	0.0
35010.0	0.0
35020.0	0.0
35030.0	0.0
35040.0	0.0
35050.0	0.0
35060.0	0.0
35070.0	0.0
35080.0	0.0
35090.0	0.0
35100.0	0.0
35110.0	0.0
35120.0	0.0
35130.0	0.0
35140.0	0.0
35150.0	0.0
35160.0	0.0
35170.0	0.0
35180.0	0.0
35190.0	0.0
35200.0	0.0
35210.0	0.0
35220.0	0.0
35230.0	0.0
35240.0	0.0
35250.0	0.0
35260.0	0.0
35270.0	0.0
35280.0	0.0
35290.0	0.0
35300.0	0.0
35310.0	0.0
35320.0	0.0
35330.0	0.0
35340.0	0.0
35350.0	0.0
35360.0	0.0
35370.0	0.0
35380.0	0.0
35390.0	0.0
35400.0	0.0
35410.0	0.0
35420.0	0.0
35430.0	0.0
35440.0	0.0
35450.0	0.0
35460.0	0.0
35470.0	0.0
35480.0	0.0
35490.0	0.0
35500.0	0.0
35510.0	0.0
35520.0	0.0
35530.0	0.0
35540.0	0.0
35550.0	0.0
35560.0	0.0
35570.0	0.0
35580.0	0.0
35590.0	0.0
35600.0	0.0
35610.0	0.0
35620.0	0.0
35630.0	0.0
35640.0	1.21169e-08
35650.0	2.04288e-08
35660.0	2.8701e-08
35670.0	2.93087e-08
35680.0	1.849e-08
35690.0	0.0
35700.0	0.0
35710.0	0.0
35720.0	0.0
35730.0	0.0
35740.0	0.0
35750.0	8.90309e-08
35760.0	2.55498e-07
35770.0	4.21191e-07
35780.0	3.23964e-07
35790.0	1.61832e-07
35800.0	3.06111e-08
35810.0	2.04919e-08
35820.0	1.04224e-08
35830.0	0.0
35840.0	0.0
35850.0	0.0
35860.0	0.0
35870.0	0.0
35880.0	0.0
35890.0	0.0
35900.0	0.0
35910.0	0.0
35920.0	0.0
35930.0	0.0
35940.0	0.0
35950.0	0.0
35960.0	0.0
35970.0	0.0
35980.0	0.0
35990.0	0.0
36000.0	0.0
36010.0	0.0
36020.0	0.0
36030.0	0.0
36040.0	0.0
36050.0	0.0
36060.0	0.0
36070.0	3.21306e-08
36080.0	7.69892e-08
36090.0	1.21622e-07
36100.0	1.56648e-06
36110.0	3.00439e-06
36120.0	3.55083e-06
36130.0	2.03693e-06
36140.0	5.30316e-07
36150.0	1.34204e-07
36160.0	2.11295e-07
36170.0	2.88008e-07
36180.0	7.90153e-07
36190.0	1.28971e-06
36200.0	1.35533e-06
36210.0	7.74731e-07
36220.0	1.97259e-07
36230.0	1.33675e-07
36240.0	2.89041e-07
36250.0	5.40371e-07
36260.0	1.65806e-06
36270.0	2.77013e-06
36280.0	3.4102e-06
36290.0	3.3495e-06
36300.0	3.28906e-06
36310.0	2.38617e-06
36320.0	1.13127e-06
36330.0	9.04779e-08
36340.0	8.97972e-07
36350.0	1.69936e-06
36360.0	1.90199e-06
36370.0	1.21644e-06
36380.0	5.36078e-07
36390.0	2.82433e-07
36400.0	1.35692e-07
36410.0	0.0
36420.0	0.0
36430.0	0.0
36440.0	0.0
36450.0	0.0
36460.0	0.0
36470.0	5.70496e-07
36480.0	1.26729e-06
36490.0	2.06505e-06
36500.0	3.28115e-06
36510.0	4.48744e-06
36520.0	4.50526e-06
36530.0	3.34821e-06
36540.0	2.20041e-06
36550.0	1.38727e-06
36560.0	6.16613e-07
36570.0	0.0
36580.0	0.0
36590.0	0.0
36600.0	0.0
36610.0	0.0
36620.0	0.0
36630.0	0.0
36640.0	0.0
36650.0	0.0
36660.0	0.0
36670.0	0.0
36680.0	0.0
36690.0	0.0
36700.0	0.0
36710.0	0.0
36720.0	0.0
36730.0	0.0
36740.0	0.0
36750.0	0.0
36760.0	0.0
36770.0	0.0
36780.0	0.0
36790.0	0.0
36800.0	0.0
36810.0	1.1876e-08
36820.0	2.52909e-08
36830.0	3.85866e-08
36840.0	5.16231e-07
36850.0	1.1876e-06
36860.0	1.85292e-06
36870.0	2.56391e-06
36880.0	3.26821e-06
36890.0	3.36e-06
36900.0	2.54557e-06
36910.0	1.73886e-06
36920.0	1.25224e-06
36930.0	9.03527e-07
36940.0	5.72545e-07
36950.0	3.73203e-07
36960.0	1.75712e-07
36970.0	4.96513e-08
36980.0	2.85912e-08
36990.0	0.0
37000.0	1.52199e-08
37010.0	2.96478e-08
37020.0	4.26409e-08
37030.0	4.37637e-08
37040.0	4.48749e-08
37050.0	3.90043e-08
37060.0	2.2763e-08
37070.0	0.0
37080.0	0.0
37090.0	0.0
37100.0	0.0
37110.0	4.51829e-08
37120.0	8.27851e-08
37130.0	7.68652e-07
37140.0	2.09397e-06
37150.0	3.40721e-06
37160.0	3.40717e-06
37170.0	3.08318e-06
37180.0	2.74648e-06
37190.0	2.35066e-06
37200.0	1.9585e-06
37210.0	2.0298e-06
37220.0	2.55808e-06
37230.0	3.08142e-06
37240.0	4.64205e-06
37250.0	6.30315e-06
37260.0	7.61198e-06
37270.0	7.56812e-06
37280.0	7.52433e-06
37290.0	7.16558e-06
37300.0	6.60112e-06
37310.0	6.04186e-06
37320.0	5.94892e-06
37330.0	5.90769e-06
37340.0	5.8969e-06
37350.0	5.95635e-06
37360.0	6.01493e-06
37370.0	6.30661e-06
37380.0	6.75014e-06
37390.0	7.18893e-06
37400.0	7.13246e-06
37410.0	7.02204e-06
37420.0	6.86004e-06
37430.0	6.57804e-06
37440.0	6.29861e-06
37450.0	5.9109e-06
37460.0	5.45337e-06
37470.0	5.00047e-06
37480.0	4.30788e-06
37490.0	3.62228e-06
37500.0	2.97302e-06
37510.0	2.36901e-06
37520.0	1.78446e-06
37530.0	1.20655e-06
37540.0	6.43213e-07
37550.0	1.00035e-07
37560.0	6.52242e-08
37570.0	3.1695e-08
37580.0	2.15108e-07
37590.0	7.08304e-07
37600.0	1.1808e-06
37610.0	1.56099e-06
37620.0	1.89534e-06
37630.0	2.26474e-06
37640.0	2.96877e-06
37650.0	3.66757e-06
37660.0	4.08014e-06
37670.0	4.06979e-06
37680.0	4.05941e-06
37690.0	4.33187e-06
37700.0	4.67248e-06
37710.0	5.05025e-06
37720.0	5.7834e-06
37730.0	6.5105e-06
37740.0	6.44653e-06
37750.0	5.20873e-06
37760.0	3.98079e-06
37770.0	2.62163e-06
37780.0	1.23776e-06
37790.0	0.0
37800.0	0.0
37810.0	0.0
37820.0	0.0
37830.0	0.0
37840.0	0.0
37850.0	2.64506e-07
37860.0	5.9183e-07
37870.0	9.77203e-07
37880.0	1.59673e-06
37890.0	2.21492e-06
37900.0	2.31873e-06
37910.0	1.90961e-06
37920.0	1.50117e-06
37930.0	1.7227e-06
37940.0	2.01375e-06
37950.0	2.29402e-06
37960.0	2.53257e-06
37970.0	2.77065e-06
37980.0	2.83365e-06
37990.0	2.78018e-06
38000.0	2.72681e-06
38010.0	2.61348e-06
38020.0	2.49372e-06
38030.0	2.44969e-06
38040.0	2.58179e-06
38050.0	2.71367e-06
38060.0	2.97644e-06
38070.0	3.32601e-06
38080.0	3.67499e-06
38090.0	3.81918e-06
38100.0	3.96307e-06
38110.0	4.05574e-06
38120.0	4.02944e-06
38130.0	4.00319e-06
38140.0	3.90979e-06
38150.0	3.77182e-06
38160.0	3.63414e-06
38170.0	3.55001e-06
38180.0	3.46602e-06
38190.0	3.57182e-06
38200.0	4.11897e-06
38210.0	4.66518e-06
38220.0	4.96554e-06
38230.0	5.16058e-06
38240.0	5.35523e-06
38250.0	3.81883e-06
38260.0	2.2858e-06
38270.0	1.1646e-06
38280.0	6.58469e-07
38290.0	1.53454e-07
38300.0	0.0
38310.0	0.0
38320.0	0.0
38330.0	0.0
38340.0	0.0
38350.0	6.05884e-08
38360.0	2.06817e-07
38370.0	3.52754e-07
38380.0	1.22012e-06
38390.0	2.26575e-06
38400.0	3.25035e-06
38410.0	3.70254e-06
38420.0	4.15372e-06
38430.0	4.01738e-06
38440.0	3.2951e-06
38450.0	2.57444e-06
38460.0	2.16957e-06
38470.0	1.84405e-06
38480.0	1.57288e-06
38490.0	1.78516e-06
38500.0	1.997e-06
38510.0	2.4431e-06
38520.0	3.12264e-06
38530.0	3.8008e-06
38540.0	4.34434e-06
38550.0	4.85333e-06
38560.0	5.22694e-06
38570.0	5.06229e-06
38580.0	4.898e-06
38590.0	4.66488e-06
38600.0	4.36314e-06
38610.0	4.06192e-06
38620.0	3.85378e-06
38630.0	3.65632e-06
38640.0	3.60391e-06
38650.0	4.12973e-06
38660.0	4.65447e-06
38670.0	4.99125e-06
38680.0	5.20273e-06
38690.0	5.41376e-06
38700.0	5.64953e-06
38710.0	5.88765e-06
38720.0	6.1016e-06
38730.0	6.26002e-06
38740.0	6.41815e-06
38750.0	6.37437e-06
38760.0	6.19654e-06
38770.0	6.01902e-06
38780.0	6.23007e-06
38790.0	6.44066e-06
38800.0	6.48089e-06
38810.0	6.12813e-06
38820.0	5.77575e-06
38830.0	5.45249e-06
38840.0	5.14863e-06
38850.0	4.84518e-06
38860.0	4.94301e-06
38870.0	5.04076e-06
38880.0	5.18602e-06
38890.0	5.44213e-06
38900.0	5.69803e-06
38910.0	5.93385e-06
38920.0	6.16097e-06
38930.0	6.38783e-06
38940.0	6.31004e-06
38950.0	6.23235e-06
38960.0	5.92173e-06
38970.0	5.26177e-06
38980.0	4.6027e-06
38990.0	4.55007e-06
39000.0	4.75693e-06
39010.0	4.93222e-06
39020.0	4.8263e-06
39030.0	4.72047e-06
39040.0	4.60137e-06
39050.0	4.46231e-06
39060.0	4.3234e-06
39070.0	3.90815e-06
39080.0	3.4244e-06
39090.0	2.98416e-06
39100.0	2.93025e-06
39110.0	2.87641e-06
39120.0	3.05849e-06
39130.0	3.47622e-06
39140.0	3.89337e-06
39150.0	4.25782e-06
39160.0	4.6088e-06
39170.0	4.83729e-06
39180.0	4.57717e-06
39190.0	4.31735e-06
39200.0	4.11339e-06
39210.0	3.96533e-06
39220.0	3.81744e-06
39230.0	3.69033e-06
39240.0	3.56856e-06
39250.0	3.5257e-06
39260.0	3.79827e-06
39270.0	4.07046e-06
39280.0	3.99991e-06
39290.0	3.58721e-06
39300.0	3.17488e-06
39310.0	2.94493e-06
39320.0	2.73545e-06
39330.0	2.5269e-06
39340.0	2.32153e-06
39350.0	2.1164e-06
39360.0	1.59595e-06
39370.0	8.66044e-07
39380.0	1.36972e-07
39390.0	4.24848e-08
39400.0	1.85882e-08
39410.0	0.0
39420.0	0.0
39430.0	0.0
39440.0	0.0
39450.0	0.0
39460.0	0.0
39470.0	0.0
39480.0	0.0
39490.0	0.0
39500.0	0.0
39510.0	0.0
39520.0	7.54435e-08
39530.0	1.80502e-07
39540.0	2.85414e-07
39550.0	7.56859e-07
39560.0	1.22787e-06
39570.0	1.38204e-06
39580.0	7.99364e-07
39590.0	2.17218e-07
39600.0	3.21533e-08
39610.0	1.69989e-08
39620.0	0.0
39630.0	0.0
39640.0	0.0
39650.0	0.0
39660.0	0.0
39670.0	0.0
39680.0	2.77406e-07
39690.0	6.65541e-07
39700.0	9.94283e-07
39710.0	7.93088e-07
39720.0	5.92064e-07
39730.0	3.99737e-07
39740.0	2.20469e-07
39750.0	4.1354e-08
39760.0	0.0
39770.0	0.0
39780.0	0.0
39790.0	0.0
39800.0	0.0
39810.0	0.0
39820.0	0.0
39830.0	0.0
39840.0	0.0
39850.0	0.0
39860.0	0.0
39870.0	0.0
39880.0	0.0
39890.0	3.82439e-07
39900.0	1.13948e-06
39910.0	1.89587e-06
39920.0	1.95047e-06
39930.0	1.82981e-06
39940.0	1.7992e-06
39950.0	2.12874e-06
39960.0	2.45806e-06
39970.0	2.83733e-06
39980.0	3.26654e-06
39990.0	3.69549e-06
40000.0	4.18397e-06
40010.0	4.67871e-06
40020.0	5.17838e-06
40030.0	5.69909e-06
40039.99999999999	6.21959e-06
40050.0	6.43299e-06
40060.0	6.44235e-06
40070.0	6.4517e-06
40080.0	6.25724e-06
40090.0	6.04029e-06
40100.0	6.06145e-06
40110.0	6.63674e-06
40119.99999999999	7.21152e-06
40130.0	7.40263e-06
40140.0	7.33865e-06
40150.0	7.27471e-06
40160.0	7.43822e-06
40170.0	7.60167e-06
40180.0	7.86275e-06
40190.0	8.35136e-06
40199.99999999999	8.83955e-06
40210.0	9.47047e-06
40220.0	1.01622e-05
40230.0	1.08532e-05
40240.0	1.16431e-05
40250.0	1.24318e-05
40260.0	1.30469e-05
40270.0	1.32579e-05
40279.99999999999	1.34687e-05
40290.0	1.3252e-05
40300.0	1.28518e-05
40310.0	1.24523e-05
40320.0	1.22715e-05
40330.0	1.20908e-05
40340.0	1.19438e-05
40350.0	1.18473e-05
40359.99999999999	1.17508e-05
40370.0	1.18475e-05
40380.0	1.20269e-05
40390.0	1.22283e-05
40400.0	1.26292e-05
40410.00000000001	1.30297e-05
40420.0	1.32029e-05
40430.0	1.30349e-05
40439.99999999999	1.28671e-05
40450.0	1.24038e-05
40460.0	1.1867e-05
40470.0	1.12987e-05
40480.0	1.04438e-05
40490.00000000001	9.58977e-06
40500.0	9.04386e-06
40510.0	8.80622e-06
40519.99999999999	8.56879e-06
40530.0	8.71395e-06
40540.0	8.95442e-06
40550.0	9.19221e-06
40560.0	9.42003e-06
40570.00000000001	9.64755e-06
40580.0	9.54207e-06
40590.0	9.10437e-06
40599.99999999999	8.66705e-06
40610.0	8.60323e-06
40620.0	8.58096e-06
40630.0	8.56081e-06
40640.0	8.5491e-06
40650.00000000001	8.53741e-06
40660.0	8.63484e-06
40670.0	8.84116e-06
40679.99999999999	9.04729e-06
40690.0	9.25276e-06
40700.0	9.45808e-06
40710.0	9.64058e-06
40720.0	9.74703e-06
40730.00000000001	9.85329e-06
40740.0	9.97567e-06
40750.0	1.01087e-05
40759.99999999999	1.02416e-05
40770.0	1.00685e-05
40780.0	9.86192e-06
40790.0	9.55837e-06
40800.0	9.02848e-06
40810.00000000001	8.49945e-06
40820.0	8.12849e-06
40830.0	7.86279e-06
40839.99999999999	7.59763e-06
40850.0	7.12203e-06
40860.0	6.64719e-06
40870.0	6.11131e-06
40880.0	5.43212e-06
40890.00000000001	4.75373e-06
40900.0	4.37392e-06
40910.0	4.12195e-06
40920.0	3.87039e-06
40930.0	3.97484e-06
40940.0	4.07912e-06
40950.0	4.08964e-06
40960.0	3.9596e-06
40970.00000000001	3.82984e-06
40980.0	3.53861e-06
40990.0	3.17881e-06
41000.0	2.81959e-06
41010.0	2.72358e-06
41020.0	2.62768e-06
41030.0	2.83003e-06
41040.0	3.47856e-06
41050.00000000001	4.126e-06
41060.0	4.90658e-06
41070.0	5.74332e-06
41080.0	6.42829e-06
41090.0	5.76181e-06
41100.0	5.09676e-06
41110.0	4.5489e-06
41120.0	4.17585e-06
41130.00000000001	3.80342e-06
41140.0	3.66212e-06
41150.0	3.57873e-06
41160.0	3.51293e-06
41170.0	3.60434e-06
41180.0	3.69558e-06
41190.0	3.86335e-06
41200.0	4.1075e-06
41210.00000000001	4.35124e-06
41220.0	4.56467e-06
41230.0	4.77014e-06
41240.0	4.94731e-06
41250.0	5.01268e-06
41260.0	5.07792e-06
41270.0	5.18758e-06
41280.0	5.34158e-06
41289.99999999999	5.49539e-06
41300.0	5.68744e-06
41310.0	5.88345e-06
41320.0	6.01607e-06
41330.0	5.897e-06
41340.0	5.77811e-06
41350.0	5.65298e-06
41360.0	5.52174e-06
41369.99999999999	5.39071e-06
41380.0	5.23952e-06
41390.0	5.08631e-06
41400.0	4.96235e-06
41410.0	4.95421e-06
41420.0	4.94608e-06
41430.0	4.90581e-06
41440.0	4.84422e-06
41449.99999999999	4.78272e-06
41460.0	4.33103e-06
41470.0	3.83671e-06
41480.0	3.25623e-06
41490.0	2.47297e-06
41500.0	1.69145e-06
41510.0	1.39829e-06
41520.0	1.42951e-06
41529.99999999999	1.46067e-06
41540.0	1.82375e-06
41550.0	2.18636e-06
41560.0	2.61532e-06
41570.0	3.20012e-06
41580.0	3.78389e-06
41590.0	3.92824e-06
41600.0	3.88465e-06
41609.99999999999	3.84113e-06
41620.0	3.5514e-06
41630.0	3.26232e-06
41640.0	3.21172e-06
41650.0	3.51772e-06
41660.00000000001	3.82319e-06
41670.0	4.05783e-06
41680.0	4.26207e-06
41689.99999999999	4.46584e-06
41700.0	4.24463e-06
41710.0	4.0238e-06
41720.0	3.79478e-06
41730.0	3.5533e-06
41740.00000000001	3.31225e-06
41750.0	3.18955e-06
41760.0	3.11759e-06
41769.99999999999	3.09149e-06
41780.0	3.47598e-06
41790.0	3.85977e-06
41800.0	4.39709e-06
41810.0	5.1653e-06
41820.00000000001	5.93177e-06
41830.0	6.64132e-06
41840.0	7.33571e-06
41849.99999999999	7.92932e-06
41860.0	7.62845e-06
41870.0	7.32811e-06
41880.0	6.97039e-06
41890.0	6.55579e-06
41900.00000000001	6.14192e-06
41910.0	5.56486e-06
41920.0	4.95073e-06
41929.99999999999	4.39872e-06
41940.0	4.08671e-06
41950.0	3.77578e-06
41960.0	3.72206e-06
41970.0	3.92357e-06
41980.00000000001	4.12422e-06
41990.0	3.92836e-06
42000.0	3.68933e-06
42009.99999999999	3.48309e-06
42020.0	3.40508e-06
42030.0	3.32736e-06
42040.0	3.44654e-06
42050.0	3.69604e-06
42060.00000000001	3.94447e-06
42070.0	4.48409e-06
42080.0	5.05415e-06
42089.99999999999	5.50479e-06
42100.0	5.48848e-06
42110.0	5.47219e-06
42120.0	5.72317e-06
42130.0	6.15089e-06
42140.00000000001	6.57695e-06
42150.0	6.80528e-06
42160.0	7.01097e-06
42170.0	7.1258e-06
42180.0	7.03065e-06
42190.0	6.93585e-06
42200.0	6.74046e-06
42210.0	6.47857e-06
42220.00000000001	6.21787e-06
42230.0	5.84906e-06
42240.0	5.48179e-06
42250.0	5.08815e-06
42260.0	4.63118e-06
42270.0	4.17593e-06
42280.0	3.62034e-06
42290.0	3.02342e-06
42300.00000000001	2.42908e-06
42310.0	1.96193e-06
42320.0	1.49681e-06
42330.0	1.21228e-06
42340.0	1.19663e-06
42350.0	1.18105e-06
42360.0	1.60309e-06
42370.0	2.20988e-06
42380.00000000001	2.79759e-06
42390.0	3.23614e-06
42400.0	3.6727e-06
42410.0	3.69975e-06
42420.0	3.1165e-06
42430.0	2.53585e-06
42440.0	1.87181e-06
42450.0	1.174e-06
42460.00000000001	5.2862e-07
42470.0	3.2776e-07
42480.0	1.27909e-07
42490.0	0.0
42500.0	0.0
42510.0	0.0
42520.0	0.0
42530.0	0.0
42539.99999999999	8.86596e-08
42550.0	9.02394e-07
42560.0	1.71233e-06
42570.0	2.22637e-06
42580.0	2.44683e-06
42590.0	2.66624e-06
42600.0	2.99471e-06
42610.0	3.3489e-06
42619.99999999999	3.73404e-06
42630.0	4.24745e-06
42640.0	4.75837e-06
42650.0	5.17855e-06
42660.0	5.50854e-06
42670.0	5.83704e-06
42680.0	5.67674e-06
42690.0	5.46306e-06
42699.99999999999	5.11559e-06
42710.0	4.20971e-06
42720.0	3.31759e-06
42730.0	2.6189e-06
42740.0	2.04966e-06
42750.0	1.4896e-06
42760.0	1.22256e-06
42770.0	9.91082e-07
42779.99999999999	8.51554e-07
42790.0	1.06365e-06
42800.0	1.27212e-06
42810.0	1.25894e-06
42820.0	1.10207e-06
42830.0	9.47738e-07
42840.0	8.53268e-07
42850.0	7.66647e-07
42859.99999999999	7.65566e-07
42870.0	9.59482e-07
42880.0	1.14965e-06
42890.0	1.41406e-06
42900.0	1.72474e-06
42910.00000000001	2.02936e-06
42920.0	2.22836e-06
42930.0	2.4233e-06
42939.99999999999	2.56131e-06
42950.0	2.57447e-06
42960.0	2.58688e-06
42970.0	2.4871e-06
42980.0	2.34153e-06
42990.00000000001	2.19841e-06
43000.0	2.3062e-06
43010.0	2.36092e-06
43019.99999999999	2.33297e-06
43030.0	2.1937e-06
43040.0	2.05868e-06
43050.0	1.8854e-06
43060.0	1.70185e-06
43070.00000000001	1.53091e-06
43080.0	1.40138e-06
43090.0	1.27752e-06
43099.99999999999	1.22798e-06
43110.0	1.2681e-06
43120.0	1.29718e-06
43130.0	1.25857e-06
43140.0	1.19297e-06
43150.00000000001	1.12428e-06
43160.0	1.03953e-06
43170.0	9.55939e-07
43179.99999999999	9.08724e-07
43190.0	9.04966e-07
43200.0	8.87156e-07
43210.0	8.73975e-07
43220.0	8.46256e-07
43230.00000000001	8.203e-07
43240.0	8.07176e-07
43250.0	7.9365e-07
43259.99999999999	7.86457e-07
43270.0	7.85047e-07
43280.0	7.82495e-07
43290.0	7.69751e-07
43300.0	7.54209e-07
43310.00000000001	7.41034e-07
43320.0	7.38166e-07
43330.0	7.33929e-07
43339.99999999999	7.15152e-07
43350.0	6.83239e-07
43360.0	6.51816e-07
43370.0	5.88156e-07
43380.0	5.24067e-07
43390.00000000001	4.53684e-07
43400.0	3.50732e-07
43410.0	2.5525e-07
43420.0	2.27994e-07
43430.0	2.40697e-07
43440.0	2.50932e-07
43450.0	2.81333e-07
43460.0	3.09045e-07
43470.00000000001	3.19909e-07
43480.0	3.01874e-07
43490.0	2.83452e-07
43500.0	2.62084e-07
43510.0	2.60085e-07
43520.0	2.58087e-07
43530.0	2.63324e-07
43540.0	2.69357e-07
43550.00000000001	2.746e-07
43560.0	2.78006e-07
43570.0	2.8141e-07
43580.0	2.69411e-07
43590.0	2.47149e-07
43600.0	2.24919e-07
43610.0	1.87455e-07
43620.0	1.50029e-07
43630.00000000001	1.17974e-07
43640.0	9.83943e-08
43650.0	7.88343e-08
43660.0	6.84229e-08
43670.0	6.19359e-08
43680.0	5.54554e-08
43690.0	8.47457e-08
43700.0	1.14007e-07
43710.00000000001	1.40245e-07
43720.0	1.61888e-07
43730.0	1.83521e-07
43740.0	2.00452e-07
43750.0	2.15373e-07
43760.0	2.31533e-07
43770.0	2.58824e-07
43780.0	2.86115e-07
43789.99999999999	3.04793e-07
43800.0	3.10522e-07
43810.0	3.16252e-07
43820.0	3.06972e-07
43830.0	2.93933e-07
43840.0	2.80053e-07
43850.0	2.58602e-07
43860.0	2.37162e-07
43869.99999999999	2.22223e-07
43880.0	2.17031e-07
43890.0	2.1184e-07
43900.0	2.25935e-07
43910.0	2.44861e-07
43920.0	2.65243e-07
43930.0	2.98629e-07
43940.0	3.32015e-07
43949.99999999999	3.62908e-07
43960.0	3.9131e-07
43970.0	4.19711e-07
43980.0	4.22755e-07
43990.0	4.19445e-07
44000.0	4.15969e-07
44010.0	4.11822e-07
44020.0	4.07675e-07
44029.99999999999	4.01909e-07
44040.0	3.94524e-07
44050.0	3.87136e-07
44060.0	3.45419e-07
44070.0	2.99901e-07
44080.0	2.53426e-07
44090.0	2.03125e-07
44100.0	1.52825e-07
44109.99999999999	1.12818e-07
44120.0	7.96606e-08
44130.0	4.65189e-08
44140.0	3.04285e-08
44150.0	1.62357e-08
44160.00000000001	0.0
44170.0	1.8529e-08
44180.0	2.79407e-08
44189.99999999999	5.26648e-08
44200.0	8.75839e-08
44210.0	1.22503e-07
44220.0	1.40638e-07
44230.0	1.56905e-07
44240.00000000001	1.60901e-07
44250.0	1.36181e-07
44260.0	1.11474e-07
44269.99999999999	1.06056e-07
44280.0	1.13478e-07
44290.0	1.209e-07
44300.0	1.53042e-07
44310.0	1.85199e-07
44320.00000000001	2.08219e-07
44330.0	2.0995e-07
44340.0	2.11681e-07
44349.99999999999	2.09892e-07
44360.0	2.06596e-07
44370.0	2.033e-07
44380.0	2.01492e-07
44390.0	1.99684e-07
44400.00000000001	2.00793e-07
44410.0	2.06274e-07
44420.0	2.11756e-07
44429.99999999999	1.96924e-07
44440.0	1.73389e-07
44450.0	1.50672e-07
44460.0	1.35413e-07
44470.0	1.20154e-07
44480.00000000001	1.07769e-07
44490.0	9.96932e-08
44500.0	9.16175e-08
44509.99999999999	1.12435e-07
44520.0	1.40471e-07
44530.0	1.68635e-07
44540.0	1.97938e-07
44550.0	2.27241e-07
44560.00000000001	2.48822e-07
44570.0	2.62674e-07
44580.0	2.76532e-07
44589.99999999999	2.622e-07
44600.0	2.4083e-07
44610.0	2.21103e-07
44620.0	2.16142e-07
44630.0	2.11182e-07
44640.00000000001	2.10256e-07
44650.0	2.13367e-07
44660.0	2.16477e-07
44670.0	2.23376e-07
44680.0	2.31224e-07
44690.0	2.38879e-07
44700.0	2.45767e-07
44710.0	2.52658e-07
44720.00000000001	2.55042e-07
44730.0	2.52927e-07
44740.0	2.50812e-07
44750.0	2.3397e-07
44760.0	2.15488e-07
44770.0	2.04182e-07
44780.0	2.21567e-07
44790.0	2.38953e-07
44800.00000000001	2.6184e-07
44810.0	2.88391e-07
44820.0	3.14941e-07
44830.0	3.46391e-07
44840.0	3.78402e-07
44850.0	3.93279e-07
44860.0	3.68205e-07
44870.0	3.43132e-07
44880.00000000001	3.26847e-07
44890.0	3.16423e-07
44900.0	3.06e-07
44910.0	3.11854e-07
44920.0	3.17704e-07
44930.0	3.17923e-07
44940.0	3.04997e-07
44950.0	2.92071e-07
44960.00000000001	2.76196e-07
44970.0	2.58344e-07
44980.0	2.405e-07
44990.0	2.15463e-07
45000.0	1.90427e-07
45010.0	1.56852e-07
45020.0	1.0335e-07
45030.0	4.9848e-08
45039.99999999999	2.56029e-08
45050.0	1.39014e-08
45060.0	0.0
45070.0	0.0
45080.0	0.0
45090.0	0.0
45100.0	0.0
45110.0	1.54919e-08
45119.99999999999	4.40969e-08
45130.0	8.22066e-08
45140.0	1.18603e-07
45150.0	1.39599e-07
45160.0	1.60594e-07
45170.0	1.81078e-07
45180.0	2.00767e-07
45190.0	2.20456e-07
45199.99999999999	2.31273e-07
45210.0	2.39867e-07
45220.0	2.48101e-07
45230.0	2.531e-07
45240.0	2.58102e-07
45250.0	2.69473e-07
45260.0	2.8721e-07
45270.0	3.04947e-07
45279.99999999999	2.86523e-07
45290.0	2.59042e-07
45300.0	2.30159e-07
45310.0	1.88812e-07
45320.0	1.47464e-07
45330.0	1.10555e-07
45340.0	7.80795e-08
45350.0	4.56043e-08
45359.99999999999	4.56825e-08
45370.0	5.39175e-08
45380.0	6.66261e-08
45390.0	9.72127e-08
45400.0	1.27799e-07
45410.00000000001	1.47098e-07
45420.0	1.55099e-07
45430.0	1.63103e-07
45439.99999999999	1.72136e-07
45450.0	1.81284e-07
45460.0	1.89609e-07
45470.0	1.94647e-07
45480.0	1.99684e-07
45490.00000000001	1.93747e-07
45500.0	1.80484e-07
45510.0	1.67228e-07
45519.99999999999	1.68738e-07
45530.0	1.71892e-07
45540.0	1.76711e-07
45550.0	1.85414e-07
45560.0	1.94122e-07
45570.00000000001	2.00371e-07
45580.0	2.04985e-07
45590.0	2.096e-07
45599.99999999999	2.07008e-07
45610.0	2.04416e-07
45620.0	2.01125e-07
45630.0	1.96196e-07
45640.0	1.91269e-07
45650.00000000001	1.87268e-07
45660.0	1.83884e-07
45670.0	1.805e-07
45679.99999999999	1.80241e-07
45690.0	1.79982e-07
45700.0	1.81346e-07
45710.0	1.865e-07
45720.0	1.91654e-07
45730.00000000001	2.1586e-07
45740.0	2.4823e-07
45750.0	2.806e-07
45759.99999999999	2.97606e-07
45770.0	3.14603e-07
45780.0	3.24148e-07
45790.0	3.22518e-07
45800.0	3.20889e-07
45810.00000000001	3.02013e-07
45820.0	2.75748e-07
45830.0	2.48966e-07
45839.99999999999	2.1767e-07
45850.0	1.86374e-07
45860.0	1.57353e-07
45870.0	1.31741e-07
45880.0	1.0613e-07
45890.00000000001	9.73251e-08
45900.0	9.27326e-08
45910.0	8.89427e-08
45920.0	9.23653e-08
45930.0	9.57879e-08
45940.0	1.03867e-07
45950.0	1.16608e-07
45960.0	1.29354e-07
45970.00000000001	1.50059e-07
45980.0	1.72752e-07
45990.0	1.93496e-07
46000.0	2.06456e-07
46010.0	2.19417e-07
46020.0	2.22844e-07
46030.0	2.16734e-07
46040.0	2.10624e-07
46050.00000000001	2.03185e-07
46060.0	1.95415e-07
46070.0	1.90646e-07
46080.0	1.97867e-07
46090.0	2.05091e-07
46100.0	2.30919e-07
46110.0	2.75335e-07
46120.0	3.19752e-07
46130.00000000001	3.22834e-07
46140.0	3.21315e-07
46150.0	3.18209e-07
46160.0	3.08743e-07
46170.0	2.99281e-07
46180.0	2.95033e-07
46190.0	2.94255e-07
46200.0	2.93478e-07
46210.00000000001	3.02363e-07
46220.0	3.12328e-07
46230.0	3.24244e-07
46240.0	3.40725e-07
46250.0	3.57206e-07
46260.0	3.80736e-07
46270.0	4.08968e-07
46280.0	4.372e-07
46289.99999999999	4.52167e-07
46300.0	4.67127e-07
46310.0	4.77438e-07
46320.0	4.769e-07
46330.0	4.76362e-07
46340.0	4.26299e-07
46350.0	3.54982e-07
46360.0	2.837e-07
46369.99999999999	2.57219e-07
46380.0	2.30738e-07
46390.0	2.10735e-07
46400.0	2.0585e-07
46410.0	2.00965e-07
46420.0	2.13793e-07
46430.0	2.34197e-07
46440.0	2.546e-07
46449.99999999999	2.75597e-07
46460.0	2.96594e-07
46470.0	3.1256e-07
46480.0	3.20969e-07
46490.0	3.29382e-07
46500.0	3.2495e-07
46510.0	3.15028e-07
46520.0	3.04902e-07
46529.99999999999	2.92942e-07
46540.0	2.80981e-07
46550.0	2.70538e-07
46560.0	2.62385e-07
46570.0	2.54233e-07
46580.0	2.5497e-07
46590.0	2.57933e-07
46600.0	2.6157e-07
46609.99999999999	2.71261e-07
46620.0	2.80957e-07
46630.0	2.91153e-07
46640.0	3.01855e-07
46650.0	3.12557e-07
46660.00000000001	3.18699e-07
46670.0	3.23699e-07
46680.0	3.27262e-07
46689.99999999999	3.25077e-07
46700.0	3.22892e-07
46710.0	3.0787e-07
46720.0	2.80024e-07
46730.0	2.52177e-07
46740.00000000001	2.21777e-07
46750.0	1.90723e-07
46760.0	1.60211e-07
46769.99999999999	1.3181e-07
46780.0	1.03408e-07
46790.0	7.27649e-08
46800.0	3.98791e-08
46810.0	0.0
46820.00000000001	0.0
46830.0	0.0
46840.0	0.0
46849.99999999999	0.0
46860.0	0.0
46870.0	1.99177e-08
46880.0	4.12941e-08
46890.0	6.26603e-08
46900.00000000001	9.595e-08
46910.0	1.30567e-07
46920.0	1.56089e-07
46929.99999999999	1.60385e-07
46940.0	1.64681e-07
46950.0	1.70048e-07
46960.0	1.76124e-07
46970.0	1.822e-07
46980.00000000001	1.99604e-07
46990.0	2.17008e-07
47000.0	2.34983e-07
47009.99999999999	2.54305e-07
47020.0	2.73617e-07
47030.0	2.95094e-07
47040.0	3.17497e-07
47050.0	3.399e-07
47060.00000000001	3.77744e-07
47070.0	4.15589e-07
47080.0	4.45907e-07
47089.99999999999	4.586e-07
47100.0	4.71293e-07
47110.0	4.62551e-07
47120.0	4.44626e-07
47130.0	4.267e-07
47140.00000000001	4.02731e-07
47150.0	3.78773e-07
47160.0	3.58028e-07
47170.0	3.42103e-07
47180.0	3.26177e-07
47190.0	3.18681e-07
47200.0	3.14797e-07
47210.0	3.10554e-07
47220.00000000001	3.0311e-07
47230.0	2.95666e-07
47240.0	2.87384e-07
47250.0	2.77847e-07
47260.0	2.6831e-07
47270.0	2.5333e-07
47280.0	2.36997e-07
47290.0	2.21557e-07
47300.00000000001	2.14135e-07
47310.0	2.06713e-07
47320.0	2.04259e-07
47330.0	2.06777e-07
47340.0	2.09297e-07
47350.0	2.14694e-07
47360.0	2.20809e-07
47370.0	2.2596e-07
47380.00000000001	2.27256e-07
47390.0	2.28552e-07
47400.0	2.16496e-07
47410.0	1.91065e-07
47420.0	1.65646e-07
47430.0	1.712e-07
47440.0	1.80201e-07
47450.0	1.98006e-07
47460.00000000001	2.50958e-07
47470.0	3.03936e-07
47480.0	3.4679e-07
47490.0	3.79554e-07
47500.0	4.12319e-07
47510.0	4.33097e-07
47520.0	4.52541e-07
47530.0	4.65103e-07
47539.99999999999	4.50095e-07
47550.0	4.35094e-07
47560.0	4.18718e-07
47570.0	4.01425e-07
47580.0	3.84132e-07
47590.0	3.65859e-07
47600.0	3.47468e-07
47610.0	3.35233e-07
47619.99999999999	3.37344e-07
47630.0	3.39455e-07
47640.0	3.43876e-07
47650.0	3.49838e-07
47660.0	3.558e-07
47670.0	3.6847e-07
47680.0	3.81134e-07
47690.0	3.85743e-07
47699.99999999999	3.7155e-07
47710.0	3.57357e-07
47720.0	3.36872e-07
47730.0	3.13692e-07
47740.0	2.905e-07
47750.0	3.20424e-07
47760.0	3.50348e-07
47770.0	3.75279e-07
47779.99999999999	3.92723e-07
47790.0	4.10168e-07
47800.0	4.05257e-07
47810.0	3.90779e-07
47820.0	3.763e-07
47830.0	3.48189e-07
47840.0	3.20077e-07
47850.0	2.92867e-07
47859.99999999999	2.67012e-07
47870.0	2.41143e-07
47880.0	2.37225e-07
47890.0	2.42686e-07
47900.0	2.48301e-07
47910.00000000001	2.553e-07
47920.0	2.62298e-07
47930.0	2.70839e-07
47939.99999999999	2.81683e-07
47950.0	2.92528e-07
47960.0	3.07971e-07
47970.0	3.24567e-07
47980.0	3.41722e-07
47990.00000000001	3.63911e-07
48000.0	3.86111e-07
48010.0	3.8779e-07
48019.99999999999	3.68979e-07
48030.0	3.50168e-07
48040.0	3.41509e-07
48050.0	3.35394e-07
48060.0	3.33949e-07
48070.00000000001	3.51171e-07
48080.0	3.68393e-07
48090.0	3.87484e-07
48099.99999999999	4.08443e-07
48110.0	4.29401e-07
48120.0	4.52596e-07
48130.0	4.76051e-07
48140.0	5.00837e-07
48150.00000000001	5.30979e-07
48160.0	5.61122e-07
48170.0	5.87656e-07
48179.99999999999	6.1058e-07
48190.0	6.33504e-07
48200.0	6.28264e-07
48210.0	6.19894e-07
48220.0	6.08186e-07
48230.00000000001	5.83151e-07
48240.0	5.58116e-07
48250.0	5.29751e-07
48259.99999999999	4.9915e-07
48270.0	4.68563e-07
48280.0	4.57712e-07
48290.0	4.49058e-07
48300.0	4.40145e-07
48310.00000000001	4.30627e-07
48320.0	4.21108e-07
48330.0	4.04417e-07
48339.99999999999	3.82958e-07
48350.0	3.615e-07
48360.0	3.69239e-07
48370.0	3.76978e-07
48380.0	3.94716e-07
48390.00000000001	4.3586e-07
48400.0	4.76984e-07
48410.0	5.09923e-07
48420.0	5.39361e-07
48430.0	5.688e-07
48440.0	5.96988e-07
48450.0	6.25176e-07
48460.0	6.48487e-07
48470.00000000001	6.64449e-07
48480.0	6.80412e-07
48490.0	6.84096e-07
48500.0	6.82519e-07
48510.0	6.78386e-07
48520.0	6.51267e-07
48530.0	6.24161e-07
48540.0	5.98713e-07
48550.00000000001	5.7575e-07
48560.0	5.52788e-07
48570.0	5.31282e-07
48580.0	5.104e-07
48590.0	4.9535e-07
48600.0	5.32794e-07
48610.0	5.70237e-07
48620.0	6.06024e-07
48630.00000000001	6.39327e-07
48640.0	6.7263e-07
48650.0	6.71658e-07
48660.0	6.62098e-07
48670.0	6.53535e-07
48680.0	6.53881e-07
48690.0	6.54227e-07
48700.0	6.58935e-07
48710.00000000001	6.68009e-07
48720.0	6.77087e-07
48730.0	6.77423e-07
48740.0	6.75576e-07
48750.0	6.72817e-07
48760.0	6.66411e-07
48770.0	6.60005e-07
48780.0	6.42002e-07
48789.99999999999	6.12376e-07
48800.0	5.82765e-07
48810.0	5.65133e-07
48820.0	5.48834e-07
48830.0	5.36046e-07
48840.0	5.37277e-07
48850.0	5.38508e-07
48860.0	5.37177e-07
48869.99999999999	5.3414e-07
48880.0	5.31104e-07
48890.0	5.25801e-07
48900.0	5.20245e-07
48910.0	5.15178e-07
48920.0	5.1206e-07
48930.0	5.08945e-07
48940.0	5.08678e-07
48949.99999999999	5.10307e-07
48960.0	5.11937e-07
48970.0	5.40891e-07
48980.0	5.72887e-07
48990.0	6.0311e-07
49000.0	6.29146e-07
49010.0	6.55183e-07
49020.0	6.73837e-07
49029.99999999999	6.87569e-07
49040.0	7.013e-07
49050.0	6.98484e-07
49060.0	6.9567e-07
49070.0	6.9017e-07
49080.0	6.784e-07
49090.0	6.6663e-07
49100.0	6.68829e-07
49109.99999999999	6.77013e-07
49120.0	6.852e-07
49130.0	6.92739e-07
49140.0	7.00277e-07
49150.0	6.9954e-07
49160.00000000001	6.86392e-07
49170.0	6.73244e-07
49180.0	6.71725e-07
49189.99999999999	6.75186e-07
49200.0	6.814e-07
49210.0	7.12357e-07
49220.0	7.43314e-07
49230.0	7.63854e-07
49240.00000000001	7.68744e-07
49250.0	7.73636e-07
49260.0	7.66533e-07
49269.99999999999	7.54304e-07
49280.0	7.36462e-07
49290.0	6.68179e-07
49300.0	5.99896e-07
49310.0	5.36283e-07
49320.00000000001	4.79752e-07
49330.0	4.23222e-07
49340.0	3.96792e-07
49349.99999999999	3.779e-07
49360.0	3.59568e-07
49370.0	3.46262e-07
49380.0	3.3295e-07
49390.0	3.24114e-07
49400.00000000001	3.19745e-07
49410.0	3.15375e-07
49420.0	3.30956e-07
49429.99999999999	3.51534e-07
49440.0	3.78049e-07
49450.0	4.28369e-07
49460.0	4.78664e-07
49470.0	5.14804e-07
49480.00000000001	5.368e-07
49490.0	5.58797e-07
49500.0	5.70132e-07
49509.99999999999	5.80285e-07
49520.0	5.8364e-07
49530.0	5.59874e-07
49540.0	5.36109e-07
49550.0	5.17957e-07
49560.00000000001	5.0355e-07
49570.0	4.89143e-07
49580.0	4.96803e-07
49589.99999999999	5.06914e-07
49600.0	5.18166e-07
49610.0	5.33971e-07
49620.0	5.49776e-07
49630.0	5.70028e-07
49640.00000000001	5.93257e-07
49650.0	6.16475e-07
49660.0	6.26864e-07
49670.0	6.35826e-07
49680.0	6.41811e-07
49690.0	6.40848e-07
49700.0	6.39885e-07
49710.0	6.32643e-07
49720.00000000001	6.21221e-07
49730.0	6.098e-07
49740.0	5.99135e-07
49750.0	5.88471e-07
49760.0	5.90124e-07
49770.0	6.20607e-07
49780.0	6.51076e-07
49790.0	6.77009e-07
49800.00000000001	7.01005e-07
49810.0	7.25e-07
49820.0	7.20924e-07
49830.0	7.16847e-07
49840.0	7.11244e-07
49850.0	7.03355e-07
49860.0	6.95466e-07
49870.0	6.83972e-07
49880.00000000001	6.70933e-07
49890.0	6.56986e-07
49900.0	6.34879e-07
49910.0	6.12762e-07
49920.0	5.88961e-07
49930.0	5.62618e-07
49940.0	5.36276e-07
49950.0	5.13377e-07
49960.00000000001	4.9134e-07
49970.0	4.69549e-07
49980.0	4.50068e-07
49990.0	4.30587e-07
50000.0	4.28147e-07
50010.0	4.51259e-07
50020.0	4.74371e-07
50030.0	4.98607e-07
50039.99999999999	5.23137e-07
50050.0	5.47584e-07
50060.0	5.71388e-07
50070.0	5.95192e-07
50080.0	6.1654e-07
50090.0	6.35428e-07
50100.0	6.54326e-07
50110.0	6.64933e-07
50119.99999999999	6.73471e-07
50130.0	6.80589e-07
50140.0	6.82033e-07
50150.0	6.83478e-07
50160.0	6.81836e-07
50170.0	6.77104e-07
50180.0	6.72374e-07
50190.0	6.76867e-07
50199.99999999999	6.82386e-07
50210.0	6.88887e-07
50220.0	6.99309e-07
50230.0	7.0973e-07
50240.0	6.9587e-07
50250.0	6.65839e-07
50260.0	6.35807e-07
50270.0	6.04666e-07
50279.99999999999	5.73402e-07
50290.0	5.53175e-07
50300.0	5.58771e-07
50310.0	5.64365e-07
50320.0	5.72091e-07
50330.0	5.81238e-07
50340.0	5.90384e-07
50350.0	6.14416e-07
50359.99999999999	6.40105e-07
50370.0	6.62433e-07
50380.0	6.76877e-07
50390.0	6.91321e-07
50400.0	6.91954e-07
50410.00000000001	6.83377e-07
50420.0	6.748e-07
50430.0	6.77023e-07
50439.99999999999	6.79245e-07
50450.0	6.84792e-07
50460.0	6.981e-07
50470.0	7.11408e-07
50480.0	7.12911e-07
50490.00000000001	7.09357e-07
50500.0	7.058e-07
50510.0	6.93453e-07
50519.99999999999	6.81107e-07
50530.0	6.7413e-07
50540.0	6.75204e-07
50550.0	6.76278e-07
50560.0	6.79725e-07
50570.00000000001	6.84186e-07
50580.0	6.86828e-07
50590.0	6.73127e-07
50599.99999999999	6.59426e-07
50610.0	6.46235e-07
50620.0	6.33812e-07
50630.0	6.21382e-07
50640.0	6.27969e-07
50650.00000000001	6.39302e-07
50660.0	6.51072e-07
50670.0	6.66773e-07
50679.99999999999	6.82474e-07
50690.0	7.05208e-07
50700.0	7.38527e-07
50710.0	7.7183e-07
50720.0	7.90794e-07
50730.00000000001	8.06167e-07
50740.0	8.17843e-07
50750.0	7.96308e-07
50759.99999999999	7.74762e-07
50770.0	7.55794e-07
50780.0	7.3939e-07
50790.0	7.22986e-07
50800.0	7.09396e-07
50810.00000000001	6.96511e-07
50820.0	6.87073e-07
50830.0	6.91446e-07
50839.99999999999	6.95816e-07
50850.0	7.0633e-07
50860.0	7.22981e-07
50870.0	7.39632e-07
50880.0	7.69662e-07
50890.00000000001	8.01195e-07
50900.0	8.3505e-07
50910.0	8.78235e-07
50920.0	9.21422e-07
50930.0	9.43033e-07
50940.0	9.50255e-07
50950.0	9.57477e-07
50960.0	9.58165e-07
50970.00000000001	9.58127e-07
50980.0	9.52023e-07
50990.0	9.31764e-07
51000.0	9.11506e-07
51010.0	8.91626e-07
51020.0	8.71991e-07
51030.0	8.52365e-07
51040.0	8.38736e-07
51050.00000000001	8.25774e-07
51060.0	8.14723e-07
51070.0	8.0813e-07
51080.0	8.01538e-07
51090.0	8.12684e-07
51100.0	8.35642e-07
51110.0	8.586e-07
51120.0	8.83225e-07
51130.00000000001	9.0785e-07
51140.0	9.34121e-07
51150.0	9.64243e-07
51160.0	9.94379e-07
51170.0	1.01523e-06
51180.0	1.03211e-06
51190.0	1.049e-06
51200.0	1.04108e-06
51210.00000000001	1.03316e-06
51220.0	1.02382e-06
51230.0	1.01238e-06
51240.0	1.00093e-06
51250.0	9.86191e-07
51260.0	9.70037e-07
51270.0	9.52989e-07
51280.0	9.2792e-07
51289.99999999999	9.02839e-07
51300.0	8.74983e-07
51310.0	8.4295e-07
51320.0	8.10916e-07
51330.0	7.96414e-07
51340.0	7.86303e-07
51350.0	7.77265e-07
51360.0	7.77919e-07
51369.99999999999	7.78573e-07
51380.0	7.74547e-07
51390.0	7.65845e-07
51400.0	7.57143e-07
51410.0	7.45892e-07
51420.0	7.33998e-07
51430.0	7.2449e-07
51440.0	7.36373e-07
51449.99999999999	7.48256e-07
51460.0	7.63325e-07
51470.0	7.81584e-07
51480.0	7.99843e-07
51490.0	8.29384e-07
51500.0	8.61731e-07
51510.0	8.94868e-07
51520.0	9.31157e-07
51529.99999999999	9.67447e-07
51540.0	9.84985e-07
51550.0	9.83754e-07
51560.0	9.82523e-07
51570.0	9.79533e-07
51580.0	9.76348e-07
51590.0	9.78521e-07
51600.0	1.00209e-06
51609.99999999999	1.02567e-06
51620.0	1.04842e-06
51630.0	1.0706e-06
51640.0	1.09278e-06
51650.0	1.09448e-06
51660.00000000001	1.0939e-06
51670.0	1.09326e-06
51680.0	1.09244e-06
51689.99999999999	1.09163e-06
51700.0	1.08975e-06
51710.0	1.08718e-06
51720.0	1.0846e-06
51730.0	1.08016e-06
51740.00000000001	1.07571e-06
51750.0	1.06886e-06
51760.0	1.05637e-06
51769.99999999999	1.04389e-06
51780.0	1.03013e-06
51790.0	1.01552e-06
51800.0	1.0009e-06
51810.0	9.81302e-07
51820.00000000001	9.61713e-07
51830.0	9.42105e-07
51840.0	9.2245e-07
51849.99999999999	9.02795e-07
51860.0	8.83809e-07
51870.0	8.65109e-07
51880.0	8.464e-07
51890.0	8.36823e-07
51900.00000000001	8.27245e-07
51910.0	8.24597e-07
51920.0	8.32337e-07
51929.99999999999	8.40078e-07
51940.0	8.54218e-07
51950.0	8.71108e-07
51960.0	8.89511e-07
51970.0	9.21579e-07
51980.00000000001	9.53647e-07
51990.0	9.77281e-07
52000.0	9.88243e-07
52009.99999999999	9.9921e-07
52020.0	9.835e-07
52030.0	9.6113e-07
52040.0	9.39537e-07
52050.0	9.24923e-07
52060.00000000001	9.1031e-07
52070.0	9.00502e-07
52080.0	8.955e-07
52089.99999999999	8.90501e-07
52100.0	8.90596e-07
52110.0	8.91967e-07
52120.0	8.94086e-07
52130.0	9.02931e-07
52140.00000000001	9.1178e-07
52150.0	9.21572e-07
52160.0	9.32311e-07
52170.0	9.43049e-07
52180.0	9.56089e-07
52190.0	9.69705e-07
52200.0	9.81577e-07
52210.0	9.86468e-07
52220.00000000001	9.91357e-07
52230.0	9.92261e-07
52240.0	9.89185e-07
52250.0	9.86108e-07
52260.0	9.79334e-07
52270.0	9.72146e-07
52280.0	9.64205e-07
52290.0	9.53245e-07
52300.00000000001	9.42285e-07
52310.0	9.35923e-07
52320.0	9.32626e-07
52330.0	9.2933e-07
52340.0	9.31285e-07
52350.0	9.33823e-07
52360.0	9.32645e-07
52370.0	9.22793e-07
52380.00000000001	9.12942e-07
52390.0	8.9728e-07
52400.0	8.77745e-07
52410.0	8.582e-07
52420.0	8.52533e-07
52430.0	8.46867e-07
52440.0	8.44146e-07
52450.0	8.483e-07
52460.00000000001	8.52454e-07
52470.0	8.51703e-07
52480.0	8.48851e-07
52490.0	8.46e-07
52500.0	8.37927e-07
52510.0	8.29855e-07
52520.0	8.25283e-07
52530.0	8.28899e-07
52539.99999999999	8.32517e-07
52550.0	8.42549e-07
52560.0	8.55325e-07
52570.0	8.681e-07
52580.0	8.85059e-07
52590.0	9.02018e-07
52600.0	9.20098e-07
52610.0	9.39838e-07
52619.99999999999	9.59579e-07
52630.0	9.61919e-07
52640.0	9.56803e-07
52650.0	9.49682e-07
52660.0	9.24539e-07
52670.0	8.99384e-07
52680.0	8.72007e-07
52690.0	8.4128e-07
52699.99999999999	8.10554e-07
52710.0	7.7881e-07
52720.0	7.4681e-07
52730.0	7.16735e-07
52740.0	7.04036e-07
52750.0	6.91343e-07
52760.0	6.87315e-07
52770.0	6.91944e-07
52779.99999999999	6.96573e-07
52790.0	7.11865e-07
52800.0	7.29835e-07
52810.0	7.50956e-07
52820.0	7.84691e-07
52830.0	8.18425e-07
52840.0	8.48423e-07
52850.0	8.74682e-07
52859.99999999999	9.00941e-07
52870.0	9.1768e-07
52880.0	9.32027e-07
52890.0	9.47438e-07
52900.0	9.67101e-07
52910.00000000001	9.86764e-07
52920.0	1.01146e-06
52930.0	1.0412e-06
52939.99999999999	1.07092e-06
52950.0	1.0902e-06
52960.0	1.10831e-06
52970.0	1.12248e-06
52980.0	1.12086e-06
52990.00000000001	1.11925e-06
53000.0	1.1154e-06
53010.0	1.11007e-06
53019.99999999999	1.10473e-06
53030.0	1.09275e-06
53040.0	1.08002e-06
53050.0	1.06869e-06
53060.0	1.06065e-06
53070.00000000001	1.05261e-06
53080.0	1.05012e-06
53090.0	1.05131e-06
53099.99999999999	1.0525e-06
53110.0	1.04924e-06
53120.0	1.04598e-06
53130.0	1.03872e-06
53140.0	1.0221e-06
53150.00000000001	1.00548e-06
53160.0	9.90259e-07
53170.0	9.75629e-07
53179.99999999999	9.61e-07
53190.0	9.49484e-07
53200.0	9.37962e-07
53210.0	9.26923e-07
53220.0	9.17e-07
53230.00000000001	9.07077e-07
53240.0	9.04307e-07
53250.0	9.04604e-07
53259.99999999999	9.049e-07
53270.0	9.07169e-07
53280.0	9.09439e-07
53290.0	9.21099e-07
53300.0	9.46839e-07
53310.00000000001	9.72579e-07
53320.0	1.00017e-06
53330.0	1.02856e-06
53339.99999999999	1.05468e-06
53350.0	1.0605e-06
53360.0	1.06631e-06
53370.0	1.07224e-06
53380.0	1.07836e-06
53390.00000000001	1.08448e-06
53400.0	1.09625e-06
53410.0	1.10944e-06
53420.0	1.12277e-06
53430.0	1.13742e-06
53440.0	1.15207e-06
53450.0	1.16158e-06
53460.0	1.16596e-06
53470.00000000001	1.17032e-06
53480.0	1.17357e-06
53490.0	1.17653e-06
53500.0	1.17728e-06
53510.0	1.16917e-06
53520.0	1.16105e-06
53530.0	1.15161e-06
53540.0	1.14083e-06
53550.00000000001	1.13006e-06
53560.0	1.12446e-06
53570.0	1.12015e-06
53580.0	1.11641e-06
53590.0	1.11497e-06
53600.0	1.11352e-06
53610.0	1.11099e-06
53620.0	1.10738e-06
53630.00000000001	1.10376e-06
53640.0	1.0992e-06
53650.0	1.09453e-06
53660.0	1.09224e-06
53670.0	1.09943e-06
53680.0	1.10662e-06
53690.0	1.12016e-06
53700.0	1.13794e-06
53710.00000000001	1.15572e-06
53720.0	1.16623e-06
53730.0	1.17592e-06
53740.0	1.18192e-06
53750.0	1.17933e-06
53760.0	1.17674e-06
53770.0	1.17757e-06
53780.0	1.18068e-06
53789.99999999999	1.1838e-06
53800.0	1.19847e-06
53810.0	1.21313e-06
53820.0	1.22643e-06
53830.0	1.23655e-06
53840.0	1.24667e-06
53850.0	1.24389e-06
53860.0	1.23559e-06
53869.99999999999	1.2273e-06
53880.0	1.21703e-06
53890.0	1.20676e-06
53900.0	1.19167e-06
53910.0	1.16934e-06
53920.0	1.14699e-06
53930.0	1.12554e-06
53940.0	1.10447e-06
53949.99999999999	1.0834e-06
53960.0	1.0949e-06
53970.0	1.1064e-06
53980.0	1.11783e-06
53990.0	1.12917e-06
54000.0	1.1405e-06
54010.0	1.15672e-06
54020.0	1.17503e-06
54029.99999999999	1.19342e-06
54040.0	1.21256e-06
54050.0	1.23172e-06
54060.0	1.24905e-06
54070.0	1.26366e-06
54080.0	1.27827e-06
54090.0	1.29127e-06
54100.0	1.30386e-06
54109.99999999999	1.3127e-06
54120.0	1.28765e-06
54130.0	1.26261e-06
54140.0	1.22928e-06
54150.0	1.18766e-06
54160.00000000001	1.14604e-06
54170.0	1.11875e-06
54180.0	1.09505e-06
54189.99999999999	1.07464e-06
54200.0	1.06734e-06
54210.0	1.06005e-06
54220.0	1.05367e-06
54230.0	1.04821e-06
54240.00000000001	1.04275e-06
54250.0	1.0403e-06
54260.0	1.03819e-06
54269.99999999999	1.03599e-06
54280.0	1.03343e-06
54290.0	1.03088e-06
54300.0	1.02747e-06
54310.0	1.0232e-06
54320.00000000001	1.01893e-06
54330.0	1.01667e-06
54340.0	1.01463e-06
54349.99999999999	1.01697e-06
54360.0	1.03677e-06
54370.0	1.05658e-06
54380.0	1.07651e-06
54390.0	1.0965e-06
54400.00000000001	1.1165e-06
54410.0	1.12328e-06
54420.0	1.12858e-06
54429.99999999999	1.13354e-06
54440.0	1.13769e-06
54450.0	1.14184e-06
54460.0	1.15606e-06
54470.0	1.17698e-06
54480.00000000001	1.1979e-06
54490.0	1.22367e-06
54500.0	1.24945e-06
54509.99999999999	1.2713e-06
54520.0	1.28395e-06
54530.0	1.2966e-06
54540.0	1.30289e-06
54550.0	1.30644e-06
54560.00000000001	1.31e-06
54570.0	1.30704e-06
54580.0	1.30408e-06
54589.99999999999	1.29824e-06
54600.0	1.28809e-06
54610.0	1.27794e-06
54620.0	1.2673e-06
54630.0	1.25645e-06
54640.00000000001	1.2456e-06
54650.0	1.23225e-06
54660.0	1.21891e-06
54670.0	1.20685e-06
54680.0	1.19674e-06
54690.0	1.18663e-06
54700.0	1.18831e-06
54710.0	1.19504e-06
54720.00000000001	1.20176e-06
54730.0	1.20831e-06
54740.0	1.21486e-06
54750.0	1.21688e-06
54760.0	1.21207e-06
54770.0	1.20726e-06
54780.0	1.20215e-06
54790.0	1.19697e-06
54800.00000000001	1.19055e-06
54810.0	1.17305e-06
54820.0	1.15555e-06
54830.0	1.13707e-06
54840.0	1.11758e-06
54850.0	1.0981e-06
54860.0	1.09629e-06
54870.0	1.09891e-06
54880.00000000001	1.10469e-06
54890.0	1.12309e-06
54900.0	1.14149e-06
54910.0	1.15901e-06
54920.0	1.17562e-06
54930.0	1.19224e-06
54940.0	1.20426e-06
54950.0	1.21578e-06
54960.00000000001	1.2271e-06
54970.0	1.23762e-06
54980.0	1.24814e-06
54990.0	0.0
55000.0	0.0
